# Made in Blockbench 4.12.3

o cube
v 0.5218057522282961 0.13847088818225267 -0.7225965367508632
v 0.4694828236977574 -0.1414714483947867 -1.320650346488562
v 0.5218057522282961 0.13847088818225267 -0.7225965367508632
v 0.4694828236977574 -0.1414714483947867 -1.320650346488562
v -0.520336228326201 -0.1414714483947867 -1.2340524004944888
v -0.4680132997956624 0.13847088818225256 -0.6359985907567899
v -0.520336228326201 -0.1414714483947867 -1.2340524004944888
v -0.4680132997956624 0.13847088818225256 -0.6359985907567899
vt 0 1
vt 0.5 1
vt 0.5 0.75
vt 0 0.75
vt 0 1
vt 0.0625 1
vt 0.0625 0.90625
vt 0 0.90625
vt 0 1
vt 0.09375 1
vt 0.09375 0.90625
vt 0 0.90625
vt 0 1
vt 0.5 1
vt 0.5 0.75
vt 0 0.75
vt 0 1
vt 1 1
vt 1 0.46875
vt 0 0.46875
vt 0 1
vt 0.09375 1
vt 0.09375 0.875
vt 0 0.875
vn -0.07898992833716571 -0.4226182617406997 -0.9028590122851736
vn 0.9961946980917455 0 -0.08715574274765833
vn 0.07898992833716571 0.4226182617406997 0.9028590122851736
vn -0.9961946980917455 0 0.08715574274765833
vn -0.036833608500735034 0.90630778703665 -0.4210100716628345
vn 0.036833608500735034 -0.90630778703665 0.4210100716628345
g Frond
f 4/4/1 7/3/1 5/2/1 2/1/1
f 3/8/2 4/7/2 2/6/2 1/5/2
f 8/12/3 3/11/3 1/10/3 6/9/3
f 7/16/4 8/15/4 6/14/4 5/13/4
f 6/20/5 1/19/5 2/18/5 5/17/5
f 7/24/6 4/23/6 3/22/6 8/21/6
o cube
v 0.5730345260119791 0 -0.1370489729970366
v 0.5504169686376312 0.18170901503601136 -0.39556883674653787
v 0.5730345260119791 0 -0.1370489729970366
v 0.5504169686376312 0.18170901503601136 -0.39556883674653787
v -0.439402083386327 0.18170901503601125 -0.30897089075246453
v -0.4167845260119792 0 -0.05045102700296333
v -0.439402083386327 0.18170901503601125 -0.30897089075246453
v -0.4167845260119792 0 -0.05045102700296333
vt 0 0.75
vt 0.5 0.75
vt 0.5 0.5
vt 0 0.5
vt 0 0.9375
vt 0.03125 0.9375
vt 0.03125 0.9375
vt 0 0.9375
vt 0 1
vt 0.09375 1
vt 0.09375 0.9375
vt 0 0.9375
vt 0 0.75
vt 0.5 0.75
vt 0.5 0.5
vt 0 0.5
vt 0 1
vt 1 1
vt 1 0
vt 0 0
vt 0 1
vt 0.0625 1
vt 0.0625 0.9375
vt 0 0.9375
vn -0.07139380484326985 0.5735764363510458 -0.8160349234517085
vn 0.9961946980917455 0 -0.08715574274765835
vn 0.07139380484326985 -0.5735764363510458 0.8160349234517085
vn -0.9961946980917455 0 0.08715574274765835
vn 0.049990480332730264 0.8191520442889919 0.5713938048432694
vn -0.049990480332730264 -0.8191520442889919 -0.5713938048432694
g Stem
f 12/28/7 15/27/7 13/26/7 10/25/7
f 11/32/8 12/31/8 10/30/8 9/29/8
f 16/36/9 11/35/9 9/34/9 14/33/9
f 15/40/10 16/39/10 14/38/10 13/37/10
f 14/44/11 9/43/11 10/42/11 13/41/11
f 15/48/12 12/47/12 11/46/12 16/45/12
o cube
v 0.5800671165244654 -0.10690543028161482 -0.05666609561541683
v 0.5540532405164308 0.21882369712109784 -0.35400605898479975
v 0.5800671165244654 -0.10690543028161482 -0.05666609561541683
v 0.5540532405164308 0.21882369712109784 -0.35400605898479975
v -0.4357658115075276 0.21882369712109773 -0.2674081129907265
v -0.409751935499493 -0.10690543028161494 0.029931850378656463
v -0.4357658115075276 0.21882369712109773 -0.2674081129907265
v -0.409751935499493 -0.10690543028161494 0.029931850378656463
vt 0 0.75
vt 0.5 0.75
vt 0.5 0.5
vt 0 0.5
vt 0 0.9375
vt 0.03125 0.9375
vt 0.03125 0.9375
vt 0 0.9375
vt 0 1
vt 0.09375 1
vt 0.09375 0.9375
vt 0 0.9375
vt 0 0.75
vt 0.5 0.75
vt 0.5 0.5
vt 0 0.5
vt 0 0.5
vt 1 0.5
vt 1 0
vt 0 0
vt 0 1
vt 0.0625 1
vt 0.0625 0.9375
vt 0 0.9375
vn -0.05888156633778766 0.7372773368101239 -0.6730193829094226
vn 0.9961946980917455 0 -0.08715574274765832
vn 0.05888156633778766 -0.7372773368101239 0.6730193829094226
vn -0.9961946980917455 0 0.08715574274765832
vn 0.0642579539007017 0.6755902076156606 0.7344717739534474
vn -0.0642579539007017 -0.6755902076156606 -0.7344717739534474
g Small_Frond
f 20/52/13 23/51/13 21/50/13 18/49/13
f 19/56/14 20/55/14 18/54/14 17/53/14
f 24/60/15 19/59/15 17/58/15 22/57/15
f 23/64/16 24/63/16 22/62/16 21/61/16
f 22/68/17 17/67/17 18/66/17 21/65/17
f 23/72/18 20/71/18 19/70/18 24/69/18
o cube
v 0.27134302914758246 -0.07014407647719725 -0.013507216842532588
v 0.23515978219220868 0.08096042284408315 -0.42708362202618383
v 0.27134302914758246 -0.07014407647719725 -0.013507216842532588
v 0.23515978219220868 0.08096042284408315 -0.42708362202618383
v -0.7546592698317497 0.08096042284408304 -0.34048567603211055
v -0.7184760228763759 -0.07014407647719736 0.07309072915154072
v -0.7546592698317497 0.08096042284408304 -0.34048567603211055
v -0.7184760228763759 -0.07014407647719736 0.07309072915154072
vt 0 0.75
vt 0.5 0.75
vt 0.5 0.5
vt 0 0.5
vt 0 0.9375
vt 0.03125 0.9375
vt 0.03125 0.9375
vt 0 0.9375
vt 0 1
vt 0.09375 1
vt 0.09375 0.9375
vt 0 0.9375
vt 0 0.75
vt 0.5 0.75
vt 0.5 0.5
vt 0 0.5
vt 0 0.5
vt 1 0.5
vt 1 0
vt 0 0
vt 0 1
vt 0.0625 1
vt 0.0625 0.9375
vt 0 0.9375
vn -0.0818996083190895 0.34202014332566855 -0.9361168066628591
vn 0.9961946980917455 0 -0.08715574274765836
vn 0.0818996083190895 -0.34202014332566855 0.9361168066628591
vn -0.9961946980917455 0 0.08715574274765836
vn 0.02980901962620909 0.9396926207859084 0.34071865342160995
vn -0.02980901962620909 -0.9396926207859084 -0.34071865342160995
g Small_Frond
f 28/76/19 31/75/19 29/74/19 26/73/19
f 27/80/20 28/79/20 26/78/20 25/77/20
f 32/84/21 27/83/21 25/82/21 30/81/21
f 31/88/22 32/87/22 30/86/22 29/85/22
f 30/92/23 25/91/23 26/90/23 29/89/23
f 31/96/24 28/95/24 27/94/24 32/93/24
o cube
v 0.15052748426167678 -0.08392062334970438 0.034321323970122275
v 0.11216860181505177 -0.12242603049561987 -0.4041227086702746
v 0.15052748426167678 -0.08392062334970438 0.034321323970122275
v 0.11216860181505177 -0.12242603049561987 -0.4041227086702746
v -0.8776504502089066 -0.12242603049561997 -0.31752476267620133
v -0.8392915677622816 -0.08392062334970447 0.12091926996419555
v -0.8776504502089066 -0.12242603049561997 -0.31752476267620133
v -0.8392915677622816 -0.08392062334970447 0.12091926996419555
vt 0 0.75
vt 0.5 0.75
vt 0.5 0.5
vt 0 0.5
vt 0 0.9375
vt 0.03125 0.9375
vt 0.03125 0.9375
vt 0 0.9375
vt 0 1
vt 0.09375 1
vt 0.09375 0.9375
vt 0 0.9375
vt 0 0.75
vt 0.5 0.75
vt 0.5 0.5
vt 0 0.5
vt 0 0.5
vt 1 0.5
vt 1 0
vt 0 0
vt 0 1
vt 0.0625 1
vt 0.0625 0.9375
vt 0 0.9375
vn -0.08682408883346529 -0.08715574274765832 -0.9924038765061041
vn 0.9961946980917457 0 -0.08715574274765835
vn 0.08682408883346529 0.08715574274765832 0.9924038765061041
vn -0.9961946980917457 0 0.08715574274765835
vn -0.007596123493896113 0.9961946980917457 -0.0868240888334654
vn 0.007596123493896113 -0.9961946980917457 0.0868240888334654
g Small_Frond
f 36/100/25 39/99/25 37/98/25 34/97/25
f 35/104/26 36/103/26 34/102/26 33/101/26
f 40/108/27 35/107/27 33/106/27 38/105/27
f 39/112/28 40/111/28 38/110/28 37/109/28
f 38/116/29 33/115/29 34/114/29 37/113/29
f 39/120/30 36/119/30 35/118/30 40/117/30
o cube
v 0.38890514604910503 -0.007841155426970413 -0.03602260967995411
v 0.35835675267061895 0.2611096439090823 -0.3851923437613771
v 0.38890514604910503 -0.007841155426970413 -0.03602260967995411
v 0.35835675267061895 0.2611096439090823 -0.3851923437613771
v -0.6314622993533395 0.2611096439090822 -0.29859439776730384
v -0.6009139059748534 -0.007841155426970524 0.050575336314119174
v -0.6314622993533395 0.2611096439090822 -0.29859439776730384
v -0.6009139059748534 -0.007841155426970524 0.050575336314119174
vt 0 0.75
vt 0.5 0.75
vt 0.5 0.5
vt 0 0.5
vt 0 0.9375
vt 0.03125 0.9375
vt 0.03125 0.9375
vt 0 0.9375
vt 0 1
vt 0.09375 1
vt 0.09375 0.9375
vt 0 0.9375
vt 0 0.75
vt 0.5 0.75
vt 0.5 0.5
vt 0 0.5
vt 0 0.5
vt 1 0.5
vt 1 0
vt 0 0
vt 0 1
vt 0.0625 1
vt 0.0625 0.9375
vt 0 0.9375
vn -0.0691452996344184 0.6087614290087203 -0.7903343913115051
vn 0.9961946980917455 0 -0.08715574274765835
vn 0.0691452996344184 -0.6087614290087203 0.7903343913115051
vn -0.9961946980917455 0 0.08715574274765835
vn 0.053057054501380804 0.7933533402912354 0.6064449079812418
vn -0.053057054501380804 -0.7933533402912354 -0.6064449079812418
g Small_Frond
f 44/124/31 47/123/31 45/122/31 42/121/31
f 43/128/32 44/127/32 42/126/32 41/125/32
f 48/132/33 43/131/33 41/130/33 46/129/33
f 47/136/34 48/135/34 46/134/34 45/133/34
f 46/140/35 41/139/35 42/138/35 45/137/35
f 47/144/36 44/143/36 43/142/36 48/141/36
o cube
v 0.4131368338160174 -0.06027076442358359 -0.06721310097531227
v 0.28550583093434545 -0.4038202428064118 -0.3139342451974997
v 0.4131368338160174 -0.06027076442358359 -0.06721310097531227
v 0.28550583093434545 -0.4038202428064118 -0.3139342451974997
v -0.6511755561889537 -0.2752389411994797 -0.008425181675909749
v -0.5235445533072818 0.06831053718334852 0.23829596254627766
v -0.6511755561889537 -0.2752389411994797 -0.008425181675909749
v -0.5235445533072818 0.06831053718334852 0.23829596254627766
vt 0 0.75
vt 0.5 0.75
vt 0.5 0.5
vt 0 0.5
vt 0 0.9375
vt 0.03125 0.9375
vt 0.03125 0.9375
vt 0 0.9375
vt 0 1
vt 0.09375 1
vt 0.09375 0.9375
vt 0 0.9375
vt 0 0.75
vt 0.5 0.75
vt 0.5 0.5
vt 0 0.5
vt 0 0.5
vt 1 0.5
vt 1 0
vt 0 0
vt 0 1
vt 0.0625 1
vt 0.0625 0.9375
vt 0 0.9375
vn -0.2888886439150563 -0.7776131244518518 -0.5584453241787853
vn 0.9427147615975235 -0.1294095225512602 -0.3074769157825987
vn 0.2888886439150563 0.7776131244518518 0.5584453241787853
vn -0.9427147615975235 0.1294095225512602 0.3074769157825987
vn -0.16682994240556512 0.6152812398840743 -0.7704523127122613
vn 0.16682994240556512 -0.6152812398840743 0.7704523127122613
g Small_Frond
f 52/148/37 55/147/37 53/146/37 50/145/37
f 51/152/38 52/151/38 50/150/38 49/149/38
f 56/156/39 51/155/39 49/154/39 54/153/39
f 55/160/40 56/159/40 54/158/40 53/157/40
f 54/164/41 49/163/41 50/162/41 53/161/41
f 55/168/42 52/167/42 51/166/42 56/165/42
o cube
v 0.15561909194691148 -0.15193742535099164 -0.14575354726873638
v -0.00477097416267179 -0.41068289850422346 -0.46593013419550366
v 0.15561909194691148 -0.15193742535099164 -0.14575354726873638
v -0.00477097416267179 -0.41068289850422346 -0.46593013419550366
v -0.9265955980835472 -0.25657219565370126 -0.12869102910824637
v -0.766205531973964 0.0021732774995306126 0.1914855578185209
v -0.9265955980835472 -0.25657219565370126 -0.12869102910824637
v -0.766205531973964 0.0021732774995306126 0.1914855578185209
vt 0 0.75
vt 0.5 0.75
vt 0.5 0.5
vt 0 0.5
vt 0 0.9375
vt 0.03125 0.9375
vt 0.03125 0.9375
vt 0 0.9375
vt 0 1
vt 0.09375 1
vt 0.09375 0.9375
vt 0 0.9375
vt 0 0.75
vt 0.5 0.75
vt 0.5 0.5
vt 0 0.5
vt 0 0.5
vt 1 0.5
vt 1 0
vt 0 0
vt 0 1
vt 0.0625 1
vt 0.0625 0.9375
vt 0 0.9375
vn -0.3630377231995999 -0.5856620035156901 -0.724709341165159
vn 0.9277623026578863 -0.1551033643825708 -0.3394113376482059
vn 0.3630377231995999 0.5856620035156901 0.724709341165159
vn -0.9277623026578863 0.1551033643825708 0.3394113376482059
vn -0.08637546700879611 0.7955771263650028 -0.599663501226994
vn 0.08637546700879611 -0.7955771263650028 0.599663501226994
g Small_Frond
f 60/172/43 63/171/43 61/170/43 58/169/43
f 59/176/44 60/175/44 58/174/44 57/173/44
f 64/180/45 59/179/45 57/178/45 62/177/45
f 63/184/46 64/183/46 62/182/46 61/181/46
f 62/188/47 57/187/47 58/186/47 61/185/47
f 63/192/48 60/191/48 59/190/48 64/189/48
o cube
v 0.5809990605244109 0.07090238810188737 0.0881807437026085
v 0.6569797715689215 -0.31177981027303076 -0.1191077185815004
v 0.5809990605244109 0.07090238810188737 0.0881807437026085
v 0.6569797715689215 -0.31177981027303076 -0.1191077185815004
v -0.3217009114661542 -0.4692729099559979 -0.18708568711725632
v -0.39768162251066486 -0.08659071158107981 0.020202775166852593
v -0.3217009114661542 -0.4692729099559979 -0.18708568711725632
v -0.39768162251066486 -0.08659071158107981 0.020202775166852593
vt 0 0.75
vt 0.5 0.75
vt 0.5 0.5
vt 0 0.5
vt 0 0.9375
vt 0.03125 0.9375
vt 0.03125 0.9375
vt 0 0.9375
vt 0 1
vt 0.09375 1
vt 0.09375 0.9375
vt 0 0.9375
vt 0 0.75
vt 0.5 0.75
vt 0.5 0.5
vt 0 0.5
vt 0 0.5
vt 1 0.5
vt 1 0
vt 0 0
vt 0 1
vt 0.0625 1
vt 0.0625 0.9375
vt 0 0.9375
vn 0.17197988013696383 -0.866188769522223 -0.46919072495271363
vn 0.9849845843750764 0.15850754799010386 0.06841582984677523
vn -0.17197988013696383 0.866188769522223 0.46919072495271363
vn -0.9849845843750764 -0.15850754799010386 -0.06841582984677523
vn -0.015109247881133832 0.4739117774267088 -0.8804426942423478
vn 0.015109247881133832 -0.4739117774267088 0.8804426942423478
g Small_Frond
f 68/196/49 71/195/49 69/194/49 66/193/49
f 67/200/50 68/199/50 66/198/50 65/197/50
f 72/204/51 67/203/51 65/202/51 70/201/51
f 71/208/52 72/207/52 70/206/52 69/205/52
f 70/212/53 65/211/53 66/210/53 69/209/53
f 71/216/54 68/215/54 67/214/54 72/213/54
o cube
v 0.7613858072163248 -0.08492008170706257 -0.06481878430700924
v 0.7436059888646478 0.306961304391076 -0.26804303800027096
v 0.7613858072163248 -0.08492008170706257 -0.06481878430700924
v 0.7436059888646478 0.306961304391076 -0.26804303800027096
v -0.24621306315931035 0.3069613043910759 -0.1814450920061977
v -0.2284332448076335 -0.08492008170706268 0.021779161687064022
v -0.24621306315931035 0.3069613043910759 -0.1814450920061977
v -0.2284332448076335 -0.08492008170706268 0.021779161687064022
vt 0 0.75
vt 0.5 0.75
vt 0.5 0.5
vt 0 0.5
vt 0 0.9375
vt 0.03125 0.9375
vt 0.03125 0.9375
vt 0 0.9375
vt 0 1
vt 0.09375 1
vt 0.09375 0.9375
vt 0 0.9375
vt 0 0.75
vt 0.5 0.75
vt 0.5 0.5
vt 0 0.5
vt 0 0.5
vt 1 0.5
vt 1 0
vt 0 0
vt 0 1
vt 0.0625 1
vt 0.0625 0.9375
vt 0 0.9375
vn -0.040244043349200696 0.8870108331782217 -0.4599915203559569
vn 0.9961946980917457 0 -0.08715574274765836
vn 0.040244043349200696 -0.8870108331782217 0.4599915203559569
vn -0.9961946980917457 0 0.08715574274765836
vn 0.07730808799086711 0.46174861323503386 0.8836354891620863
vn -0.07730808799086711 -0.46174861323503386 -0.8836354891620863
g Small_Frond
f 76/220/55 79/219/55 77/218/55 74/217/55
f 75/224/56 76/223/56 74/222/56 73/221/56
f 80/228/57 75/227/57 73/226/57 78/225/57
f 79/232/58 80/231/58 78/230/58 77/229/58
f 78/236/59 73/235/59 74/234/59 77/233/59
f 79/240/60 76/239/60 75/238/60 80/237/60
o cube
v 0.1532772832418163 -0.0128002504188706 -0.08258022889654958
v 0.045160684093225295 0.3925150898386709 -0.22120748429914508
v 0.1532772832418163 -0.0128002504188706 -0.08258022889654958
v 0.045160684093225295 0.3925150898386709 -0.22120748429914508
v -0.9147851433265107 0.19043005670688948 -0.06338920968063169
v -0.8066685441779198 -0.214885283550652 0.07523804572196383
v -0.9147851433265107 0.19043005670688948 -0.06338920968063169
v -0.8066685441779198 -0.214885283550652 0.07523804572196383
vt 0 0.75
vt 0.5 0.75
vt 0.5 0.5
vt 0 0.5
vt 0 0.9375
vt 0.03125 0.9375
vt 0.03125 0.9375
vt 0 0.9375
vt 0 1
vt 0.09375 1
vt 0.09375 0.9375
vt 0 0.9375
vt 0 0.75
vt 0.5 0.75
vt 0.5 0.5
vt 0 0.5
vt 0 0.5
vt 1 0.5
vt 1 0
vt 0 0
vt 0 1
vt 0.0625 1
vt 0.0625 0.9375
vt 0 0.9375
vn -0.24471842269939112 0.9174181535933484 -0.31377830557400516
vn 0.9661290533612484 0.20338670806338713 -0.15883481745019473
vn 0.24471842269939112 -0.9174181535933484 0.31377830557400516
vn -0.9661290533612484 -0.20338670806338713 0.15883481745019473
vn 0.08189960831908968 0.34202014332566744 0.9361168066628597
vn -0.08189960831908968 -0.34202014332566744 -0.9361168066628597
g Small_Frond
f 84/244/61 87/243/61 85/242/61 82/241/61
f 83/248/62 84/247/62 82/246/62 81/245/62
f 88/252/63 83/251/63 81/250/63 86/249/63
f 87/256/64 88/255/64 86/254/64 85/253/64
f 86/260/65 81/259/65 82/258/65 85/257/65
f 87/264/66 84/263/66 83/262/66 88/261/66
o cube
v 0.5569674519830481 -0.1273263903064601 0.1014311983071513
v 0.6182650803439758 0.004018741140262183 -0.3159155366777636
v 0.5569674519830481 -0.1273263903064601 0.1014311983071513
v 0.6182650803439758 0.004018741140262183 -0.3159155366777636
v -0.3652475661721093 0.07490190634547952 -0.4380605776471605
v -0.42654519453303696 -0.056443225101242764 -0.02071384266224556
v -0.3652475661721093 0.07490190634547952 -0.4380605776471605
v -0.42654519453303696 -0.056443225101242764 -0.02071384266224556
vt 0 0.75
vt 0.5 0.75
vt 0.5 0.5
vt 0 0.5
vt 0 0.9375
vt 0.03125 0.9375
vt 0.03125 0.9375
vt 0 0.9375
vt 0 1
vt 0.09375 1
vt 0.09375 0.9375
vt 0 0.9375
vt 0 0.75
vt 0.5 0.75
vt 0.5 0.5
vt 0 0.5
vt 0 0.5
vt 1 0.5
vt 1 0
vt 0 0
vt 0 1
vt 0.0625 1
vt 0.0625 0.9375
vt 0 0.9375
vn 0.13874519773863225 0.29729545370466803 -0.9446508261315414
vn 0.9898476716144177 -0.07133973953826225 0.12293180451831416
vn -0.13874519773863225 -0.29729545370466803 0.9446508261315414
vn -0.9898476716144177 0.07133973953826225 -0.12293180451831416
vn 0.030844077291822668 0.9521166182612026 0.3041752588999761
vn -0.030844077291822668 -0.9521166182612026 -0.3041752588999761
g Small_Frond
f 92/268/67 95/267/67 93/266/67 90/265/67
f 91/272/68 92/271/68 90/270/68 89/269/68
f 96/276/69 91/275/69 89/274/69 94/273/69
f 95/280/70 96/279/70 94/278/70 93/277/70
f 94/284/71 89/283/71 90/282/71 93/281/71
f 95/288/72 92/287/72 91/286/72 96/285/72
o cube
v 0.5504224917811423 0.18169350773913975 -0.395505706927331
v 0.5218034622606921 0.1384632328758586 -0.7226227112003476
v 0.5504224917811423 0.18169350773913975 -0.395505706927331
v 0.5218034622606921 0.1384632328758586 -0.7226227112003476
v -0.4680155897632663 0.1384632328758585 -0.6360247652062743
v -0.43939656024281604 0.18169350773913964 -0.30890776093325767
v -0.4680155897632663 0.1384632328758585 -0.6360247652062743
v -0.43939656024281604 0.18169350773913964 -0.30890776093325767
vt 0 0.75
vt 0.5 0.75
vt 0.5 0.5
vt 0 0.5
vt 0 0.9375
vt 0.03125 0.9375
vt 0.03125 0.9375
vt 0 0.9375
vt 0 1
vt 0.09375 1
vt 0.09375 0.9375
vt 0 0.9375
vt 0 0.75
vt 0.5 0.75
vt 0.5 0.5
vt 0 0.5
vt 0 0.5625
vt 1 0.5625
vt 1 0.28125
vt 0 0.28125
vt 0 1
vt 0.0625 1
vt 0.0625 0.9375
vt 0 0.9375
vn -0.08641011328638357 -0.1305261922200518 -0.9876721143508957
vn 0.9961946980917455 0 -0.08715574274765835
vn 0.08641011328638357 0.1305261922200518 0.9876721143508957
vn -0.9961946980917455 0 0.08715574274765835
vn -0.011376107230962338 0.9914448613738104 -0.1300295006517196
vn 0.011376107230962338 -0.9914448613738104 0.1300295006517196
g Frond
f 100/292/73 103/291/73 101/290/73 98/289/73
f 99/296/74 100/295/74 98/294/74 97/293/74
f 104/300/75 99/299/75 97/298/75 102/297/75
f 103/304/76 104/303/76 102/302/76 101/301/76
f 102/308/77 97/307/77 98/306/77 101/305/77
f 103/312/78 100/311/78 99/310/78 104/309/78
o cube
v 0.7946503496012084 -0.20094877086393503 0.034136171942383164
v 0.9003645100243529 0.11252160445736756 -0.25869155912479475
v 0.7946503496012084 -0.20094877086393503 0.034136171942383164
v 0.9003645100243529 0.11252160445736756 -0.25869155912479475
v -0.06430201936027305 0.2944081248846069 -0.4122387530812199
v -0.17001617978341751 -0.019062250436695738 -0.11941102201404197
v -0.06430201936027305 0.2944081248846069 -0.4122387530812199
v -0.17001617978341751 -0.019062250436695738 -0.11941102201404197
vt 0 0.75
vt 0.5 0.75
vt 0.5 0.5
vt 0 0.5
vt 0 0.9375
vt 0.03125 0.9375
vt 0.03125 0.9375
vt 0 0.9375
vt 0 1
vt 0.09375 1
vt 0.09375 0.9375
vt 0 0.9375
vt 0 0.75
vt 0.5 0.75
vt 0.5 0.5
vt 0 0.5
vt 0 0.5
vt 1 0.5
vt 1 0
vt 0 0
vt 0 1
vt 0.0625 1
vt 0.0625 0.9375
vt 0 0.9375
vn 0.2392805804054876 0.709530048260078 -0.6628060911434538
vn 0.9708801624241404 -0.1830580922174308 0.15453622580155515
vn -0.2392805804054876 -0.709530048260078 0.6628060911434538
vn -0.9708801624241404 0.1830580922174308 -0.15453622580155515
vn 0.011683922803905514 0.6804828032285356 0.732670895053261
vn -0.011683922803905514 -0.6804828032285356 -0.732670895053261
g Small_Frond
f 108/316/79 111/315/79 109/314/79 106/313/79
f 107/320/80 108/319/80 106/318/80 105/317/80
f 112/324/81 107/323/81 105/322/81 110/321/81
f 111/328/82 112/327/82 110/326/82 109/325/82
f 110/332/83 105/331/83 106/330/83 109/329/83
f 111/336/84 108/335/84 107/334/84 112/333/84
o cube
v 0.8405932040062545 -0.04946461879778456 -0.06135236515512387
v 0.8110963508320922 -0.3334481847572977 -0.39850293970267053
v 0.8405932040062545 -0.04946461879778456 -0.06135236515512387
v 0.8110963508320922 -0.3334481847572977 -0.39850293970267053
v -0.17872270119186595 -0.3334481847572978 -0.31190499370859726
v -0.14922584801770364 -0.049464618797784674 0.0252455808389494
v -0.17872270119186595 -0.3334481847572978 -0.31190499370859726
v -0.14922584801770364 -0.049464618797784674 0.0252455808389494
vt 0 0.75
vt 0.5 0.75
vt 0.5 0.5
vt 0 0.5
vt 0 0.9375
vt 0.03125 0.9375
vt 0.03125 0.9375
vt 0 0.9375
vt 0 1
vt 0.09375 1
vt 0.09375 0.9375
vt 0 0.9375
vt 0 0.75
vt 0.5 0.75
vt 0.5 0.5
vt 0 0.5
vt 0 0.5
vt 1 0.5
vt 1 0
vt 0 0
vt 0 1
vt 0.0625 1
vt 0.0625 0.9375
vt 0 0.9375
vn -0.06676517241775073 -0.6427876096865394 -0.7631294127377696
vn 0.9961946980917455 0 -0.08715574274765833
vn 0.06676517241775073 0.6427876096865394 0.7631294127377696
vn -0.9961946980917455 0 0.08715574274765833
vn -0.0560226315512223 0.766044443118978 -0.6403416087687969
vn 0.0560226315512223 -0.766044443118978 0.6403416087687969
g Small_Frond
f 116/340/85 119/339/85 117/338/85 114/337/85
f 115/344/86 116/343/86 114/342/86 113/341/86
f 120/348/87 115/347/87 113/346/87 118/345/87
f 119/352/88 120/351/88 118/350/88 117/349/88
f 118/356/89 113/355/89 114/354/89 117/353/89
f 119/360/90 116/359/90 115/358/90 120/357/90
o cube
v 0.6630345260119793 0.18000000000000024 -0.1370489729970365
v 0.6547317564339695 0.4821375299970384 -0.23195006353146236
v 0.6630345260119793 0.18000000000000024 -0.1370489729970365
v 0.6547317564339695 0.4821375299970384 -0.23195006353146236
v -0.33508729558998895 0.48213752999703785 -0.14535211753738939
v -0.32678452601197916 0.17999999999999974 -0.050451027002963535
v -0.33508729558998895 0.48213752999703785 -0.14535211753738939
v -0.32678452601197916 0.17999999999999974 -0.050451027002963535
vt 0 0.75
vt 0.5 0.75
vt 0.5 0.5
vt 0 0.5
vt 0 0.9375
vt 0.03125 0.9375
vt 0.03125 0.9375
vt 0 0.9375
vt 0 1
vt 0.09375 1
vt 0.09375 0.9375
vt 0 0.9375
vt 0 0.75
vt 0.5 0.75
vt 0.5 0.5
vt 0 0.5
vt 0 0.28125
vt 1 0.28125
vt 1 0
vt 0 0
vt 0 1
vt 0.0625 1
vt 0.0625 0.9375
vt 0 0.9375
vn -0.026208237304323784 0.9537169507482267 -0.2995615231515968
vn 0.9961946980917455 0 -0.08715574274765787
vn 0.026208237304323784 -0.9537169507482267 0.2995615231515968
vn -0.9961946980917455 0 0.08715574274765787
vn 0.08312190921349309 0.3007057995042737 0.9500877698156099
vn -0.08312190921349309 -0.3007057995042737 -0.9500877698156099
g Frond
f 124/364/91 127/363/91 125/362/91 122/361/91
f 123/368/92 124/367/92 122/366/92 121/365/92
f 128/372/93 123/371/93 121/370/93 126/369/93
f 127/376/94 128/375/94 126/374/94 125/373/94
f 126/380/95 121/379/95 122/378/95 125/377/95
f 127/384/96 124/383/96 123/382/96 128/381/96
o cube
v 0.6297388646728106 0.6476767279344938 -0.5176201235587626
v 0.5733753787402764 0.791046328207093 -1.1618577157335817
v 0.6297388646728106 0.6476767279344938 -0.5176201235587626
v 0.5733753787402764 0.791046328207093 -1.1618577157335817
v -0.41644367328368204 0.7910463282070923 -1.0752597697395085
v -0.3600801873511479 0.6476767279344934 -0.43102217756468975
v -0.41644367328368204 0.7910463282070923 -1.0752597697395085
v -0.3600801873511479 0.6476767279344934 -0.43102217756468975
vt 0 1
vt 0.5 1
vt 0.5 0.75
vt 0 0.75
vt 0 1
vt 0.0625 1
vt 0.0625 0.90625
vt 0 0.90625
vt 0 1
vt 0.09375 1
vt 0.09375 0.90625
vt 0 0.90625
vt 0 1
vt 0.5 1
vt 0.5 0.75
vt 0 0.75
vt 0 1
vt 1 1
vt 1 0.46875
vt 0 0.46875
vt 0 1
vt 0.09375 1
vt 0.09375 0.875
vt 0 0.875
vn -0.08508980364211069 0.21643961393810246 -0.9725809060610189
vn 0.9961946980917457 0 -0.08715574274765787
vn 0.08508980364211069 -0.21643961393810246 0.9725809060610189
vn -0.9961946980917457 0 0.08715574274765787
vn 0.01886395531279115 0.9762960071199335 0.21561599586216193
vn -0.01886395531279115 -0.9762960071199335 -0.21561599586216193
g Frond
f 132/388/97 135/387/97 133/386/97 130/385/97
f 131/392/98 132/391/98 130/390/98 129/389/98
f 136/396/99 131/395/99 129/394/99 134/393/99
f 135/400/100 136/399/100 134/398/100 133/397/100
f 134/404/101 129/403/101 130/402/101 133/401/101
f 135/408/102 132/407/102 131/406/102 136/405/102
o cube
v 0.6547353154668276 0.4820866494321403 -0.2319093835997469
v 0.6297366417513541 0.6476866494321402 -0.5176455316672732
v 0.6547353154668276 0.4820866494321403 -0.2319093835997469
v 0.6297366417513541 0.6476866494321402 -0.5176455316672732
v -0.3600824102726043 0.6476866494321396 -0.43104758567320023
v -0.33508373655713086 0.48208664943213975 -0.14531143760567392
v -0.3600824102726043 0.6476866494321396 -0.43104758567320023
v -0.33508373655713086 0.48208664943213975 -0.14531143760567392
vt 0 0.75
vt 0.5 0.75
vt 0.5 0.5
vt 0 0.5
vt 0 0.9375
vt 0.03125 0.9375
vt 0.03125 0.9375
vt 0 0.9375
vt 0 1
vt 0.09375 1
vt 0.09375 0.9375
vt 0 0.9375
vt 0 0.75
vt 0.5 0.75
vt 0.5 0.5
vt 0 0.5
vt 0 0.46875
vt 1 0.46875
vt 1 0.1875
vt 0 0.1875
vt 0 1
vt 0.0625 1
vt 0.0625 0.9375
vt 0 0.9375
vn -0.07547908730517343 0.49999999999999956 -0.8627299156628211
vn 0.9961946980917457 0 -0.08715574274765789
vn 0.07547908730517343 -0.49999999999999956 0.8627299156628211
vn -0.9961946980917457 0 0.08715574274765789
vn 0.0435778713738285 0.8660254037844388 0.49809734904587244
vn -0.0435778713738285 -0.8660254037844388 -0.49809734904587244
g Frond
f 140/412/103 143/411/103 141/410/103 138/409/103
f 139/416/104 140/415/104 138/414/104 137/413/104
f 144/420/105 139/419/105 137/418/105 142/417/105
f 143/424/106 144/423/106 142/422/106 141/421/106
f 142/428/107 137/427/107 138/426/107 141/425/107
f 143/432/108 140/431/108 139/430/108 144/429/108
o cube
v 0.12218988861646074 -0.11163032472646128 -0.8229390171715105
v -0.12444848139030523 -0.40108281559733827 -1.3653046963668762
v 0.12218988861646074 -0.11163032472646128 -0.8229390171715105
v -0.12444848139030523 -0.40108281559733827 -1.3653046963668762
v -1.0464933506669682 -0.24054774958920033 -1.0316840860587828
v -0.7998549806602021 0.04890474128167671 -0.48931840686341715
v -1.0464933506669682 -0.24054774958920033 -1.0316840860587828
v -0.7998549806602021 0.04890474128167671 -0.48931840686341715
vt 0 1
vt 0.5 1
vt 0.5 0.75
vt 0 0.75
vt 0 1
vt 0.0625 1
vt 0.0625 0.90625
vt 0 0.90625
vt 0 1
vt 0.09375 1
vt 0.09375 0.90625
vt 0 0.90625
vt 0 1
vt 0.5 1
vt 0.5 0.75
vt 0 0.75
vt 0 1
vt 1 1
vt 1 0.46875
vt 0 0.46875
vt 0 1
vt 0.09375 1
vt 0.09375 0.875
vt 0 0.875
vn -0.37234053443050413 -0.43697537873018877 -0.8187887669012166
vn 0.9279839666633078 -0.1615691083012661 -0.3357695353342325
vn 0.37234053443050413 0.43697537873018877 0.8187887669012166
vn -0.9279839666633078 0.1615691083012661 0.3357695353342325
vn -0.014432048913412935 0.8848434560001797 -0.46566487342059537
vn 0.014432048913412935 -0.8848434560001797 0.46566487342059537
g Frond
f 148/436/109 151/435/109 149/434/109 146/433/109
f 147/440/110 148/439/110 146/438/110 145/437/110
f 152/444/111 147/443/111 145/442/111 150/441/111
f 151/448/112 152/447/112 150/446/112 149/445/112
f 150/452/113 145/451/113 146/450/113 149/449/113
f 151/456/114 148/455/114 147/454/114 152/453/114
o cube
v 0.3041474346383315 -0.23526753300406905 -0.2605603051540467
v 0.24120916253564412 -0.06172157150504673 -0.5180147926894323
v 0.3041474346383315 -0.23526753300406905 -0.2605603051540467
v 0.24120916253564412 -0.06172157150504673 -0.5180147926894323
v -0.6808357067410187 0.09881349450309126 -0.18439418238133895
v -0.6178974346383314 -0.07473246699593103 0.07306030515404663
v -0.6808357067410187 0.09881349450309126 -0.18439418238133895
v -0.6178974346383314 -0.07473246699593103 0.07306030515404663
vt 0 0.75
vt 0.5 0.75
vt 0.5 0.5
vt 0 0.5
vt 0 0.9375
vt 0.03125 0.9375
vt 0.03125 0.9375
vt 0 0.9375
vt 0 1
vt 0.09375 1
vt 0.09375 0.9375
vt 0 0.9375
vt 0 0.75
vt 0.5 0.75
vt 0.5 0.5
vt 0 0.5
vt 0 1
vt 1 1
vt 1 0
vt 0 0
vt 0 1
vt 0.0625 1
vt 0.0625 0.9375
vt 0 0.9375
vn -0.19866878820292738 0.5478092219034794 -0.812671993482909
vn 0.927983966663308 -0.1615691083012661 -0.3357695353342325
vn 0.19866878820292738 -0.5478092219034794 0.812671993482909
vn -0.927983966663308 0.1615691083012661 0.3357695353342325
vn 0.3152403372187846 0.8208535068087597 0.476259435759491
vn -0.3152403372187846 -0.8208535068087597 -0.476259435759491
g Stem
f 156/460/115 159/459/115 157/458/115 154/457/115
f 155/464/116 156/463/116 154/462/116 153/461/116
f 160/468/117 155/467/117 153/466/117 158/465/117
f 159/472/118 160/471/118 158/470/118 157/469/118
f 158/476/119 153/475/119 154/474/119 157/473/119
f 159/480/120 156/479/120 155/478/120 160/477/120
o cube
v 0.24122869654549567 -0.06173547179297807 -0.5179541168301621
v 0.12217975742803677 -0.11163845778427958 -0.8229631037209741
v 0.24122869654549567 -0.06173547179297807 -0.5179541168301621
v 0.12217975742803677 -0.11163845778427958 -0.8229631037209741
v -0.7998651118486261 0.04889660822385842 -0.48934249341288083
v -0.6808161727311672 0.09879959421515994 -0.1843335065220688
v -0.7998651118486261 0.04889660822385842 -0.48934249341288083
v -0.6808161727311672 0.09879959421515994 -0.1843335065220688
vt 0 0.75
vt 0.5 0.75
vt 0.5 0.5
vt 0 0.5
vt 0 0.9375
vt 0.03125 0.9375
vt 0.03125 0.9375
vt 0 0.9375
vt 0 1
vt 0.09375 1
vt 0.09375 0.9375
vt 0 0.9375
vt 0 0.71875
vt 0.125 0.71875
vt 0.125 0.5
vt 0 0.5
vt 0 0.5625
vt 1 0.5625
vt 1 0.375
vt 0 0.375
vt 0 0.3125
vt 0 0.3125
vt 0 0.625
vt 0 0.625
vn -0.35944727994401826 -0.15067326688194907 -0.9209208541389253
vn 0.927983966663308 -0.16156910830126614 -0.3357695353342326
vn 0.35944727994401826 0.15067326688194907 0.9209208541389253
vn -0.927983966663308 0.16156910830126614 0.3357695353342326
vn 0.09820086841102368 0.9752912333707582 -0.1978979523731009
vn -0.09820086841102368 -0.9752912333707582 0.1978979523731009
g Frond
f 164/484/121 167/483/121 165/482/121 162/481/121
f 163/488/122 164/487/122 162/486/122 161/485/122
f 168/492/123 163/491/123 161/490/123 166/489/123
f 167/496/124 168/495/124 166/494/124 165/493/124
f 166/500/125 161/499/125 162/498/125 165/497/125
f 167/504/126 164/503/126 163/502/126 168/501/126
o cube
v 0.8578012756835863 0.0019116958672439344 -0.3481827271287643
v 1.1569469571748363 -0.2563135644513083 -0.8797891004714395
v 0.8578012756835863 0.0019116958672439344 -0.3481827271287643
v 1.1569469571748363 -0.2563135644513083 -0.8797891004714395
v 0.2965113913238066 -0.23145463362815283 -1.376048740757599
v -0.0026342901674431957 0.026770626690399535 -0.8444423674149235
v 0.2965113913238066 -0.23145463362815283 -1.376048740757599
v -0.0026342901674431957 0.026770626690399535 -0.8444423674149235
vt 0 1
vt 0.5 1
vt 0.5 0.75
vt 0 0.75
vt 0 1
vt 0.0625 1
vt 0.0625 0.90625
vt 0 0.90625
vt 0 1
vt 0.09375 1
vt 0.09375 0.90625
vt 0 0.90625
vt 0 1
vt 0.5 1
vt 0.5 0.75
vt 0 0.75
vt 0 1
vt 1 1
vt 1 0.46875
vt 0 0.46875
vt 0 1
vt 0.09375 1
vt 0.09375 0.875
vt 0 0.875
vn 0.4516088186764037 -0.38983282052921553 -0.8025458534762605
vn 0.8659778239241441 -0.025019052760824813 0.49945615970829227
vn -0.4516088186764037 0.38983282052921553 0.8025458534762605
vn -0.8659778239241441 0.025019052760824813 -0.49945615970829227
vn 0.2147833405208776 0.9205457180592324 -0.3262877527543826
vn -0.2147833405208776 -0.9205457180592324 0.3262877527543826
g Frond
f 172/508/127 175/507/127 173/506/127 170/505/127
f 171/512/128 172/511/128 170/510/128 169/509/128
f 176/516/129 171/515/129 169/514/129 174/513/129
f 175/520/130 176/519/130 174/518/130 173/517/130
f 174/524/131 169/523/131 170/522/131 173/521/131
f 175/528/132 172/527/132 171/526/132 176/525/132
o cube
v 0.5633427829255148 -0.1574294654115778 0.15437982014307958
v 0.693804900094659 0.03337903738857517 -0.06226272240779723
v 0.5633427829255148 -0.1574294654115778 0.15437982014307958
v 0.693804900094659 0.03337903738857517 -0.06226272240779723
v -0.1666306657563705 0.05823796821173072 -0.5585223626939565
v -0.2970927829255148 -0.13257053458842222 -0.3418798201430797
v -0.1666306657563705 0.05823796821173072 -0.5585223626939565
v -0.2970927829255148 -0.13257053458842222 -0.3418798201430797
vt 0 0.75
vt 0.5 0.75
vt 0.5 0.5
vt 0 0.5
vt 0 0.9375
vt 0.03125 0.9375
vt 0.03125 0.9375
vt 0 0.9375
vt 0 1
vt 0.09375 1
vt 0.09375 0.9375
vt 0 0.9375
vt 0 0.75
vt 0.5 0.75
vt 0.5 0.5
vt 0 0.5
vt 0 1
vt 1 1
vt 1 0
vt 0 0
vt 0 0.25
vt 0.0625 0.25
vt 0.0625 0.96875
vt 0 0.96875
vn 0.4118122385389656 0.6022995669196749 -0.6838464095671617
vn 0.8659778239241442 -0.02501905276082482 0.4994561597082923
vn -0.4118122385389656 -0.6022995669196749 0.6838464095671617
vn -0.8659778239241442 0.02501905276082482 -0.4994561597082923
vn -0.28371303928640695 0.7978779848368567 0.5318812204351141
vn 0.28371303928640695 -0.7978779848368567 -0.5318812204351141
g Stem
f 180/532/133 183/531/133 181/530/133 178/529/133
f 179/536/134 180/535/134 178/534/134 177/533/134
f 184/540/135 179/539/135 177/538/135 182/537/135
f 183/544/136 184/543/136 182/542/136 181/541/136
f 182/548/137 177/547/137 178/546/137 181/545/137
f 183/552/138 180/551/138 179/550/138 184/549/138
o cube
v 0.6937731513523211 0.033361280548951 -0.06220856460641894
v 0.8578143855817509 0.0019049866563657855 -0.34820579369619264
v 0.6937731513523211 0.033361280548951 -0.06220856460641894
v 0.8578143855817509 0.0019049866563657855 -0.34820579369619264
v -0.0026211802692786 0.026763917479521348 -0.844465433982352
v -0.16666241449870844 0.05822021137210656 -0.5584682048925782
v -0.0026211802692786 0.026763917479521348 -0.844465433982352
v -0.16666241449870844 0.05822021137210656 -0.5584682048925782
vt 0 0.75
vt 0.5 0.75
vt 0.5 0.5
vt 0 0.5
vt 0 0.9375
vt 0.03125 0.9375
vt 0.03125 0.9375
vt 0 0.9375
vt 0 1
vt 0.09375 1
vt 0.09375 0.9375
vt 0 0.9375
vt 0 0.75
vt 0.5 0.75
vt 0.5 0.5
vt 0 0.5
vt 0 0.5625
vt 1 0.5625
vt 1 0.28125
vt 0 0.28125
vt 0 0.03125
vt 0 0.03125
vt 0 0.46875
vt 0 0.46875
vn 0.4952935816105978 -0.09497673276746753 -0.863518203773472
vn 0.8659778239241442 -0.025019052760824827 0.4994561597082923
vn -0.4952935816105978 0.09497673276746753 0.863518203773472
vn -0.8659778239241442 0.025019052760824827 -0.4994561597082923
vn 0.06904112170982124 0.9951650452220316 -0.069855968114983
vn -0.06904112170982124 -0.9951650452220316 0.069855968114983
g Frond
f 188/556/139 191/555/139 189/554/139 186/553/139
f 187/560/140 188/559/140 186/558/140 185/557/140
f 192/564/141 187/563/141 185/562/141 190/561/141
f 191/568/142 192/567/142 190/566/142 189/565/142
f 190/572/143 185/571/143 186/570/143 189/569/143
f 191/576/144 188/575/144 187/574/144 192/573/144
o cube
v 0.08147521164922034 0.5138860084938017 -0.4003972963431878
v -0.08003387393751893 0.8655767005466287 -0.937986574878706
v 0.08147521164922034 0.5138860084938017 -0.4003972963431878
v -0.08003387393751893 0.8655767005466287 -0.937986574878706
v -1.0411866786656199 0.7926594856489905 -0.6969278149572351
v -0.8796775930788804 0.4409687935961635 -0.15933853642171697
v -1.0411866786656199 0.7926594856489905 -0.6969278149572351
v -0.8796775930788804 0.4409687935961635 -0.15933853642171697
vt 0 1
vt 0.5 1
vt 0.5 0.75
vt 0 0.75
vt 0 1
vt 0.0625 1
vt 0.0625 0.90625
vt 0 0.90625
vt 0 1
vt 0.09375 1
vt 0.09375 0.90625
vt 0 0.90625
vt 0 1
vt 0.5 1
vt 0.5 0.75
vt 0 0.75
vt 0 1
vt 1 1
vt 1 0.46875
vt 0 0.46875
vt 0 1
vt 0.09375 1
vt 0.09375 0.875
vt 0 0.875
vn -0.24382410263698567 0.5309340157802341 -0.8115780171127993
vn 0.9673438050806167 0.07338689100003853 -0.2426114733509168
vn 0.24382410263698567 -0.5309340157802341 0.8115780171127993
vn -0.9673438050806167 -0.07338689100003853 0.2426114733509168
vn 0.06925149634067712 0.8442294919729011 0.5314892239149865
vn -0.06925149634067712 -0.8442294919729011 -0.5314892239149865
g Frond
f 196/580/145 199/579/145 197/578/145 194/577/145
f 195/584/146 196/583/146 194/582/146 193/581/146
f 200/588/147 195/587/147 193/586/147 198/585/147
f 199/592/148 200/591/148 198/590/148 197/589/148
f 198/596/149 193/595/149 194/594/149 197/593/149
f 199/600/150 196/599/150 195/598/150 200/597/150
o cube
v 0.1712014023640504 -0.053541392551180865 -0.21427937996073546
v 0.15157928675604798 0.2621786978862761 -0.19701562969521932
v 0.1712014023640504 -0.053541392551180865 -0.21427937996073546
v 0.15157928675604798 0.2621786978862761 -0.19701562969521932
v -0.8095735179720527 0.1892614829886379 0.04404313022625159
v -0.7899514023640504 -0.12645860744881912 0.026779379960735455
v -0.8095735179720527 0.1892614829886379 0.04404313022625159
v -0.7899514023640504 -0.12645860744881912 0.026779379960735455
vt 0 0.75
vt 0.5 0.75
vt 0.5 0.5
vt 0 0.5
vt 0 0.9375
vt 0.03125 0.9375
vt 0.03125 0.9375
vt 0 0.9375
vt 0 1
vt 0.09375 1
vt 0.09375 0.9375
vt 0 0.9375
vt 0 0.75
vt 0.5 0.75
vt 0.5 0.5
vt 0 0.5
vt 0 1
vt 1 1
vt 1 0
vt 0 0
vt 0 0.25
vt 0.0625 0.25
vt 0.0625 0.96875
vt 0 0.96875
vn -0.061938496237381374 0.9965911945626803 0.05449416119165444
vn 0.9673438050806167 0.07338689100003855 -0.24261147335091685
vn 0.061938496237381374 -0.9965911945626803 -0.05449416119165444
vn -0.9673438050806167 -0.07338689100003855 0.24261147335091685
vn 0.24578361510891245 -0.03768759941252018 0.9685917919301792
vn -0.24578361510891245 0.03768759941252018 -0.9685917919301792
g Stem
f 204/604/151 207/603/151 205/602/151 202/601/151
f 203/608/152 204/607/152 202/606/152 201/605/152
f 208/612/153 203/611/153 201/610/153 206/609/153
f 207/616/154 208/615/154 206/614/154 205/613/154
f 206/620/155 201/619/155 202/618/155 205/617/155
f 207/624/156 204/623/156 203/622/156 208/621/156
o cube
v 0.1515888645480426 0.2621172089504357 -0.19699604061373666
v 0.08146890519738853 0.5139038862463354 -0.4004170337215108
v 0.1515888645480426 0.2621172089504357 -0.19699604061373666
v 0.08146890519738853 0.5139038862463354 -0.4004170337215108
v -0.8796838995307121 0.4409866713486972 -0.15935827380003983
v -0.8095639401800581 0.18919999405279747 0.044062719307734255
v -0.8796838995307121 0.4409866713486972 -0.15935827380003983
v -0.8095639401800581 0.18919999405279747 0.044062719307734255
vt 0 0.75
vt 0.5 0.75
vt 0.5 0.5
vt 0 0.5
vt 0 0.9375
vt 0.03125 0.9375
vt 0.03125 0.9375
vt 0 0.9375
vt 0 1
vt 0.09375 1
vt 0.09375 0.9375
vt 0 0.9375
vt 0 0.75
vt 0.5 0.75
vt 0.5 0.5
vt 0 0.5
vt 0 0.46875
vt 1 0.46875
vt 1 0.1875
vt 0 0.1875
vt 0 1
vt 0.0625 1
vt 0.0625 0.9375
vt 0 0.9375
vn -0.21171485311187813 0.7602254749272335 -0.6141938197698495
vn 0.9673438050806166 0.07338689100003856 -0.24261147335091676
vn 0.21171485311187813 -0.7602254749272335 0.6141938197698495
vn -0.9673438050806166 -0.07338689100003856 0.24261147335091676
vn 0.13936564764664933 0.6455010391169101 0.7509364984837396
vn -0.13936564764664933 -0.6455010391169101 -0.7509364984837396
g Frond
f 212/628/157 215/627/157 213/626/157 210/625/157
f 211/632/158 212/631/158 210/630/158 209/629/158
f 216/636/159 211/635/159 209/634/159 214/633/159
f 215/640/160 216/639/160 214/638/160 213/637/160
f 214/644/161 209/643/161 210/642/161 213/641/161
f 215/648/162 212/647/162 211/646/162 216/645/162
o cube
v 0.9688933517966616 0.34242491112510676 -0.45004161836324874
v 1.0993221240430187 0.3480161574884241 -1.099449682167828
v 0.9688933517966616 0.34242491112510676 -0.45004161836324874
v 1.0993221240430187 0.3480161574884241 -1.099449682167828
v 0.13215726821442192 0.468442926241782 -1.2926606938045233
v 0.0017284959680649026 0.4628516798784646 -0.6432526299999441
v 0.13215726821442192 0.468442926241782 -1.2926606938045233
v 0.0017284959680649026 0.4628516798784646 -0.6432526299999441
vt 0 1
vt 0.5 1
vt 0.5 0.75
vt 0 0.75
vt 0 1
vt 0.0625 1
vt 0.0625 0.90625
vt 0 0.90625
vt 0 1
vt 0.09375 1
vt 0.09375 0.90625
vt 0 0.90625
vt 0 1
vt 0.5 1
vt 0.5 0.75
vt 0 0.75
vt 0 1
vt 1 1
vt 1 0.46875
vt 0 0.46875
vt 0 1
vt 0.09375 1
vt 0.09375 0.875
vt 0 0.875
vn 0.19690333974389645 0.008440891248969507 -0.9803865697532902
vn 0.9733945811479435 -0.12120246452632637 0.1944555270095567
vn -0.19690333974389645 -0.008440891248969507 0.9803865697532902
vn -0.9733945811479435 0.12120246452632637 -0.1944555270095567
vn 0.1171838904863612 0.9925919171279141 0.032081487852230806
vn -0.1171838904863612 -0.9925919171279141 -0.032081487852230806
g Frond
f 220/652/163 223/651/163 221/650/163 218/649/163
f 219/656/164 220/655/164 218/654/164 217/653/164
f 224/660/165 219/659/165 217/658/165 222/657/165
f 223/664/166 224/663/166 222/662/166 221/661/166
f 222/668/167 217/667/167 218/666/167 221/665/167
f 223/672/168 220/671/168 219/670/168 224/669/168
o cube
v 0.8317074279142982 -0.03271338437667892 0.0028555058183477033
v 0.8950471197504443 0.24094804245016027 -0.14363595094688655
v 0.8317074279142982 -0.03271338437667892 0.0028555058183477033
