# Made in Blockbench 4.12.3

o cube
v -0.2725986787262213 0.09302731297578279 -0.11790786204496845
v -0.29717886911639296 0.0971062564826594 -0.13676890550100826
v -0.27666144845422097 0.062074149677283516 -0.11930717757539297
v -0.30124163884439265 0.06615309318416013 -0.13816822103143278
v -0.3537724710752846 0.10116058936950029 -0.062137885796322345
v -0.3291922806851129 0.09708164586262368 -0.043276842340282534
v -0.35783524080328427 0.07020742607100101 -0.06353720132674687
v -0.3332550504131126 0.0661284825641244 -0.044676157870707056
vt 0.25 0.8125
vt 0.15625 0.8125
vt 0.15625 0.78125
vt 0.25 0.78125
vt 0.3125 0.8125
vt 0.28125 0.8125
vt 0.28125 0.78125
vt 0.3125 0.78125
vt 0.046875 1
vt 0 1
vt 0 0.984375
vt 0.046875 0.984375
vt 0.3125 0.8125
vt 0.28125 0.8125
vt 0.28125 0.78125
vt 0.3125 0.78125
vt 0.3671875 0.8125
vt 0.28125 0.8125
vt 0.28125 0.78125
vt 0.3671875 0.78125
vt 0.3359375 0.3125
vt 0.25 0.3125
vt 0.25 0.28125
vt 0.3359375 0.28125
vn -0.786566092485493 0.13052619222005163 -0.6035533905932738
vn 0.6036650875615108 -0.04324621745963612 -0.7960642101833164
vn 0.786566092485493 -0.13052619222005163 0.6035533905932738
vn -0.6036650875615108 0.04324621745963612 0.7960642101833164
vn 0.13000863129598858 0.990501225551977 0.044778096973584175
vn -0.13000863129598858 -0.990501225551977 -0.044778096973584175
g _
f 4/4/1 7/3/1 5/2/1 2/1/1
f 3/8/2 4/7/2 2/6/2 1/5/2
f 8/12/3 3/11/3 1/10/3 6/9/3
f 7/16/4 8/15/4 6/14/4 5/13/4
f 6/20/5 1/19/5 2/18/5 5/17/5
f 7/24/6 4/23/6 3/22/6 8/21/6
o cube
v 0.0706572282305589 0.09570813636030764 -0.20708098896715726
v -0.0037196474217443994 0.09570813636030764 -0.26415237293672483
v 0.0706572282305589 0.06445813636030762 -0.20708098896715726
v -0.0037196474217443994 0.06445813636030762 -0.26415237293672483
v -0.02274344207826692 0.09570813636030764 -0.23936008105262374
v 0.05163343357403638 0.09570813636030764 -0.18228869708305617
v -0.02274344207826692 0.06445813636030762 -0.23936008105262374
v 0.05163343357403638 0.06445813636030762 -0.18228869708305617
vt 0 0.625
vt 0.03125 0.625
vt 0.03125 0.65625
vt 0 0.65625
vt 0.03125 0.65625
vt 0 0.65625
vt 0 0.625
vt 0.03125 0.625
vt 0.03125 0.59375
vt 0 0.59375
vt 0 0.5625
vt 0.03125 0.5625
vt 0.046875 1
vt 0 1
vt 0 0.984375
vt 0.046875 0.984375
vt 0.03125 0.65625
vt 0 0.65625
vt 0 0.5625
vt 0.03125 0.5625
vt 0.03125 0.15625
vt 0 0.15625
vt 0 0.03125
vt 0.03125 0.03125
vn -0.7933533402912352 0 -0.6087614290087207
vn 0.6087614290087207 0 -0.7933533402912352
vn 0.7933533402912352 0 0.6087614290087207
vn -0.6087614290087207 0 0.7933533402912352
vn 0 1 0
vn 0 -1 0
g _
f 12/28/7 15/27/7 13/26/7 10/25/7
f 11/32/8 12/31/8 10/30/8 9/29/8
f 16/36/9 11/35/9 9/34/9 14/33/9
f 15/40/10 16/39/10 14/38/10 13/37/10
f 14/44/11 9/43/11 10/42/11 13/41/11
f 15/48/12 12/47/12 11/46/12 16/45/12
o cube
v -0.10704993625801162 0.08897036069020017 0.12717897371154988
v -0.2805959794467193 0.08897036069020017 -0.005987588884107761
v -0.10539190330484349 0.05783927637483313 0.1250181830979743
v -0.2789379464935512 0.05783927637483313 -0.008148379497683336
v -0.31849878619554695 0.08352312676847154 0.043408310572861264
v -0.14495274300683925 0.08352312676847154 0.17657487316851894
v -0.3168407532423788 0.05239204245310449 0.04124751995928572
v -0.14329471005367111 0.05239204245310449 0.17441408255494334
vt 0.4375 0.640625
vt 0.0625 0.640625
vt 0.0625 0.625
vt 0.4375 0.625
vt 0.3515625 0.640625
vt 0.0625 0.640625
vt 0.0625 0.6328125
vt 0.3515625 0.6328125
vt 0.125 0.53125
vt 0.0625 0.53125
vt 0.0625 0.5
vt 0.125 0.5
vt 0.203125 0.640625
vt 0.0625 0.640625
vt 0.0625 0.625
vt 0.203125 0.625
vt 0.4375 0.71875
vt 0.375 0.71875
vt 0.375 0.5
vt 0.4375 0.5
vt 0.125 0.21875
vt 0.0625 0.21875
vt 0.0625 0
vt 0.125 0
vn -0.7933533402912352 0 -0.6087614290087207
vn 0.6064449079812421 0.08715574274765817 -0.7903343913115048
vn 0.7933533402912352 0 0.6087614290087207
vn -0.6064449079812421 -0.08715574274765817 0.7903343913115048
vn -0.05305705450138083 0.9961946980917455 0.0691452996344182
vn 0.05305705450138083 -0.9961946980917455 -0.0691452996344182
g _
f 20/52/13 23/51/13 21/50/13 18/49/13
f 19/56/14 20/55/14 18/54/14 17/53/14
f 24/60/15 19/59/15 17/58/15 22/57/15
f 23/64/16 24/63/16 22/62/16 21/61/16
f 22/68/17 17/67/17 18/66/17 21/65/17
f 23/72/18 20/71/18 19/70/18 24/69/18
o cube
v -0.10797056717356802 0.06037115430073421 0.12647254876407565
v -0.3291922806851129 0.09708164586262374 -0.043276842340282576
v -0.10953626355410122 0.0295064007272687 0.12183810363081161
v -0.33075797706564614 0.06621689228915822 -0.0479112874735466
v -0.36765916697589024 0.09168101378222476 0.0056862236607816835
v -0.14643745346434534 0.054970522220335244 0.1754356147651399
v -0.36922486335642346 0.06081626020875926 0.00105177852751763
v -0.14800314984487856 0.024105768646869735 0.17080116963187586
vt 0.4296875 0.78125
vt 0.375 0.78125
vt 0.375 0.75
vt 0.4296875 0.75
vt 0.3515625 0.640625
vt 0.0625 0.640625
vt 0.0625 0.6328125
vt 0.3515625 0.6328125
vt 0.125 0.53125
vt 0.0625 0.53125
vt 0.0625 0.5
vt 0.125 0.5
vt 0.4375 0.78125
vt 0.375 0.78125
vt 0.375 0.75
vt 0.4375 0.75
vt 0.4375 0.78125
vt 0.375 0.78125
vt 0.375 0.5
vt 0.4375 0.5
vt 0.125 0
vt 0.0625 0
vt 0.0625 0.28125
vt 0.125 0.28125
vn -0.786566092485493 0.13052619222005166 -0.6035533905932737
vn 0.6154701806524372 0.08641011328638343 -0.7834090560170278
vn 0.786566092485493 -0.13052619222005166 0.6035533905932737
vn -0.6154701806524372 -0.08641011328638343 0.7834090560170278
vn 0.050102284177062195 0.9876721143508956 0.14830224426444935
vn -0.050102284177062195 -0.9876721143508956 -0.14830224426444935
g _
f 28/76/19 31/75/19 29/74/19 26/73/19
f 27/80/20 28/79/20 26/78/20 25/77/20
f 32/84/21 27/83/21 25/82/21 30/81/21
f 31/88/22 32/87/22 30/86/22 29/85/22
f 30/92/23 25/91/23 26/90/23 29/89/23
f 31/96/24 28/95/24 27/94/24 32/93/24
o cube
v 0.02598988127734927 0.07942861970403287 -0.04620189209869681
v -0.14755616191135845 0.07942861970403287 -0.17936845469435447
v 0.025160075009067806 0.048208362779599806 -0.04512046751532973
v -0.1483859681796399 0.048208362779599806 -0.17828703011098737
v -0.2805959794467193 0.08897036069020012 -0.005987588884107775
v -0.10704993625801164 0.08897036069020012 0.12717897371154988
v -0.2814257857150008 0.05775010376576706 -0.004906164300740673
v -0.10787974252629311 0.05775010376576706 0.12826039829491698
vt 0.4375 0.640625
vt 0.0625 0.640625
vt 0.0625 0.625
vt 0.4375 0.625
vt 0.3515625 0.640625
vt 0.0625 0.640625
vt 0.0625 0.6328125
vt 0.3515625 0.6328125
vt 0.28125 0.53125
vt 0.0625 0.53125
vt 0.0625 0.5
vt 0.28125 0.5
vt 0.203125 0.640625
vt 0.0625 0.640625
vt 0.0625 0.625
vt 0.203125 0.625
vt 0.375 0.71875
vt 0.15625 0.71875
vt 0.15625 0.5
vt 0.375 0.5
vt 0.34375 0.21875
vt 0.125 0.21875
vt 0.125 0
vt 0.34375 0
vn -0.7933533402912352 0 -0.6087614290087208
vn 0.6081820230187928 -0.043619387365336 -0.7925982437039849
vn 0.7933533402912352 0 0.6087614290087208
vn -0.6081820230187928 0.043619387365336 0.7925982437039849
vn 0.02655380058500688 0.9990482215818578 -0.034605586667746616
vn -0.02655380058500688 -0.9990482215818578 0.034605586667746616
g _
f 36/100/25 39/99/25 37/98/25 34/97/25
f 35/104/26 36/103/26 34/102/26 33/101/26
f 40/108/27 35/107/27 33/106/27 38/105/27
f 39/112/28 40/111/28 38/110/28 37/109/28
f 38/116/29 33/115/29 34/114/29 37/113/29
f 39/120/30 36/119/30 35/118/30 40/117/30
o cube
v 0.024081170730512455 0.05091104423143876 -0.04766649721352478
v -0.1971405427810324 0.08762153579332828 -0.217415888317883
v 0.020018401002512815 0.019957880932939487 -0.049065812743949284
v -0.20120331250903206 0.056668372494829006 -0.21881520384830752
v -0.3291922806851129 0.09708164586262368 -0.043276842340282534
v -0.10797056717356804 0.060371154300734156 0.12647254876407568
v -0.3332550504131126 0.0661284825641244 -0.044676157870707056
v -0.11203333690156767 0.02941799100223489 0.12507323323365116
vt 0.375 0.03125
vt 0.1015625 0.03125
vt 0.1015625 0
vt 0.375 0
vt 0.3515625 0.640625
vt 0.0625 0.640625
vt 0.0625 0.6328125
vt 0.3515625 0.6328125
vt 0.28125 0.53125
vt 0.0625 0.53125
vt 0.0625 0.5
vt 0.28125 0.5
vt 0.203125 0.640625
vt 0.0625 0.640625
vt 0.0625 0.625
vt 0.203125 0.625
vt 0.375 0.5
vt 0.15625 0.5
vt 0.15625 0.78125
vt 0.375 0.78125
vt 0.34375 0
vt 0.125 0
vt 0.125 0.28125
vt 0.34375 0.28125
vn -0.786566092485493 0.13052619222005163 -0.6035533905932738
vn 0.6036650875615108 -0.04324621745963612 -0.7960642101833164
vn 0.786566092485493 -0.13052619222005163 0.6035533905932738
vn -0.6036650875615108 0.04324621745963612 0.7960642101833164
vn 0.13000863129598858 0.990501225551977 0.044778096973584175
vn -0.13000863129598858 -0.990501225551977 -0.044778096973584175
g _
f 44/124/31 47/123/31 45/122/31 42/121/31
f 43/128/32 44/127/32 42/126/32 41/125/32
f 48/132/33 43/131/33 41/130/33 46/129/33
f 47/136/34 48/135/34 46/134/34 45/133/34
f 46/140/35 41/139/35 42/138/35 45/137/35
f 47/144/36 44/143/36 43/142/36 48/141/36
o cube
v 0.08219422268571604 0.09570813636030757 -0.11944881588591001
v -0.09135182050299165 0.09570813636030757 -0.2526153784815677
v 0.08549766996013106 0.06493289407867607 -0.1237539521917708
v -0.08804837322857662 0.06493289407867607 -0.25692051478742844
v -0.15692355214608622 0.07671536692798707 -0.16716063406315226
v 0.016622491042621486 0.07671536692798707 -0.03399407146749461
v -0.1536201048716712 0.045940124646355565 -0.17146577036901306
v 0.019925938317036505 0.045940124646355565 -0.038299207773355395
vt 0.4375 0.640625
vt 0.0625 0.640625
vt 0.0625 0.625
vt 0.4375 0.625
vt 0.3515625 0.640625
vt 0.0625 0.640625
vt 0.0625 0.6328125
vt 0.3515625 0.6328125
vt 0.1875 0.53125
vt 0.0625 0.53125
vt 0.0625 0.5
vt 0.1875 0.5
vt 0.203125 0.640625
vt 0.0625 0.640625
vt 0.0625 0.625
vt 0.203125 0.625
vt 0.15625 0.734375
vt 0.0625 0.734375
vt 0.0625 0.5
vt 0.15625 0.5
vt 0.4375 0.21875
vt 0.3203125 0.21875
vt 0.3203125 0
vt 0.4375 0
vn -0.7933533402912354 0 -0.6087614290087207
vn 0.5995129750225789 0.17364817766693033 -0.781300520396941
vn 0.7933533402912354 0 0.6087614290087207
vn -0.5995129750225789 -0.17364817766693033 0.781300520396941
vn -0.10571031278128075 0.9848077530122082 0.13776436178754506
vn 0.10571031278128075 -0.9848077530122082 -0.13776436178754506
g _
f 52/148/37 55/147/37 53/146/37 50/145/37
f 51/152/38 52/151/38 50/150/38 49/149/38
f 56/156/39 51/155/39 49/154/39 54/153/39
f 55/160/40 56/159/40 54/158/40 53/157/40
f 54/164/41 49/163/41 50/162/41 53/161/41
f 55/168/42 52/167/42 51/166/42 56/165/42
o cube
v 0.08117605845357229 0.06711698775667842 -0.1202300807794288
v -0.14004565505797262 0.10382747931856794 -0.28997947188378703
v 0.08129262504339488 0.03660503193902086 -0.1269805966420462
v -0.13992908846815 0.07331552350091036 -0.29672998774640447
v -0.20758415237254024 0.08499719566163622 -0.20603387984412347
v 0.013637561139004637 0.048286704099746704 -0.03628448873976526
v -0.20746758578271762 0.05448523984397864 -0.2127843957067409
v 0.013754127728827236 0.017774748282089126 -0.04303500460238267
vt 0.4375 0.25
vt 0.34375 0.25
vt 0.34375 0.28125
vt 0.4375 0.28125
vt 0.09375 0.78125
vt 0.0625 0.78125
vt 0.0625 0.75
vt 0.09375 0.75
vt 0.15625 0.53125
vt 0.0625 0.53125
vt 0.0625 0.5
vt 0.15625 0.5
vt 0.203125 0.640625
vt 0.0625 0.640625
vt 0.0625 0.625
vt 0.203125 0.625
vt 0.171875 0.78125
vt 0.0625 0.78125
vt 0.0625 0.5
vt 0.171875 0.5
vt 0.4375 0
vt 0.3203125 0
vt 0.3203125 0.28125
vt 0.4375 0.28125
vn -0.7865660924854933 0.13052619222005168 -0.6035533905932738
vn 0.6174948325903329 0.17216259343480447 -0.7675025557912099
vn 0.7865660924854933 -0.13052619222005168 0.6035533905932738
vn -0.6174948325903329 -0.17216259343480447 0.7675025557912099
vn -0.0037301308743231537 0.9763825861650424 0.2160165076037571
vn 0.0037301308743231537 -0.9763825861650424 -0.2160165076037571
g _
f 60/172/43 63/171/43 61/170/43 58/169/43
f 59/176/44 60/175/44 58/174/44 57/173/44
f 64/180/45 59/179/45 57/178/45 62/177/45
f 63/184/46 64/183/46 62/182/46 61/181/46
f 62/188/47 57/187/47 58/186/47 61/185/47
f 63/192/48 60/191/48 59/190/48 64/189/48
o cube
v -0.1971405427810324 0.08762153579332828 -0.217415888317883
v -0.22172073317120408 0.09170047930020489 -0.2362769317739228
v -0.20120331250903206 0.056668372494829006 -0.21881520384830752
v -0.2257835028992037 0.060747316001705604 -0.23767624730434733
v -0.2783143351300958 0.09575481218704578 -0.1616459120692369
v -0.2537341447399241 0.09167586868016916 -0.14278486861319709
v -0.2823771048580954 0.0648016488885465 -0.1630452275996614
v -0.25779691446792374 0.06072270538166988 -0.1441841841436216
vt 0.25 0.8125
vt 0.15625 0.8125
vt 0.15625 0.78125
vt 0.25 0.78125
vt 0.1875 0.8125
vt 0.15625 0.8125
vt 0.15625 0.78125
vt 0.1875 0.78125
vt 0.046875 1
vt 0 1
vt 0 0.984375
vt 0.046875 0.984375
vt 0.25 0.8125
vt 0.21875 0.8125
vt 0.21875 0.78125
vt 0.25 0.78125
vt 0.25 0.8125
vt 0.15625 0.8125
vt 0.15625 0.78125
vt 0.25 0.78125
vt 0.21875 0.3125
vt 0.125 0.3125
vt 0.125 0.28125
vt 0.21875 0.28125
vn -0.786566092485493 0.13052619222005163 -0.6035533905932738
vn 0.6036650875615108 -0.04324621745963612 -0.7960642101833164
vn 0.786566092485493 -0.13052619222005163 0.6035533905932738
vn -0.6036650875615108 0.04324621745963612 0.7960642101833164
vn 0.13000863129598858 0.990501225551977 0.044778096973584175
vn -0.13000863129598858 -0.990501225551977 -0.044778096973584175
g _
f 68/196/49 71/195/49 69/194/49 66/193/49
f 67/200/50 68/199/50 66/198/50 65/197/50
f 72/204/51 67/203/51 65/202/51 70/201/51
f 71/208/52 72/207/52 70/206/52 69/205/52
f 70/212/53 65/211/53 66/210/53 69/209/53
f 71/216/54 68/215/54 67/214/54 72/213/54
o cube
v -0.1593423685764205 0.09844739827373031 -0.26599501701531175
v -0.18392255896659218 0.10252634178060692 -0.28485606047135154
v -0.15922580198659791 0.06793544245607272 -0.27274553287792913
v -0.1838059923767696 0.07201438596294935 -0.29160657633396897
v -0.20321927248504007 0.09714626073576928 -0.26087160560287626
v -0.1786390820948684 0.09306731722889267 -0.24201056214683642
v -0.20310270589521748 0.0666343049181117 -0.26762212146549363
v -0.1785225155050458 0.06255536141123509 -0.24876107800945385
vt 0.125 0.8125
vt 0.09375 0.8125
vt 0.09375 0.78125
vt 0.125 0.78125
vt 0.125 0.8125
vt 0.09375 0.8125
vt 0.09375 0.7890625
vt 0.125 0.7890625
vt 0.015625 1
vt 0 1
vt 0 0.984375
vt 0.015625 0.984375
vt 0.125 0.8125
vt 0.09375 0.8125
vt 0.09375 0.78125
vt 0.125 0.78125
vt 0.125 0.8125
vt 0.09375 0.8125
vt 0.09375 0.78125
vt 0.125 0.78125
vt 0.375 0.28125
vt 0.40625 0.28125
vt 0.40625 0.3125
vt 0.375 0.3125
vn -0.7865660924854933 0.13052619222005168 -0.6035533905932738
vn 0.6174948325903329 0.17216259343480447 -0.7675025557912099
vn 0.7865660924854933 -0.13052619222005168 0.6035533905932738
vn -0.6174948325903329 -0.17216259343480447 0.7675025557912099
vn -0.0037301308743231537 0.9763825861650424 0.2160165076037571
vn 0.0037301308743231537 -0.9763825861650424 -0.2160165076037571
g _
f 76/220/55 79/219/55 77/218/55 74/217/55
f 75/224/56 76/223/56 74/222/56 73/221/56
f 80/228/57 75/227/57 73/226/57 78/225/57
f 79/232/58 80/231/58 78/230/58 77/229/58
f 78/236/59 73/235/59 74/234/59 77/233/59
f 79/240/60 76/239/60 75/238/60 80/237/60
o cube
v 0.07642572545813747 0.09570813636030764 -0.16326490242653366
v -0.09712031773057021 0.09570813636030764 -0.2964314650221913
v 0.07642572545813747 0.06445813636030762 -0.16326490242653366
v -0.09712031773057021 0.06445813636030762 -0.2964314650221913
v -0.11614411238709275 0.09570813636030764 -0.2716391731380902
v 0.05740193080161496 0.09570813636030764 -0.13847261054243254
v -0.11614411238709275 0.06445813636030762 -0.2716391731380902
v 0.05740193080161496 0.06445813636030762 -0.13847261054243254
vt 0.0625 0.75
vt 0.03125 0.75
vt 0.03125 0.71875
vt 0.0625 0.71875
vt 0.0625 0.75
vt 0.03125 0.75
vt 0.03125 0.65625
vt 0.0625 0.65625
vt 0.03125 0.59375
vt 0 0.59375
vt 0 0.5625
vt 0.03125 0.5625
vt 0.109375 1
vt 0 1
vt 0 0.984375
vt 0.109375 0.984375
vt 0.0625 0.75
vt 0.03125 0.75
vt 0.03125 0.53125
vt 0.0625 0.53125
vt 0.0625 0.21875
vt 0.03125 0.21875
vt 0.03125 0
vt 0.0625 0
vn -0.7933533402912352 0 -0.6087614290087207
vn 0.6087614290087207 0 -0.7933533402912352
vn 0.7933533402912352 0 0.6087614290087207
vn -0.6087614290087207 0 0.7933533402912352
vn 0 1 0
vn 0 -1 0
g _
f 84/244/61 87/243/61 85/242/61 82/241/61
f 83/248/62 84/247/62 82/246/62 81/245/62
f 88/252/63 83/251/63 81/250/63 86/249/63
f 87/256/64 88/255/64 86/254/64 85/253/64
f 86/260/65 81/259/65 82/258/65 85/257/65
f 87/264/66 84/263/66 83/262/66 88/261/66
o cube
v -0.14495274300683925 0.08352312676847154 0.17657487316851894
v -0.31849878619554695 0.08352312676847154 0.043408310572861264
v -0.14329471005367111 0.05239204245310449 0.17441408255494334
v -0.3168407532423788 0.05239204245310449 0.04124751995928572
v -0.33745018956996076 0.08079950980760722 0.06810626030134581
v -0.16390414638125306 0.08079950980760722 0.2012728228970035
v -0.3357921566167926 0.049668425492240174 0.06594546968777021
v -0.16224611342808493 0.049668425492240174 0.1991120322834279
vt 0.40625 0.78125
vt 0.375 0.78125
vt 0.375 0.75
vt 0.40625 0.75
vt 0.109375 1
vt 0 1
vt 0 0.984375
vt 0.109375 0.984375
vt 0.140625 0.65625
vt 0.125 0.65625
vt 0.125 0.640625
vt 0.140625 0.640625
vt 0.4375 0.78125
vt 0.375 0.78125
vt 0.375 0.75
vt 0.4375 0.75
vt 0.46875 0.71875
vt 0.4375 0.71875
vt 0.4375 0.5
vt 0.46875 0.5
vt 0.46875 0.25
vt 0.4453125 0.25
vt 0.4453125 0.03125
vt 0.46875 0.03125
vn -0.7933533402912352 0 -0.6087614290087207
vn 0.6064449079812421 0.08715574274765817 -0.7903343913115048
vn 0.7933533402912352 0 0.6087614290087207
vn -0.6064449079812421 -0.08715574274765817 0.7903343913115048
vn -0.05305705450138083 0.9961946980917455 0.0691452996344182
vn 0.05305705450138083 -0.9961946980917455 -0.0691452996344182
g _
f 92/268/67 95/267/67 93/266/67 90/265/67
f 91/272/68 92/271/68 90/270/68 89/269/68
f 96/276/69 91/275/69 89/274/69 94/273/69
f 95/280/70 96/279/70 94/278/70 93/277/70
f 94/284/71 89/283/71 90/282/71 93/281/71
f 95/288/72 92/287/72 91/286/72 96/285/72
o cube
v -0.18869643826535415 0.08079950980760722 0.18224902824048095
v -0.2878656058017586 0.08079950980760722 0.10615384961439087
v -0.18703840531218602 0.049668425492240174 0.18008823762690535
v -0.28620757284859044 0.049668425492240174 0.10399305900081526
v -0.3068170091761724 0.0780758928467429 0.1308517993428754
v -0.207647841639768 0.0780758928467429 0.2069469779689655
v -0.30515897622300425 0.04694480853137586 0.1286910087292998
v -0.20598980868659986 0.04694480853137586 0.2047861873553899
vt 0.5 0.65625
vt 0.46875 0.65625
vt 0.46875 0.625
vt 0.5 0.625
vt 0.0625 1
vt 0 1
vt 0 0.984375
vt 0.0625 0.984375
vt 0.5 0.5625
vt 0.46875 0.5625
vt 0.46875 0.53125
vt 0.5 0.53125
vt 0.5 0.65625
vt 0.46875 0.65625
vt 0.46875 0.53125
vt 0.5 0.53125
vt 0.5 0.65625
vt 0.46875 0.65625
vt 0.46875 0.53125
vt 0.5 0.53125
vt 0.5 0.15625
vt 0.46875 0.15625
vt 0.46875 0.0625
vt 0.5 0.0625
vn -0.7933533402912352 0 -0.6087614290087207
vn 0.6064449079812421 0.08715574274765817 -0.7903343913115048
vn 0.7933533402912352 0 0.6087614290087207
vn -0.6064449079812421 -0.08715574274765817 0.7903343913115048
vn -0.05305705450138083 0.9961946980917455 0.0691452996344182
vn 0.05305705450138083 -0.9961946980917455 -0.0691452996344182
g _
f 100/292/73 103/291/73 101/290/73 98/289/73
f 99/296/74 100/295/74 98/294/74 97/293/74
f 104/300/75 99/299/75 97/298/75 102/297/75
f 103/304/76 104/303/76 102/302/76 101/301/76
f 102/308/77 97/307/77 98/306/77 101/305/77
f 103/312/78 100/311/78 99/310/78 104/309/78
o cube
v -0.004791028250293393 0.17373850780314837 0.2992574027952727
v 0.07887138745275557 0.19800279328150966 0.3339115100403715
v 0.002681397324529551 0.14355332573161497 0.3023525828121879
v 0.08634381302757851 0.16781761120997626 0.3370066900572868
v 0.09083024471416466 0.19800279328150966 0.3050402746493938
v 0.007167829011115699 0.17373850780314837 0.270386167404295
v 0.0983026702889876 0.16781761120997626 0.3081354546663091
v 0.014640254585938643 0.14355332573161497 0.2734813474212102
vt 0 0.625
vt 0.03125 0.625
vt 0.03125 0.65625
vt 0 0.65625
vt 0.03125 0.65625
vt 0 0.65625
vt 0 0.625
vt 0.03125 0.625
vt 0.03125 0.59375
vt 0 0.59375
vt 0 0.5625
vt 0.03125 0.5625
vt 0.046875 1
vt 0 1
vt 0 0.984375
vt 0.046875 0.984375
vt 0.03125 0.65625
vt 0 0.65625
vt 0 0.5625
vt 0.03125 0.5625
vt 0.03125 0.15625
vt 0 0.15625
vt 0 0.03125
vt 0.03125 0.03125
vn 0.8923991008325225 0.25881904510252046 0.36964381061438734
vn -0.382683432365091 0 0.9238795325112862
vn -0.8923991008325225 -0.25881904510252046 -0.36964381061438734
vn 0.382683432365091 0 -0.9238795325112862
vn -0.23911761839433415 0.9659258262890685 -0.09904576054128793
vn 0.23911761839433415 -0.9659258262890685 0.09904576054128793
g _
f 108/316/79 111/315/79 109/314/79 106/313/79
f 107/320/80 108/319/80 106/318/80 105/317/80
f 112/324/81 107/323/81 105/322/81 110/321/81
f 111/328/82 112/327/82 110/326/82 109/325/82
f 110/332/83 105/331/83 106/330/83 109/329/83
f 111/336/84 108/335/84 107/334/84 112/333/84
o cube
v 0.08392671494074386 0.15105412595274187 -0.0681246019962975
v 0.27913901824785814 0.20767079206891823 0.012734981575599713
v 0.09032842259323631 0.1209838076121463 -0.06252490610926387
v 0.28554072590035057 0.17760047372832266 0.018334677462633342
v 0.3042682482481621 0.20240916814208265 -0.0442482362454778
v 0.10905594494104787 0.1457925020259063 -0.12510781981737507
v 0.31066995590065455 0.17233884980148706 -0.03864854035844417
v 0.1154576525935403 0.11572218368531072 -0.11950812393034144
vt 0.4375 0.640625
vt 0.0625 0.640625
vt 0.0625 0.625
vt 0.4375 0.625
vt 0.3515625 0.640625
vt 0.0625 0.640625
vt 0.0625 0.6328125
vt 0.3515625 0.6328125
vt 0.125 0.53125
vt 0.0625 0.53125
vt 0.0625 0.5
vt 0.125 0.5
vt 0.203125 0.640625
vt 0.0625 0.640625
vt 0.0625 0.625
vt 0.203125 0.625
vt 0.4375 0.71875
vt 0.375 0.71875
vt 0.375 0.5
vt 0.4375 0.5
vt 0.125 0.21875
vt 0.0625 0.21875
vt 0.0625 0
vt 0.125 0
vn 0.8923991008325225 0.25881904510252046 0.36964381061438734
vn -0.4020676800048641 0.08418598282936929 0.9117314851372411
vn -0.8923991008325225 -0.25881904510252046 -0.36964381061438734
vn 0.4020676800048641 -0.08418598282936929 -0.9117314851372411
vn -0.2048546448797582 0.9622501868990585 -0.179190268385076
vn 0.2048546448797582 -0.9622501868990585 0.179190268385076
g _
f 116/340/85 119/339/85 117/338/85 114/337/85
f 115/344/86 116/343/86 114/342/86 113/341/86
f 120/348/87 115/347/87 113/346/87 118/345/87
f 119/352/88 120/351/88 118/350/88 117/349/88
f 118/356/89 113/355/89 114/354/89 117/353/89
f 119/360/90 116/359/90 115/358/90 120/357/90
o cube
v 0.09180085563539832 0.12372975524130567 -0.06486302612853773
v 0.3318627467397564 0.23135947059398707 0.03457386497582082
v 0.10176507296091009 0.09496838361745488 -0.05778769041885415
v 0.3418269640652682 0.2025980989701363 0.04164920068550443
v 0.3576153351602417 0.2263268826649008 -0.02215114933339818
v 0.1175534440558836 0.11869716731221938 -0.12158804043775673
v 0.36757955248575347 0.19756551104105002 -0.015075813623714573
v 0.12751766138139536 0.0899357956883686 -0.11451270472807312
vt 0.4296875 0.78125
vt 0.375 0.78125
vt 0.375 0.75
vt 0.4296875 0.75
vt 0.3515625 0.640625
vt 0.0625 0.640625
vt 0.0625 0.6328125
vt 0.3515625 0.6328125
vt 0.125 0.53125
vt 0.0625 0.53125
vt 0.0625 0.5
vt 0.125 0.5
vt 0.4375 0.78125
vt 0.375 0.78125
vt 0.375 0.75
vt 0.4375 0.75
vt 0.4375 0.78125
vt 0.375 0.78125
vt 0.375 0.5
vt 0.4375 0.5
vt 0.125 0
vt 0.0625 0
vt 0.0625 0.28125
vt 0.125 0.28125
vn 0.8535533905932735 0.3826834323650895 0.3535533905932749
vn -0.4120414147277645 0.08052140686538051 0.9076002289475045
vn -0.8535533905932735 -0.3826834323650895 -0.3535533905932749
vn 0.4120414147277645 -0.08052140686538051 -0.9076002289475045
vn -0.3188549544163762 0.9203638919632244 -0.2264107427098742
vn 0.3188549544163762 -0.9203638919632244 0.2264107427098742
g _
f 124/364/91 127/363/91 125/362/91 122/361/91
f 123/368/92 124/367/92 122/366/92 121/365/92
f 128/372/93 123/371/93 121/370/93 126/369/93
f 127/376/94 128/375/94 126/374/94 125/373/94
f 126/380/95 121/379/95 122/378/95 125/377/95
f 127/384/96 124/383/96 123/382/96 128/381/96
o cube
v 0.0025759877665575154 0.141837511906442 0.13472676160215757
v 0.19778829107367177 0.19845417802261836 0.2155863451740548
v 0.010562939275319328 0.11168105943975201 0.1365596500932976
v 0.20577524258243357 0.16829772555592837 0.21741923366519483
v 0.27913901824785814 0.20767079206891823 0.012734981575599713
v 0.08392671494074389 0.15105412595274187 -0.06812460199629752
v 0.2871259697566199 0.1775143396022282 0.014567870066739735
v 0.09191366644950569 0.12089767348605186 -0.0662917135051575
vt 0.4375 0.640625
vt 0.0625 0.640625
vt 0.0625 0.625
vt 0.4375 0.625
vt 0.3515625 0.640625
vt 0.0625 0.640625
vt 0.0625 0.6328125
vt 0.3515625 0.6328125
vt 0.28125 0.53125
vt 0.0625 0.53125
vt 0.0625 0.5
vt 0.28125 0.5
vt 0.203125 0.640625
vt 0.0625 0.640625
vt 0.0625 0.625
vt 0.203125 0.625
vt 0.375 0.71875
vt 0.15625 0.71875
vt 0.15625 0.5
vt 0.375 0.5
vt 0.34375 0.21875
vt 0.125 0.21875
vt 0.125 0
vt 0.34375 0
vn 0.8923991008325224 0.2588190451025204 0.36964381061438734
vn -0.3718890385105663 -0.042133092783085 0.9273205193072234
vn -0.8923991008325224 -0.2588190451025204 -0.36964381061438734
vn 0.3718890385105663 0.042133092783085 -0.9273205193072234
vn -0.2555824482803781 0.9650064789340803 -0.05865243171648089
vn 0.2555824482803781 -0.9650064789340803 0.05865243171648089
g _
f 132/388/97 135/387/97 133/386/97 130/385/97
f 131/392/98 132/391/98 130/390/98 129/389/98
f 136/396/99 131/395/99 129/394/99 134/393/99
f 135/400/100 136/399/100 134/398/100 133/397/100
f 134/404/101 129/403/101 130/402/101 133/401/101
f 135/408/102 132/407/102 131/406/102 136/405/102
o cube
v 0.011542044959086267 0.11491433603966163 0.13844062409231583
v 0.25160393606344433 0.22254405139234304 0.23787751519667438
v 0.023101710677244855 0.08607057966743414 0.1417533792634711
v 0.2631636017816029 0.19370029502011554 0.24119027036782964
v 0.3318627467397564 0.231359470593987 0.03457386497582082
v 0.09180085563539833 0.1237297552413056 -0.06486302612853773
v 0.343422412457915 0.2025157142217595 0.03788662014697608
v 0.10336052135355692 0.09488599886907811 -0.0615502709573825
vt 0.375 0.03125
vt 0.1015625 0.03125
vt 0.1015625 0
vt 0.375 0
vt 0.3515625 0.640625
vt 0.0625 0.640625
vt 0.0625 0.6328125
vt 0.3515625 0.6328125
vt 0.28125 0.53125
vt 0.0625 0.53125
vt 0.0625 0.5
vt 0.28125 0.5
vt 0.203125 0.640625
vt 0.0625 0.640625
vt 0.0625 0.625
vt 0.203125 0.625
vt 0.375 0.5
vt 0.15625 0.5
vt 0.15625 0.78125
vt 0.375 0.78125
vt 0.34375 0
vt 0.125 0
vt 0.125 0.28125
vt 0.34375 0.28125
vn 0.8535533905932734 0.38268343236508945 0.353553390593275
vn -0.3668974202345694 -0.04029905920751524 0.9293881152953307
vn -0.8535533905932734 -0.38268343236508945 -0.353553390593275
vn 0.3668974202345694 0.04029905920751524 -0.9293881152953307
vn -0.36990930298107494 0.9230002039112795 -0.10600816547696794
vn 0.36990930298107494 -0.9230002039112795 0.10600816547696794
g _
f 140/412/103 143/411/103 141/410/103 138/409/103
f 139/416/104 140/415/104 138/414/104 137/413/104
f 144/420/105 139/419/105 137/418/105 142/417/105
f 143/424/106 144/423/106 142/422/106 141/421/106
f 142/428/107 137/427/107 138/426/107 141/425/107
f 143/432/108 140/431/108 139/430/108 144/429/108
o cube
v -0.03664825752950782 0.15756231748424077 0.2184121938499181
v 0.1585640457776064 0.21417898360041712 0.2992717774218153
v -0.03136598866003811 0.1278357161541096 0.22647378854018096
v 0.16384631464707614 0.18445238227028596 0.30733337211207823
v 0.20432566528968266 0.19583337709298518 0.2016387731327614
v 0.009113361982568412 0.13921671097680882 0.12077918956086416
v 0.20960793415915238 0.166106775762854 0.20970036782302426
v 0.014395630852038122 0.10949010964667766 0.128840784251127
vt 0.4375 0.640625
vt 0.0625 0.640625
vt 0.0625 0.625
vt 0.4375 0.625
vt 0.3515625 0.640625
vt 0.0625 0.640625
vt 0.0625 0.6328125
vt 0.3515625 0.6328125
vt 0.1875 0.53125
vt 0.0625 0.53125
vt 0.0625 0.5
vt 0.1875 0.5
vt 0.203125 0.640625
vt 0.0625 0.640625
vt 0.0625 0.625
vt 0.203125 0.625
vt 0.15625 0.734375
vt 0.0625 0.734375
vt 0.0625 0.5
vt 0.15625 0.5
vt 0.4375 0.21875
vt 0.3203125 0.21875
vt 0.3203125 0
vt 0.4375 0
vn 0.8923991008325225 0.25881904510252046 0.36964381061438734
vn -0.41839194982469724 0.1677312594965208 0.8926446106427792
vn -0.8923991008325225 -0.25881904510252046 -0.36964381061438734
vn 0.41839194982469724 -0.1677312594965208 -0.8926446106427792
vn -0.16903260382303076 0.9512512425641978 -0.2579710300884114
vn 0.16903260382303076 -0.9512512425641978 0.2579710300884114
g _
f 148/436/109 151/435/109 149/434/109 146/433/109
f 147/440/110 148/439/110 146/438/110 145/437/110
f 152/444/111 147/443/111 145/442/111 150/441/111
f 151/448/112 152/447/112 150/446/112 149/445/112
f 150/452/113 145/451/113 146/450/113 149/449/113
f 151/456/114 148/455/114 147/454/114 152/453/114
o cube
v -0.028666333783667376 0.13027754870625025 0.2217184149192731
v 0.2113955573206907 0.23790726405893164 0.3211553060236316
v -0.019862276299089716 0.10184493225417493 0.23123878221772481
v 0.22019961480526837 0.20947464760685633 0.33067567332208336
v 0.25933062906895094 0.22036023311470473 0.22442257512797525
v 0.019268737964592865 0.11273051776202331 0.1249856840236167
v 0.2681346865535286 0.19192761666262942 0.233942942426427
v 0.02807279544917052 0.084297901309948 0.13450605132206844
vt 0.4375 0.25
vt 0.34375 0.25
vt 0.34375 0.28125
vt 0.4375 0.28125
vt 0.09375 0.78125
vt 0.0625 0.78125
vt 0.0625 0.75
vt 0.09375 0.75
vt 0.15625 0.53125
vt 0.0625 0.53125
vt 0.0625 0.5
vt 0.15625 0.5
vt 0.203125 0.640625
vt 0.0625 0.640625
vt 0.0625 0.625
vt 0.203125 0.625
vt 0.171875 0.78125
vt 0.0625 0.78125
vt 0.0625 0.5
vt 0.171875 0.5
vt 0.4375 0
vt 0.3203125 0
vt 0.3203125 0.28125
vt 0.4375 0.28125
vn 0.8535533905932734 0.3826834323650894 0.35355339059327495
vn -0.4382635131269509 0.16042999720436044 0.8844135396174302
vn -0.8535533905932734 -0.3826834323650894 -0.35355339059327495
vn 0.4382635131269509 -0.16042999720436044 -0.8844135396174302
vn -0.281729839506485 0.9098437264664097 -0.30465175355045526
vn 0.281729839506485 -0.9098437264664097 0.30465175355045526
g _
f 156/460/115 159/459/115 157/458/115 154/457/115
f 155/464/116 156/463/116 154/462/116 153/461/116
f 160/468/117 155/467/117 153/466/117 158/465/117
f 159/472/118 160/471/118 158/470/118 157/469/118
f 158/476/119 153/475/119 154/474/119 157/473/119
f 159/480/120 156/479/120 155/478/120 160/477/120
o cube
v 0.29746611359276554 0.22758143379328244 0.12170400078475808
v 0.3241396570488053 0.2395402910546915 0.1327525442407979
v 0.3090257793109241 0.19873767742105497 0.12501675595591333
v 0.3356993227669639 0.21069653468246402 0.13606529941195317
v 0.3585362901957962 0.24331832785539606 0.04562240843186066
v 0.3318627467397564 0.231359470593987 0.03457386497582082
v 0.3700959559139548 0.21447457148316856 0.04893516360301592
v 0.343422412457915 0.2025157142217595 0.03788662014697608
vt 0.25 0.8125
vt 0.15625 0.8125
vt 0.15625 0.78125
vt 0.25 0.78125
vt 0.3125 0.8125
vt 0.28125 0.8125
vt 0.28125 0.78125
vt 0.3125 0.78125
vt 0.046875 1
vt 0 1
vt 0 0.984375
vt 0.046875 0.984375
vt 0.3125 0.8125
vt 0.28125 0.8125
vt 0.28125 0.78125
vt 0.3125 0.78125
vt 0.3671875 0.8125
vt 0.28125 0.8125
vt 0.28125 0.78125
vt 0.3671875 0.78125
vt 0.3359375 0.3125
vt 0.25 0.3125
vt 0.25 0.28125
vt 0.3359375 0.28125
vn 0.8535533905932734 0.38268343236508945 0.353553390593275
vn -0.3668974202345694 -0.04029905920751524 0.9293881152953307
vn -0.8535533905932734 -0.38268343236508945 -0.353553390593275
vn 0.3668974202345694 0.04029905920751524 -0.9293881152953307
vn -0.36990930298107494 0.9230002039112795 -0.10600816547696794
vn 0.36990930298107494 -0.9230002039112795 0.10600816547696794
g _
f 164/484/121 167/483/121 165/482/121 162/481/121
f 163/488/122 164/487/122 162/486/122 161/485/122
f 168/492/123 163/491/123 161/490/123 166/489/123
f 167/496/124 168/495/124 166/494/124 165/493/124
f 166/500/125 161/499/125 162/498/125 165/497/125
f 167/504/126 164/503/126 163/502/126 168/501/126
o cube
v 0.25160393606344433 0.22254405139234304 0.23787751519667438
v 0.2782774795194841 0.2345029086537521 0.24892605865271422
v 0.2631636017816029 0.19370029502011554 0.24119027036782964
v 0.2898371452376427 0.2056591522815246 0.2522388138238695
v 0.312674112666475 0.23828094545445666 0.16179592284377697
v 0.2860005692104352 0.2263220881930476 0.15074737938773713
v 0.3242337783846336 0.20943718908222916 0.16510867801493223
v 0.2975602349285938 0.1974783318208201 0.1540601345588924
vt 0.25 0.8125
vt 0.15625 0.8125
vt 0.15625 0.78125
vt 0.25 0.78125
vt 0.1875 0.8125
vt 0.15625 0.8125
vt 0.15625 0.78125
vt 0.1875 0.78125
vt 0.046875 1
vt 0 1
vt 0 0.984375
vt 0.046875 0.984375
vt 0.25 0.8125
vt 0.21875 0.8125
vt 0.21875 0.78125
vt 0.25 0.78125
vt 0.25 0.8125
vt 0.15625 0.8125
vt 0.15625 0.78125
vt 0.25 0.78125
vt 0.21875 0.3125
vt 0.125 0.3125
vt 0.125 0.28125
vt 0.21875 0.28125
vn 0.8535533905932734 0.38268343236508945 0.353553390593275
vn -0.3668974202345694 -0.04029905920751524 0.9293881152953307
vn -0.8535533905932734 -0.38268343236508945 -0.353553390593275
vn 0.3668974202345694 0.04029905920751524 -0.9293881152953307
vn -0.36990930298107494 0.9230002039112795 -0.10600816547696794
vn 0.36990930298107494 -0.9230002039112795 0.10600816547696794
g _
f 172/508/127 175/507/127 173/506/127 170/505/127
f 171/512/128 172/511/128 170/510/128 169/509/128
f 176/516/129 171/515/129 169/514/129 174/513/129
f 175/520/130 176/519/130 174/518/130 173/517/130
f 174/524/131 169/523/131 170/522/131 173/521/131
f 175/528/132 172/527/132 171/526/132 176/525/132
o cube
v 0.22509129210590792 0.23289382664629538 0.29351738291058693
v 0.25176483556194773 0.24485268390770443 0.3045659263666268
v 0.23389534959048558 0.2044612101942201 0.30303775020903867
v 0.26056889304652536 0.21642006745562914 0.31408629366507856
v 0.2654605703471649 0.23983924649506816 0.27692800325358213
v 0.23878702689112513 0.2278803892336591 0.26587945979754224
v 0.2742646278317426 0.21140663004299287 0.28644837055203387
v 0.2475910843757028 0.19944777278158382 0.275399827095994
vt 0.125 0.8125
vt 0.09375 0.8125
vt 0.09375 0.78125
vt 0.125 0.78125
vt 0.125 0.8125
vt 0.09375 0.8125
vt 0.09375 0.7890625
vt 0.125 0.7890625
vt 0.015625 1
vt 0 1
vt 0 0.984375
vt 0.015625 0.984375
vt 0.125 0.8125
vt 0.09375 0.8125
vt 0.09375 0.78125
vt 0.125 0.78125
vt 0.125 0.8125
vt 0.09375 0.8125
vt 0.09375 0.78125
vt 0.125 0.78125
vt 0.375 0.28125
vt 0.40625 0.28125
vt 0.40625 0.3125
vt 0.375 0.3125
vn 0.8535533905932734 0.3826834323650894 0.35355339059327495
vn -0.4382635131269509 0.16042999720436044 0.8844135396174302
vn -0.8535533905932734 -0.3826834323650894 -0.35355339059327495
vn 0.4382635131269509 -0.16042999720436044 -0.8844135396174302
vn -0.281729839506485 0.9098437264664097 -0.30465175355045526
vn 0.281729839506485 -0.9098437264664097 0.30465175355045526
g _
f 180/532/133 183/531/133 181/530/133 178/529/133
f 179/536/134 180/535/134 178/534/134 177/533/134
f 184/540/135 179/539/135 177/538/135 182/537/135
f 183/544/136 184/543/136 182/542/136 181/541/136
f 182/548/137 177/547/137 178/546/137 181/545/137
f 183/552/138 180/551/138 179/550/138 184/549/138
o cube
v -0.020719642889900622 0.1656504126436946 0.25883479832259537
v 0.17449266041721365 0.22226707875987095 0.33969438189449264
v -0.013247217315077678 0.1354652305721612 0.26192997833951065
v 0.18196508599203656 0.19208189668833756 0.34278956191140786
v 0.18645151767862272 0.22226707875987095 0.31082314650351495
v -0.00876078562849153 0.1656504126436946 0.2299635629316177
v 0.19392394325344567 0.19208189668833753 0.31391832652043017
v -0.0012883600536685857 0.1354652305721612 0.23305874294853296
vt 0.0625 0.75
vt 0.03125 0.75
vt 0.03125 0.71875
vt 0.0625 0.71875
vt 0.0625 0.75
vt 0.03125 0.75
vt 0.03125 0.65625
vt 0.0625 0.65625
vt 0.03125 0.59375
vt 0 0.59375
vt 0 0.5625
vt 0.03125 0.5625
vt 0.109375 1
vt 0 1
vt 0 0.984375
vt 0.109375 0.984375
vt 0.0625 0.75
vt 0.03125 0.75
vt 0.03125 0.53125
vt 0.0625 0.53125
vt 0.0625 0.21875
vt 0.03125 0.21875
vt 0.03125 0
vt 0.0625 0
vn 0.8923991008325225 0.25881904510252046 0.36964381061438734
vn -0.382683432365091 0 0.9238795325112862
vn -0.8923991008325225 -0.25881904510252046 -0.36964381061438734
vn 0.382683432365091 0 -0.9238795325112862
vn -0.23911761839433415 0.9659258262890685 -0.09904576054128793
vn 0.23911761839433415 -0.9659258262890685 0.09904576054128793
g _
f 188/556/139 191/555/139 189/554/139 186/553/139
f 187/560/140 188/559/140 186/558/140 185/557/140
f 192/564/141 187/563/141 185/562/141 190/561/141
f 191/568/142 192/567/142 190/566/142 189/565/142
f 190/572/143 185/571/143 186/570/143 189/569/143
f 191/576/144 188/575/144 187/574/144 192/573/144
o cube
v 0.10905594494104787 0.1457925020259063 -0.12510781981737507
v 0.3042682482481621 0.20240916814208265 -0.0442482362454778
v 0.1154576525935403 0.11572218368531072 -0.11950812393034144
v 0.31066995590065455 0.17233884980148706 -0.03864854035844417
v 0.3168328632483141 0.19977835617866485 -0.07273984515601661
v 0.12162055994119986 0.1431616900624885 -0.15359942872791388
v 0.32323457090080654 0.16970803783806926 -0.06714014926898298
v 0.12802226759369228 0.11309137172189293 -0.14799973284088025
vt 0.40625 0.78125
vt 0.375 0.78125
vt 0.375 0.75
vt 0.40625 0.75
vt 0.109375 1
vt 0 1
vt 0 0.984375
vt 0.109375 0.984375
vt 0.140625 0.65625
vt 0.125 0.65625
vt 0.125 0.640625
vt 0.140625 0.640625
vt 0.4375 0.78125
vt 0.375 0.78125
vt 0.375 0.75
vt 0.4375 0.75
vt 0.46875 0.71875
vt 0.4375 0.71875
vt 0.4375 0.5
vt 0.46875 0.5
vt 0.46875 0.25
vt 0.4453125 0.25
vt 0.4453125 0.03125
vt 0.46875 0.03125
vn 0.8923991008325225 0.25881904510252046 0.36964381061438734
vn -0.4020676800048641 0.08418598282936929 0.9117314851372411
vn -0.8923991008325225 -0.25881904510252046 -0.36964381061438734
vn 0.4020676800048641 -0.08418598282936929 -0.9117314851372411
vn -0.2048546448797582 0.9622501868990585 -0.179190268385076
vn 0.2048546448797582 -0.9622501868990585 0.179190268385076
g _
f 196/580/145 199/579/145 197/578/145 194/577/145
f 195/584/146 196/583/146 194/582/146 193/581/146
f 200/588/147 195/587/147 193/586/147 198/585/147
f 199/592/148 200/591/148 198/590/148 197/589/148
f 198/596/149 193/595/149 194/594/149 197/593/149
f 199/600/150 196/599/150 195/598/150 200/597/150
o cube
v 0.14950803184221617 0.15124978522194227 -0.14204805964621425
v 0.26105791944628143 0.18360216585975733 -0.09584258331941586
v 0.1559097394947086 0.12117946688134669 -0.13644836375918062
v 0.2674596270987739 0.15353184751916177 -0.09024288743238218
v 0.2736225344464335 0.18097135389633953 -0.12433419222995457
v 0.1620726468423682 0.14861897325852447 -0.170539668556753
v 0.2800242420989259 0.15090103555574397 -0.11873449634292099
v 0.16847435449486062 0.1185486549179289 -0.16493997266971938
vt 0.5 0.65625
vt 0.46875 0.65625
vt 0.46875 0.625
vt 0.5 0.625
vt 0.0625 1
vt 0 1
vt 0 0.984375
vt 0.0625 0.984375
vt 0.5 0.5625
vt 0.46875 0.5625
vt 0.46875 0.53125
vt 0.5 0.53125
vt 0.5 0.65625
vt 0.46875 0.65625
vt 0.46875 0.53125
vt 0.5 0.53125
vt 0.5 0.65625
vt 0.46875 0.65625
vt 0.46875 0.53125
vt 0.5 0.53125
vt 0.5 0.15625
vt 0.46875 0.15625
vt 0.46875 0.0625
vt 0.5 0.0625
vn 0.8923991008325225 0.25881904510252046 0.36964381061438734
vn -0.4020676800048641 0.08418598282936929 0.9117314851372411
vn -0.8923991008325225 -0.25881904510252046 -0.36964381061438734
vn 0.4020676800048641 -0.08418598282936929 -0.9117314851372411
vn -0.2048546448797582 0.9622501868990585 -0.179190268385076
vn 0.2048546448797582 -0.9622501868990585 0.179190268385076
g _
f 204/604/151 207/603/151 205/602/151 202/601/151
f 203/608/152 204/607/152 202/606/152 201/605/152
f 208/612/153 203/611/153 201/610/153 206/609/153
f 207/616/154 208/615/154 206/614/154 205/613/154
f 206/620/155 201/619/155 202/618/155 205/617/155
f 207/624/156 204/623/156 203/622/156 208/621/156
o cube
v -0.0567763315663045 0.18465296987676344 -0.08276413057500087
v -0.09943192963648459 0.21890581990887348 -0.05003333898736839
