# Made in Blockbench 4.12.3

o cube
v 0.21562500000000018 -0.0013325734143574824 -0.17320726300308584
v -0.19062499999999985 -0.0013325734143574339 -0.17320726300308575
v 0.21562500000000018 0.00548295586147627 -0.01710597838092058
v -0.19062499999999982 0.0054829558614763185 -0.017105978380920497
v -0.19062499999999985 -0.0013325734143574339 -0.17320726300308575
v 0.21562500000000018 -0.0013325734143574824 -0.17320726300308584
v -0.19062499999999982 0.0054829558614763185 -0.017105978380920497
v 0.21562500000000018 0.00548295586147627 -0.01710597838092058
vt 0 1
vt 0.0859375 1
vt 0.0859375 0.90625
vt 0 0.90625
vt 0.3125 0.40625
vt 0.625 0.40625
vt 0.625 0.53125
vt 0.3125 0.53125
vt 0 1
vt 0.0859375 1
vt 0.0859375 0.90625
vt 0 0.90625
vt 0 1
vt 0.1796875 1
vt 0.1796875 0.90625
vt 0 0.90625
vt 0 0.90625
vt 0 1
vt 0.1796875 1
vt 0.1796875 0.90625
vt 0 0.90625
vt 0 1
vt 0.1796875 1
vt 0.1796875 0.90625
vn -1 0 0
vn 0 -0.9990482215818577 0.04361938736533601
vn 1 0 0
vn 0 0.9990482215818577 -0.04361938736533601
vn 0 -0.04361938736533601 -0.9990482215818577
vn 0 0.04361938736533601 0.9990482215818577
g Nest
f 4/4/1 7/3/1 5/2/1 2/1/1
f 3/8/2 4/7/2 2/6/2 1/5/2
f 8/12/3 3/11/3 1/10/3 6/9/3
f 7/16/4 8/15/4 6/14/4 5/13/4
f 6/20/5 1/19/5 2/18/5 5/17/5
f 7/24/6 4/23/6 3/22/6 8/21/6
o cube
v 0.21562500000000012 0.13125009662899703 -0.305789797082463
v -0.19062499999999988 0.1312500966289971 -0.30578979708246296
v 0.21562500000000018 0.2464496805055789 -0.2002288271425161
v -0.19062499999999985 0.24644968050557894 -0.20022882714251605
v -0.19062499999999988 0.1312500966289971 -0.30578979708246296
v 0.21562500000000012 0.13125009662899703 -0.305789797082463
v -0.19062499999999985 0.24644968050557894 -0.20022882714251605
v 0.21562500000000018 0.2464496805055789 -0.2002288271425161
vt 0 1
vt 0.0859375 1
vt 0.0859375 0.90625
vt 0 0.90625
vt 0.3125 0.40625
vt 0.625 0.40625
vt 0.625 0.53125
vt 0.3125 0.53125
vt 0 1
vt 0.0859375 1
vt 0.0859375 0.90625
vt 0 0.90625
vt 0 1
vt 0.1796875 1
vt 0.1796875 0.90625
vt 0 0.90625
vt 0 0.90625
vt 0 1
vt 0.1796875 1
vt 0.1796875 0.90625
vt 0 0.90625
vt 0 1
vt 0.1796875 1
vt 0.1796875 0.90625
vn -1 0 0
vn 0 -0.6755902076156604 0.7372773368101241
vn 1 0 0
vn 0 0.6755902076156604 -0.7372773368101241
vn 0 -0.7372773368101241 -0.6755902076156604
vn 0 0.7372773368101241 0.6755902076156604
g Nest
f 12/28/7 15/27/7 13/26/7 10/25/7
f 11/32/8 12/31/8 10/30/8 9/29/8
f 16/36/9 11/35/9 9/34/9 14/33/9
f 15/40/10 16/39/10 14/38/10 13/37/10
f 14/44/11 9/43/11 10/42/11 13/41/11
f 15/48/12 12/47/12 11/46/12 16/45/12
o cube
v 0.20000000000000015 0.13125 -0.3057900429449554
v 0.20000000000000015 0.13125 -0.3057900429449554
v 0.20000000000000015 -0.0013325214724776435 -0.17320752147247764
v 0.20000000000000015 -0.0013325214724776435 -0.17320752147247764
v 0.20000000000000018 0.21963834764831847 -0.21740169529663694
v 0.20000000000000018 0.21963834764831847 -0.21740169529663694
v 0.20000000000000018 0.08705582617584082 -0.08481917382415925
v 0.20000000000000018 0.08705582617584082 -0.08481917382415925
vt 0 1
vt 0.0859375 1
vt 0.0859375 0.90625
vt 0 0.90625
vt 0 1
vt 0.1796875 1
vt 0.1796875 0.90625
vt 0 0.90625
vt 0.71875 0.4375
vt 0.625 0.4375
vt 0.625 0.28125
vt 0.71875 0.28125
vt 0 1
vt 0.1796875 1
vt 0.1796875 0.90625
vt 0 0.90625
vt 0 0.90625
vt 0 1
vt 0.1796875 1
vt 0.1796875 0.90625
vt 0 0.90625
vt 0 1
vt 0.1796875 1
vt 0.1796875 0.90625
vn -1 0 0
vn 0 -0.7071067811865477 -0.7071067811865474
vn 1 0 0
vn 0 0.7071067811865477 0.7071067811865474
vn 0 0.7071067811865474 -0.7071067811865477
vn 0 -0.7071067811865474 0.7071067811865477
g Nest
f 20/52/13 23/51/13 21/50/13 18/49/13
f 19/56/14 20/55/14 18/54/14 17/53/14
f 24/60/15 19/59/15 17/58/15 22/57/15
f 23/64/16 24/63/16 22/62/16 21/61/16
f 22/68/17 17/67/17 18/66/17 21/65/17
f 23/72/18 20/71/18 19/70/18 24/69/18
o cube
v -0.17499999999999985 0.13125000000000006 -0.30579004294495526
v -0.17499999999999985 0.13125000000000006 -0.30579004294495526
v -0.17499999999999985 -0.001332521472477588 -0.1732075214724776
v -0.17499999999999985 -0.001332521472477588 -0.1732075214724776
v -0.17499999999999982 0.21963834764831852 -0.2174016952966369
v -0.17499999999999982 0.21963834764831852 -0.2174016952966369
v -0.17499999999999982 0.08705582617584086 -0.08481917382415917
v -0.17499999999999982 0.08705582617584086 -0.08481917382415917
vt 0 1
vt 0.0859375 1
vt 0.0859375 0.90625
vt 0 0.90625
vt 0 1
vt 0.1796875 1
vt 0.1796875 0.90625
vt 0 0.90625
vt 0.71875 0.4375
vt 0.625 0.4375
vt 0.625 0.28125
vt 0.71875 0.28125
vt 0 1
vt 0.1796875 1
vt 0.1796875 0.90625
vt 0 0.90625
vt 0 0.90625
vt 0 1
vt 0.1796875 1
vt 0.1796875 0.90625
vt 0 0.90625
vt 0 1
vt 0.1796875 1
vt 0.1796875 0.90625
vn -1 0 0
vn 0 -0.7071067811865477 -0.7071067811865474
vn 1 0 0
vn 0 0.7071067811865477 0.7071067811865474
vn 0 0.7071067811865474 -0.7071067811865477
vn 0 -0.7071067811865474 0.7071067811865477
g Nest
f 28/76/19 31/75/19 29/74/19 26/73/19
f 27/80/20 28/79/20 26/78/20 25/77/20
f 32/84/21 27/83/21 25/82/21 30/81/21
f 31/88/22 32/87/22 30/86/22 29/85/22
f 30/92/23 25/91/23 26/90/23 29/89/23
f 31/96/24 28/95/24 27/94/24 32/93/24
o cube
v 0.46637881211141025 -0.0013325734143575171 -0.44016948298079306
v 0.1791166822543754 -0.0013325734143574339 -0.15290735312375808
v 0.5767590890196747 0.005482955861476228 -0.3297892060725287
v 0.28949695916263984 0.005482955861476312 -0.04252707621549373
v 0.1791166822543754 -0.0013325734143574339 -0.15290735312375808
v 0.46637881211141025 -0.0013325734143575171 -0.44016948298079306
v 0.28949695916263984 0.005482955861476312 -0.04252707621549373
v 0.5767590890196747 0.005482955861476228 -0.3297892060725287
vt 0 1
vt 0.0859375 1
vt 0.0859375 0.90625
vt 0 0.90625
vt 0.3125 0.40625
vt 0.625 0.40625
vt 0.625 0.53125
vt 0.3125 0.53125
vt 0 1
vt 0.0859375 1
vt 0.0859375 0.90625
vt 0 0.90625
vt 0 1
vt 0.1796875 1
vt 0.1796875 0.90625
vt 0 0.90625
vt 0 0.90625
vt 0 1
vt 0.1796875 1
vt 0.1796875 0.90625
vt 0 0.90625
vt 0 1
vt 0.1796875 1
vt 0.1796875 0.90625
vn -0.7071067811865474 0 0.7071067811865477
vn 0.03084356459723174 -0.9990482215818579 0.03084356459723202
vn 0.7071067811865474 0 -0.7071067811865477
vn -0.03084356459723174 0.9990482215818579 -0.03084356459723202
vn -0.7064337722128924 -0.04361938736533597 -0.706433772212892
vn 0.7064337722128924 0.04361938736533597 0.706433772212892
g Nest
f 36/100/25 39/99/25 37/98/25 34/97/25
f 35/104/26 36/103/26 34/102/26 33/101/26
f 40/108/27 35/107/27 33/106/27 38/105/27
f 39/112/28 40/111/28 38/110/28 37/109/28
f 38/116/29 33/115/29 34/114/29 37/113/29
f 39/120/30 36/119/30 35/118/30 40/117/30
o cube
v 0.37262880319698605 0.131250096628997 -0.5339194918952173
v 0.08536667333995118 0.1312500966289971 -0.24665736203818225
v 0.44727168087015184 0.24644968050557886 -0.4592766142220515
v 0.16000955101311698 0.24644968050557894 -0.17201448436501654
v 0.08536667333995118 0.1312500966289971 -0.24665736203818225
v 0.37262880319698605 0.131250096628997 -0.5339194918952173
v 0.16000955101311698 0.24644968050557894 -0.17201448436501654
v 0.44727168087015184 0.24644968050557886 -0.4592766142220515
vt 0 1
vt 0.0859375 1
vt 0.0859375 0.90625
vt 0 0.90625
vt 0.3125 0.40625
vt 0.625 0.40625
vt 0.625 0.53125
vt 0.3125 0.53125
vt 0 1
vt 0.0859375 1
vt 0.0859375 0.90625
vt 0 0.90625
vt 0 1
vt 0.1796875 1
vt 0.1796875 0.90625
vt 0 0.90625
vt 0 0.90625
vt 0 1
vt 0.1796875 1
vt 0.1796875 0.90625
vt 0 0.90625
vt 0 1
vt 0.1796875 1
vt 0.1796875 0.90625
vn -0.7071067811865474 0 0.7071067811865477
vn 0.5213338044735969 -0.6755902076156604 0.5213338044735969
vn 0.7071067811865474 0 -0.7071067811865477
vn -0.5213338044735969 0.6755902076156604 -0.5213338044735969
vn -0.4777144171082611 -0.737277336810124 -0.4777144171082607
vn 0.4777144171082611 0.737277336810124 0.4777144171082607
g Nest
f 44/124/31 47/123/31 45/122/31 42/121/31
f 43/128/32 44/127/32 42/126/32 41/125/32
f 48/132/33 43/131/33 41/130/33 46/129/33
f 47/136/34 48/135/34 46/134/34 45/133/34
f 46/140/35 41/139/35 42/138/35 45/137/35
f 47/144/36 44/143/36 43/142/36 48/141/36
o cube
v 0.36158008588991075 0.13124999999999998 -0.5228711222902129
v 0.36158008588991075 0.13124999999999998 -0.5228711222902129
v 0.45533008588991075 -0.0013325214724776713 -0.42912112229021293
v 0.45533008588991075 -0.0013325214724776713 -0.42912112229021293
v 0.42408008588991075 0.2196383476483184 -0.46037112229021293
v 0.42408008588991075 0.2196383476483184 -0.46037112229021293
v 0.5178300858899108 0.08705582617584076 -0.36662112229021293
v 0.5178300858899108 0.08705582617584076 -0.36662112229021293
vt 0 1
vt 0.0859375 1
vt 0.0859375 0.90625
vt 0 0.90625
vt 0 1
vt 0.1796875 1
vt 0.1796875 0.90625
vt 0 0.90625
vt 0.71875 0.4375
vt 0.625 0.4375
vt 0.625 0.28125
vt 0.71875 0.28125
vt 0 1
vt 0.1796875 1
vt 0.1796875 0.90625
vt 0 0.90625
vt 0 0.90625
vt 0 1
vt 0.1796875 1
vt 0.1796875 0.90625
vt 0 0.90625
vt 0 1
vt 0.1796875 1
vt 0.1796875 0.90625
vn -0.7071067811865474 0 0.7071067811865478
vn -0.5000000000000002 -0.7071067811865476 -0.4999999999999998
vn 0.7071067811865474 0 -0.7071067811865478
vn 0.5000000000000002 0.7071067811865476 0.4999999999999998
vn -0.5000000000000001 0.7071067811865475 -0.5000000000000001
vn 0.5000000000000001 -0.7071067811865475 0.5000000000000001
g Nest
f 52/148/37 55/147/37 53/146/37 50/145/37
f 51/152/38 52/151/38 50/150/38 49/149/38
f 56/156/39 51/155/39 49/154/39 54/153/39
f 55/160/40 56/159/40 54/158/40 53/157/40
f 54/164/41 49/163/41 50/162/41 53/161/41
f 55/168/42 52/167/42 51/166/42 56/165/42
o cube
v 0.09641504294495551 0.13125000000000003 -0.2577060793452576
v 0.09641504294495551 0.13125000000000003 -0.2577060793452576
v 0.19016504294495548 -0.0013325214724776158 -0.16395607934525758
v 0.19016504294495548 -0.0013325214724776158 -0.16395607934525758
v 0.1589150429449555 0.2196383476483185 -0.1952060793452576
v 0.1589150429449555 0.2196383476483185 -0.1952060793452576
v 0.2526650429449555 0.08705582617584084 -0.1014560793452576
v 0.2526650429449555 0.08705582617584084 -0.1014560793452576
vt 0 1
vt 0.0859375 1
vt 0.0859375 0.90625
vt 0 0.90625
vt 0 1
vt 0.1796875 1
vt 0.1796875 0.90625
vt 0 0.90625
vt 0.71875 0.4375
vt 0.625 0.4375
vt 0.625 0.28125
vt 0.71875 0.28125
vt 0 1
vt 0.1796875 1
vt 0.1796875 0.90625
vt 0 0.90625
vt 0 0.90625
vt 0 1
vt 0.1796875 1
vt 0.1796875 0.90625
vt 0 0.90625
vt 0 1
vt 0.1796875 1
vt 0.1796875 0.90625
vn -0.7071067811865474 0 0.7071067811865478
vn -0.5000000000000002 -0.7071067811865476 -0.4999999999999998
vn 0.7071067811865474 0 -0.7071067811865478
vn 0.5000000000000002 0.7071067811865476 0.4999999999999998
vn -0.5000000000000001 0.7071067811865475 -0.5000000000000001
vn 0.5000000000000001 -0.7071067811865475 0.5000000000000001
g Nest
f 60/172/43 63/171/43 61/170/43 58/169/43
f 59/176/44 60/175/44 58/174/44 57/173/44
f 64/180/45 59/179/45 57/178/45 62/177/45
f 63/184/46 64/183/46 62/182/46 61/181/46
f 62/188/47 57/187/47 58/186/47 61/185/47
f 63/192/48 60/191/48 59/190/48 64/189/48
o cube
v -0.4174177369969141 -0.0013325734143575102 -0.428125
v -0.4174177369969141 -0.0013325734143575102 -0.834375
v -0.5735190216190794 0.005482955861476221 -0.428125
v -0.5735190216190794 0.005482955861476221 -0.834375
v -0.4174177369969141 -0.0013325734143575102 -0.834375
v -0.4174177369969141 -0.0013325734143575102 -0.428125
v -0.5735190216190794 0.005482955861476221 -0.834375
v -0.5735190216190794 0.005482955861476221 -0.428125
vt 0 1
vt 0.0859375 1
vt 0.0859375 0.90625
vt 0 0.90625
vt 0.3125 0.40625
vt 0.625 0.40625
vt 0.625 0.53125
vt 0.3125 0.53125
vt 0 1
vt 0.0859375 1
vt 0.0859375 0.90625
vt 0 0.90625
vt 0 1
vt 0.1796875 1
vt 0.1796875 0.90625
vt 0 0.90625
vt 0 0.90625
vt 0 1
vt 0.1796875 1
vt 0.1796875 0.90625
vt 0 0.90625
vt 0 1
vt 0.1796875 1
vt 0.1796875 0.90625
vn 0 0 -1
vn -0.04361938736533589 -0.9990482215818579 0
vn 0 0 1
vn 0.04361938736533589 0.9990482215818579 0
vn 0.9990482215818579 -0.04361938736533589 0
vn -0.9990482215818579 0.04361938736533589 0
g Nest
f 68/196/49 71/195/49 69/194/49 66/193/49
f 67/200/50 68/199/50 66/198/50 65/197/50
f 72/204/51 67/203/51 65/202/51 70/201/51
f 71/208/52 72/207/52 70/206/52 69/205/52
f 70/212/53 65/211/53 66/210/53 69/209/53
f 71/216/54 68/215/54 67/214/54 72/213/54
o cube
v -0.28483520291753694 0.131250096628997 -0.428125
v -0.28483520291753694 0.131250096628997 -0.834375
v -0.39039617285748385 0.24644968050557886 -0.428125
v -0.39039617285748385 0.24644968050557886 -0.834375
v -0.28483520291753694 0.131250096628997 -0.834375
v -0.28483520291753694 0.131250096628997 -0.428125
v -0.39039617285748385 0.24644968050557886 -0.834375
v -0.39039617285748385 0.24644968050557886 -0.428125
vt 0 1
vt 0.0859375 1
vt 0.0859375 0.90625
vt 0 0.90625
vt 0.3125 0.40625
vt 0.625 0.40625
vt 0.625 0.53125
vt 0.3125 0.53125
vt 0 1
vt 0.0859375 1
vt 0.0859375 0.90625
vt 0 0.90625
vt 0 1
vt 0.1796875 1
vt 0.1796875 0.90625
vt 0 0.90625
vt 0 0.90625
vt 0 1
vt 0.1796875 1
vt 0.1796875 0.90625
vt 0 0.90625
vt 0 1
vt 0.1796875 1
vt 0.1796875 0.90625
vn 0 0 -1
vn -0.737277336810124 -0.6755902076156605 0
vn 0 0 1
vn 0.737277336810124 0.6755902076156605 0
vn 0.6755902076156605 -0.737277336810124 0
vn -0.6755902076156605 0.737277336810124 0
g Nest
f 76/220/55 79/219/55 77/218/55 74/217/55
f 75/224/56 76/223/56 74/222/56 73/221/56
f 80/228/57 75/227/57 73/226/57 78/225/57
f 79/232/58 80/231/58 78/230/58 77/229/58
f 78/236/59 73/235/59 74/234/59 77/233/59
f 79/240/60 76/239/60 75/238/60 80/237/60
o cube
v -0.28483495705504464 0.13124999999999995 -0.44375
v -0.28483495705504464 0.13124999999999995 -0.44375
v -0.4174174785275223 -0.001332521472477699 -0.44375
v -0.4174174785275223 -0.001332521472477699 -0.44375
v -0.37322330470336307 0.2196383476483184 -0.44375
v -0.37322330470336307 0.2196383476483184 -0.44375
v -0.5058058261758407 0.08705582617584076 -0.44375
v -0.5058058261758407 0.08705582617584076 -0.44375
vt 0 1
vt 0.0859375 1
vt 0.0859375 0.90625
vt 0 0.90625
vt 0 1
vt 0.1796875 1
vt 0.1796875 0.90625
vt 0 0.90625
vt 0.71875 0.4375
vt 0.625 0.4375
vt 0.625 0.28125
vt 0.71875 0.28125
vt 0 1
vt 0.1796875 1
vt 0.1796875 0.90625
vt 0 0.90625
vt 0 0.90625
vt 0 1
vt 0.1796875 1
vt 0.1796875 0.90625
vt 0 0.90625
vt 0 1
vt 0.1796875 1
vt 0.1796875 0.90625
vn 0 0 -1
vn 0.7071067811865475 -0.7071067811865476 0
vn 0 0 1
vn -0.7071067811865475 0.7071067811865476 0
vn 0.7071067811865476 0.7071067811865475 0
vn -0.7071067811865476 -0.7071067811865475 0
g Nest
f 84/244/61 87/243/61 85/242/61 82/241/61
f 83/248/62 84/247/62 82/246/62 81/245/62
f 88/252/63 83/251/63 81/250/63 86/249/63
f 87/256/64 88/255/64 86/254/64 85/253/64
f 86/260/65 81/259/65 82/258/65 85/257/65
f 87/264/66 84/263/66 83/262/66 88/261/66
o cube
v -0.28483495705504464 0.13124999999999995 -0.81875
v -0.28483495705504464 0.13124999999999995 -0.81875
v -0.4174174785275223 -0.001332521472477699 -0.81875
v -0.4174174785275223 -0.001332521472477699 -0.81875
v -0.37322330470336307 0.2196383476483184 -0.81875
v -0.37322330470336307 0.2196383476483184 -0.81875
v -0.5058058261758407 0.08705582617584076 -0.81875
v -0.5058058261758407 0.08705582617584076 -0.81875
vt 0 1
vt 0.0859375 1
vt 0.0859375 0.90625
vt 0 0.90625
vt 0 1
vt 0.1796875 1
vt 0.1796875 0.90625
vt 0 0.90625
vt 0.71875 0.4375
vt 0.625 0.4375
vt 0.625 0.28125
vt 0.71875 0.28125
vt 0 1
vt 0.1796875 1
vt 0.1796875 0.90625
vt 0 0.90625
vt 0 0.90625
vt 0 1
vt 0.1796875 1
vt 0.1796875 0.90625
vt 0 0.90625
vt 0 1
vt 0.1796875 1
vt 0.1796875 0.90625
vn 0 0 -1
vn 0.7071067811865475 -0.7071067811865476 0
vn 0 0 1
vn -0.7071067811865475 0.7071067811865476 0
vn 0.7071067811865476 0.7071067811865475 0
vn -0.7071067811865476 -0.7071067811865475 0
g Nest
f 92/268/67 95/267/67 93/266/67 90/265/67
f 91/272/68 92/271/68 90/270/68 89/269/68
f 96/276/69 91/275/69 89/274/69 94/273/69
f 95/280/70 96/279/70 94/278/70 93/277/70
f 94/284/71 89/283/71 90/282/71 93/281/71
f 95/288/72 92/287/72 91/286/72 96/285/72
o cube
v -0.15045551701920695 -0.0013325734143574824 -0.17737118788858983
v -0.43771764687624193 -0.0013325734143574686 -0.4646333177456248
v -0.26083579392747136 0.005482955861476263 -0.06699091098032545
v -0.5480979237845063 0.005482955861476277 -0.35425304083736037
v -0.43771764687624193 -0.0013325734143574686 -0.4646333177456248
v -0.15045551701920695 -0.0013325734143574824 -0.17737118788858983
v -0.5480979237845063 0.005482955861476277 -0.35425304083736037
v -0.26083579392747136 0.005482955861476263 -0.06699091098032545
vt 0 1
vt 0.0859375 1
vt 0.0859375 0.90625
vt 0 0.90625
vt 0.3125 0.40625
vt 0.625 0.40625
vt 0.625 0.53125
vt 0.3125 0.53125
vt 0 1
vt 0.0859375 1
vt 0.0859375 0.90625
vt 0 0.90625
vt 0 1
vt 0.1796875 1
vt 0.1796875 0.90625
vt 0 0.90625
vt 0 0.90625
vt 0 1
vt 0.1796875 1
vt 0.1796875 0.90625
vt 0 0.90625
vt 0 1
vt 0.1796875 1
vt 0.1796875 0.90625
vn -0.7071067811865476 0 -0.7071067811865475
vn -0.030843564597231896 -0.9990482215818577 0.03084356459723185
vn 0.7071067811865476 0 0.7071067811865475
vn 0.030843564597231896 0.9990482215818577 -0.03084356459723185
vn 0.706433772212892 -0.043619387365335965 -0.7064337722128922
vn -0.706433772212892 0.043619387365335965 0.7064337722128922
g Nest
f 100/292/73 103/291/73 101/290/73 98/289/73
f 99/296/74 100/295/74 98/294/74 97/293/74
f 104/300/75 99/299/75 97/298/75 102/297/75
f 103/304/76 104/303/76 102/302/76 101/301/76
f 102/308/77 97/307/77 98/306/77 101/305/77
f 103/312/78 100/311/78 99/310/78 104/309/78
o cube
v -0.05670550810478281 0.13125009662899703 -0.27112119680301405
v -0.34396763796181773 0.13125009662899706 -0.5583833266600489
v -0.13134838577794855 0.2464496805055789 -0.19647831912984826
v -0.4186105156349835 0.24644968050557892 -0.4837404489868832
v -0.34396763796181773 0.13125009662899706 -0.5583833266600489
v -0.05670550810478281 0.13125009662899703 -0.27112119680301405
v -0.4186105156349835 0.24644968050557892 -0.4837404489868832
v -0.13134838577794855 0.2464496805055789 -0.19647831912984826
vt 0 1
vt 0.0859375 1
vt 0.0859375 0.90625
vt 0 0.90625
vt 0.3125 0.40625
vt 0.625 0.40625
vt 0.625 0.53125
vt 0.3125 0.53125
vt 0 1
vt 0.0859375 1
vt 0.0859375 0.90625
vt 0 0.90625
vt 0 1
vt 0.1796875 1
vt 0.1796875 0.90625
vt 0 0.90625
vt 0 0.90625
vt 0 1
vt 0.1796875 1
vt 0.1796875 0.90625
vt 0 0.90625
vt 0 1
vt 0.1796875 1
vt 0.1796875 0.90625
vn -0.7071067811865476 0 -0.7071067811865476
vn -0.5213338044735968 -0.6755902076156604 0.5213338044735969
vn 0.7071067811865476 0 0.7071067811865476
vn 0.5213338044735968 0.6755902076156604 -0.5213338044735969
vn 0.47771441710826085 -0.737277336810124 -0.47771441710826096
vn -0.47771441710826085 0.737277336810124 0.47771441710826096
g Nest
f 108/316/79 111/315/79 109/314/79 106/313/79
f 107/320/80 108/319/80 106/318/80 105/317/80
f 112/324/81 107/323/81 105/322/81 110/321/81
f 111/328/82 112/327/82 110/326/82 109/325/82
f 110/332/83 105/331/83 106/330/83 109/329/83
f 111/336/84 108/335/84 107/334/84 112/333/84
o cube
v -0.06775387770978708 0.13125 -0.2821699141100893
v -0.06775387770978708 0.13125 -0.2821699141100893
v -0.16150387770978708 -0.0013325214724776435 -0.1884199141100893
v -0.16150387770978708 -0.0013325214724776435 -0.1884199141100893
v -0.13025387770978702 0.21963834764831847 -0.21966991411008932
v -0.13025387770978702 0.21963834764831847 -0.21966991411008932
v -0.22400387770978705 0.0870558261758408 -0.1259199141100893
v -0.22400387770978705 0.0870558261758408 -0.1259199141100893
vt 0 1
vt 0.0859375 1
vt 0.0859375 0.90625
vt 0 0.90625
vt 0 1
vt 0.1796875 1
vt 0.1796875 0.90625
vt 0 0.90625
vt 0.71875 0.4375
vt 0.625 0.4375
vt 0.625 0.28125
vt 0.71875 0.28125
vt 0 1
vt 0.1796875 1
vt 0.1796875 0.90625
vt 0 0.90625
vt 0 0.90625
vt 0 1
vt 0.1796875 1
vt 0.1796875 0.90625
vt 0 0.90625
vt 0 1
vt 0.1796875 1
vt 0.1796875 0.90625
vn -0.7071067811865476 0 -0.7071067811865475
vn 0.49999999999999994 -0.7071067811865478 -0.5
vn 0.7071067811865476 0 0.7071067811865475
vn -0.49999999999999994 0.7071067811865478 0.5
vn 0.5000000000000001 0.7071067811865475 -0.5000000000000001
vn -0.5000000000000001 -0.7071067811865475 0.5000000000000001
g Nest
f 116/340/85 119/339/85 117/338/85 114/337/85
f 115/344/86 116/343/86 114/342/86 113/341/86
f 120/348/87 115/347/87 113/346/87 118/345/87
f 119/352/88 120/351/88 118/350/88 117/349/88
f 118/356/89 113/355/89 114/354/89 117/353/89
f 119/360/90 116/359/90 115/358/90 120/357/90
o cube
v -0.3329189206547424 0.13125 -0.5473349570550445
v -0.3329189206547424 0.13125 -0.5473349570550445
v -0.42666892065474243 -0.0013325214724776435 -0.4535849570550446
v -0.42666892065474243 -0.0013325214724776435 -0.4535849570550446
v -0.3954189206547424 0.21963834764831847 -0.4848349570550446
v -0.3954189206547424 0.21963834764831847 -0.4848349570550446
v -0.4891689206547424 0.08705582617584082 -0.3910849570550446
v -0.4891689206547424 0.08705582617584082 -0.3910849570550446
vt 0 1
vt 0.0859375 1
vt 0.0859375 0.90625
vt 0 0.90625
vt 0 1
vt 0.1796875 1
vt 0.1796875 0.90625
vt 0 0.90625
vt 0.71875 0.4375
vt 0.625 0.4375
vt 0.625 0.28125
vt 0.71875 0.28125
vt 0 1
vt 0.1796875 1
vt 0.1796875 0.90625
vt 0 0.90625
vt 0 0.90625
vt 0 1
vt 0.1796875 1
vt 0.1796875 0.90625
vt 0 0.90625
vt 0 1
vt 0.1796875 1
vt 0.1796875 0.90625
vn -0.7071067811865476 0 -0.7071067811865475
vn 0.49999999999999994 -0.7071067811865478 -0.5
vn 0.7071067811865476 0 0.7071067811865475
vn -0.49999999999999994 0.7071067811865478 0.5
vn 0.5000000000000001 0.7071067811865475 -0.5000000000000001
vn -0.5000000000000001 -0.7071067811865475 0.5000000000000001
g Nest
f 124/364/91 127/363/91 125/362/91 122/361/91
f 123/368/92 124/367/92 122/366/92 121/365/92
f 128/372/93 123/371/93 121/370/93 126/369/93
f 127/376/94 128/375/94 126/374/94 125/373/94
f 126/380/95 121/379/95 122/378/95 125/377/95
f 127/384/96 124/383/96 123/382/96 128/381/96
o cube
v -0.19375000000000012 -0.0013325734143575102 -1.0611677369969141
v 0.2124999999999999 -0.0013325734143575102 -1.0611677369969141
v -0.19375000000000012 0.005482955861476221 -1.2172690216190793
v 0.21249999999999986 0.005482955861476221 -1.2172690216190796
v 0.2124999999999999 -0.0013325734143575102 -1.0611677369969141
v -0.19375000000000012 -0.0013325734143575102 -1.0611677369969141
v 0.21249999999999986 0.005482955861476221 -1.2172690216190796
v -0.19375000000000012 0.005482955861476221 -1.2172690216190793
vt 0 1
vt 0.0859375 1
vt 0.0859375 0.90625
vt 0 0.90625
vt 0.3125 0.40625
vt 0.625 0.40625
vt 0.625 0.53125
vt 0.3125 0.53125
vt 0 1
vt 0.0859375 1
vt 0.0859375 0.90625
vt 0 0.90625
vt 0 1
vt 0.1796875 1
vt 0.1796875 0.90625
vt 0 0.90625
vt 0 0.90625
vt 0 1
vt 0.1796875 1
vt 0.1796875 0.90625
vt 0 0.90625
vt 0 1
vt 0.1796875 1
vt 0.1796875 0.90625
vn 1 0 0
vn 0 -0.9990482215818579 -0.04361938736533589
vn -1 0 0
vn 0 0.9990482215818579 0.04361938736533589
vn 0 -0.04361938736533589 0.9990482215818579
vn 0 0.04361938736533589 -0.9990482215818579
g Nest
f 132/388/97 135/387/97 133/386/97 130/385/97
f 131/392/98 132/391/98 130/390/98 129/389/98
f 136/396/99 131/395/99 129/394/99 134/393/99
f 135/400/100 136/399/100 134/398/100 133/397/100
f 134/404/101 129/403/101 130/402/101 133/401/101
f 135/408/102 132/407/102 131/406/102 136/405/102
o cube
v -0.19375000000000006 0.131250096628997 -0.9285852029175369
v 0.21249999999999994 0.131250096628997 -0.928585202917537
v -0.19375000000000006 0.24644968050557886 -1.034146172857484
v 0.2124999999999999 0.24644968050557886 -1.034146172857484
v 0.21249999999999994 0.131250096628997 -0.928585202917537
v -0.19375000000000006 0.131250096628997 -0.9285852029175369
v 0.2124999999999999 0.24644968050557886 -1.034146172857484
v -0.19375000000000006 0.24644968050557886 -1.034146172857484
vt 0 1
vt 0.0859375 1
vt 0.0859375 0.90625
vt 0 0.90625
vt 0.3125 0.40625
vt 0.625 0.40625
vt 0.625 0.53125
vt 0.3125 0.53125
vt 0 1
vt 0.0859375 1
vt 0.0859375 0.90625
vt 0 0.90625
vt 0 1
vt 0.1796875 1
vt 0.1796875 0.90625
vt 0 0.90625
vt 0 0.90625
vt 0 1
vt 0.1796875 1
vt 0.1796875 0.90625
vt 0 0.90625
vt 0 1
vt 0.1796875 1
vt 0.1796875 0.90625
vn 1 0 0
vn 0 -0.6755902076156605 -0.737277336810124
vn -1 0 0
vn 0 0.6755902076156605 0.737277336810124
vn 0 -0.737277336810124 0.6755902076156605
vn 0 0.737277336810124 -0.6755902076156605
g Nest
f 140/412/103 143/411/103 141/410/103 138/409/103
f 139/416/104 140/415/104 138/414/104 137/413/104
f 144/420/105 139/419/105 137/418/105 142/417/105
f 143/424/106 144/423/106 142/422/106 141/421/106
f 142/428/107 137/427/107 138/426/107 141/425/107
f 143/432/108 140/431/108 139/430/108 144/429/108
o cube
v -0.17812500000000006 0.13124999999999995 -0.9285849570550447
v -0.17812500000000006 0.13124999999999995 -0.9285849570550447
v -0.1781250000000001 -0.001332521472477699 -1.0611674785275225
v -0.1781250000000001 -0.001332521472477699 -1.0611674785275225
v -0.1781250000000001 0.2196383476483184 -1.0169733047033631
v -0.1781250000000001 0.2196383476483184 -1.0169733047033631
v -0.17812500000000012 0.08705582617584076 -1.149555826175841
v -0.17812500000000012 0.08705582617584076 -1.149555826175841
vt 0 1
vt 0.0859375 1
vt 0.0859375 0.90625
vt 0 0.90625
vt 0 1
vt 0.1796875 1
vt 0.1796875 0.90625
vt 0 0.90625
vt 0.71875 0.4375
vt 0.625 0.4375
vt 0.625 0.28125
vt 0.71875 0.28125
vt 0 1
vt 0.1796875 1
vt 0.1796875 0.90625
vt 0 0.90625
vt 0 0.90625
vt 0 1
vt 0.1796875 1
vt 0.1796875 0.90625
vt 0 0.90625
vt 0 1
vt 0.1796875 1
vt 0.1796875 0.90625
vn 1 0 0
vn 0 -0.7071067811865476 0.7071067811865475
vn -1 0 0
vn 0 0.7071067811865476 -0.7071067811865475
vn 0 0.7071067811865475 0.7071067811865476
vn 0 -0.7071067811865475 -0.7071067811865476
g Nest
f 148/436/109 151/435/109 149/434/109 146/433/109
f 147/440/110 148/439/110 146/438/110 145/437/110
f 152/444/111 147/443/111 145/442/111 150/441/111
f 151/448/112 152/447/112 150/446/112 149/445/112
f 150/452/113 145/451/113 146/450/113 149/449/113
f 151/456/114 148/455/114 147/454/114 152/453/114
o cube
v 0.19687499999999994 0.13124999999999995 -0.9285849570550448
v 0.19687499999999994 0.13124999999999995 -0.9285849570550448
v 0.1968749999999999 -0.001332521472477699 -1.0611674785275225
v 0.1968749999999999 -0.001332521472477699 -1.0611674785275225
v 0.1968749999999999 0.2196383476483184 -1.0169733047033633
v 0.1968749999999999 0.2196383476483184 -1.0169733047033633
v 0.19687499999999988 0.08705582617584076 -1.149555826175841
v 0.19687499999999988 0.08705582617584076 -1.149555826175841
vt 0 1
vt 0.0859375 1
vt 0.0859375 0.90625
vt 0 0.90625
vt 0 1
vt 0.1796875 1
vt 0.1796875 0.90625
vt 0 0.90625
vt 0.71875 0.4375
vt 0.625 0.4375
vt 0.625 0.28125
vt 0.71875 0.28125
vt 0 1
vt 0.1796875 1
vt 0.1796875 0.90625
vt 0 0.90625
vt 0 0.90625
vt 0 1
vt 0.1796875 1
vt 0.1796875 0.90625
vt 0 0.90625
vt 0 1
vt 0.1796875 1
vt 0.1796875 0.90625
vn 1 0 0
vn 0 -0.7071067811865476 0.7071067811865475
vn -1 0 0
vn 0 0.7071067811865476 -0.7071067811865475
vn 0 0.7071067811865475 0.7071067811865476
vn 0 -0.7071067811865475 -0.7071067811865476
g Nest
f 156/460/115 159/459/115 157/458/115 154/457/115
f 155/464/116 156/463/116 154/462/116 153/461/116
f 160/468/117 155/467/117 153/466/117 158/465/117
f 159/472/118 160/471/118 158/470/118 157/469/118
f 158/476/119 153/475/119 154/474/119 157/473/119
f 159/480/120 156/479/120 155/478/120 160/477/120
o cube
v -0.43367735556745 -0.0013325734143575102 -0.7805681387983354
v -0.14641522571041515 -0.0013325734143575102 -1.0678302686553705
v -0.5440576324757144 0.005482955861476221 -0.8909484157065998
v -0.25679550261867956 0.005482955861476221 -1.1782105455636347
v -0.14641522571041515 -0.0013325734143575102 -1.0678302686553705
v -0.43367735556745 -0.0013325734143575102 -0.7805681387983354
v -0.25679550261867956 0.005482955861476221 -1.1782105455636347
v -0.5440576324757144 0.005482955861476221 -0.8909484157065998
vt 0 1
vt 0.0859375 1
vt 0.0859375 0.90625
vt 0 0.90625
vt 0.3125 0.40625
vt 0.625 0.40625
vt 0.625 0.53125
vt 0.3125 0.53125
vt 0 1
vt 0.0859375 1
vt 0.0859375 0.90625
vt 0 0.90625
vt 0 1
vt 0.1796875 1
vt 0.1796875 0.90625
vt 0 0.90625
vt 0 0.90625
vt 0 1
vt 0.1796875 1
vt 0.1796875 0.90625
vt 0 0.90625
vt 0 1
vt 0.1796875 1
vt 0.1796875 0.90625
vn 0.7071067811865474 0 -0.7071067811865477
vn -0.03084356459723183 -0.9990482215818579 -0.030843564597231813
vn -0.7071067811865474 0 0.7071067811865477
vn 0.03084356459723183 0.9990482215818579 0.030843564597231813
vn 0.7064337722128924 -0.04361938736533589 0.706433772212892
vn -0.7064337722128924 0.04361938736533589 -0.706433772212892
g Nest
f 164/484/121 167/483/121 165/482/121 162/481/121
f 163/488/122 164/487/122 162/486/122 161/485/122
f 168/492/123 163/491/123 161/490/123 166/489/123
f 167/496/124 168/495/124 166/494/124 165/493/124
f 166/500/125 161/499/125 162/498/125 165/497/125
f 167/504/126 164/503/126 163/502/126 168/501/126
o cube
v -0.3399273466530258 0.131250096628997 -0.6868181298839111
v -0.05266521679599096 0.131250096628997 -0.9740802597409461
v -0.4145702243261916 0.24644968050557886 -0.7614610075570769
v -0.12730809446915675 0.24644968050557886 -1.048723137414112
v -0.05266521679599096 0.131250096628997 -0.9740802597409461
v -0.3399273466530258 0.131250096628997 -0.6868181298839111
v -0.12730809446915675 0.24644968050557886 -1.048723137414112
v -0.4145702243261916 0.24644968050557886 -0.7614610075570769
vt 0 1
vt 0.0859375 1
vt 0.0859375 0.90625
vt 0 0.90625
vt 0.3125 0.40625
vt 0.625 0.40625
vt 0.625 0.53125
vt 0.3125 0.53125
vt 0 1
vt 0.0859375 1
vt 0.0859375 0.90625
vt 0 0.90625
vt 0 1
vt 0.1796875 1
vt 0.1796875 0.90625
vt 0 0.90625
vt 0 0.90625
vt 0 1
vt 0.1796875 1
vt 0.1796875 0.90625
vt 0 0.90625
vt 0 1
vt 0.1796875 1
vt 0.1796875 0.90625
vn 0.7071067811865474 0 -0.7071067811865478
vn -0.5213338044735969 -0.6755902076156605 -0.5213338044735967
vn -0.7071067811865474 0 0.7071067811865478
vn 0.5213338044735969 0.6755902076156605 0.5213338044735967
vn 0.4777144171082611 -0.737277336810124 0.47771441710826085
vn -0.4777144171082611 0.737277336810124 -0.47771441710826085
g Nest
f 172/508/127 175/507/127 173/506/127 170/505/127
f 171/512/128 172/511/128 170/510/128 169/509/128
f 176/516/129 171/515/129 169/514/129 174/513/129
f 175/520/130 176/519/130 174/518/130 173/517/130
f 174/524/131 169/523/131 170/522/131 173/521/131
f 175/528/132 172/527/132 171/526/132 176/525/132
o cube
v -0.32887862934595047 0.13124999999999995 -0.6978664994889154
v -0.32887862934595047 0.13124999999999995 -0.6978664994889154
v -0.42262862934595047 -0.001332521472477699 -0.7916164994889154
v -0.42262862934595047 -0.001332521472477699 -0.7916164994889154
v -0.39137862934595047 0.2196383476483184 -0.7603664994889154
v -0.39137862934595047 0.2196383476483184 -0.7603664994889154
v -0.48512862934595047 0.08705582617584076 -0.8541164994889154
v -0.48512862934595047 0.08705582617584076 -0.8541164994889154
vt 0 1
vt 0.0859375 1
vt 0.0859375 0.90625
vt 0 0.90625
vt 0 1
vt 0.1796875 1
vt 0.1796875 0.90625
vt 0 0.90625
vt 0.71875 0.4375
vt 0.625 0.4375
vt 0.625 0.28125
vt 0.71875 0.28125
vt 0 1
vt 0.1796875 1
vt 0.1796875 0.90625
vt 0 0.90625
vt 0 0.90625
vt 0 1
vt 0.1796875 1
vt 0.1796875 0.90625
vt 0 0.90625
vt 0 1
vt 0.1796875 1
vt 0.1796875 0.90625
vn 0.7071067811865474 0 -0.7071067811865477
vn 0.5000000000000002 -0.7071067811865476 0.49999999999999994
vn -0.7071067811865474 0 0.7071067811865477
vn -0.5000000000000002 0.7071067811865476 -0.49999999999999994
vn 0.5000000000000002 0.7071067811865476 0.5
vn -0.5000000000000002 -0.7071067811865476 -0.5
g Nest
f 180/532/133 183/531/133 181/530/133 178/529/133
f 179/536/134 180/535/134 178/534/134 177/533/134
f 184/540/135 179/539/135 177/538/135 182/537/135
f 183/544/136 184/543/136 182/542/136 181/541/136
f 182/548/137 177/547/137 178/546/137 181/545/137
f 183/552/138 180/551/138 179/550/138 184/549/138
o cube
v -0.06371358640099523 0.13124999999999995 -0.9630315424338708
v -0.06371358640099523 0.13124999999999995 -0.9630315424338708
v -0.15746358640099523 -0.001332521472477699 -1.0567815424338707
v -0.15746358640099523 -0.001332521472477699 -1.0567815424338707
v -0.12621358640099523 0.2196383476483184 -1.0255315424338707
v -0.12621358640099523 0.2196383476483184 -1.0255315424338707
v -0.21996358640099523 0.08705582617584076 -1.1192815424338707
v -0.21996358640099523 0.08705582617584076 -1.1192815424338707
vt 0 1
vt 0.0859375 1
vt 0.0859375 0.90625
vt 0 0.90625
vt 0 1
vt 0.1796875 1
vt 0.1796875 0.90625
vt 0 0.90625
vt 0.71875 0.4375
vt 0.625 0.4375
vt 0.625 0.28125
vt 0.71875 0.28125
vt 0 1
vt 0.1796875 1
vt 0.1796875 0.90625
vt 0 0.90625
vt 0 0.90625
vt 0 1
vt 0.1796875 1
vt 0.1796875 0.90625
vt 0 0.90625
vt 0 1
vt 0.1796875 1
vt 0.1796875 0.90625
vn 0.7071067811865474 0 -0.7071067811865477
vn 0.5000000000000002 -0.7071067811865476 0.49999999999999994
vn -0.7071067811865474 0 0.7071067811865477
vn -0.5000000000000002 0.7071067811865476 -0.49999999999999994
vn 0.5000000000000002 0.7071067811865476 0.5
vn -0.5000000000000002 -0.7071067811865476 -0.5
g Nest
f 188/556/139 191/555/139 189/554/139 186/553/139
f 187/560/140 188/559/140 186/558/140 185/557/140
f 192/564/141 187/563/141 185/562/141 190/561/141
f 191/568/142 192/567/142 190/566/142 189/565/142
f 190/572/143 185/571/143 186/570/143 189/569/143
f 191/576/144 188/575/144 187/574/144 192/573/144
o cube
v 0.4705427369969141 -0.0013325734143575102 -0.8343750000000002
v 0.4705427369969143 -0.0013325734143575102 -0.4281250000000002
v 0.6266440216190794 0.005482955861476221 -0.8343750000000003
v 0.6266440216190796 0.005482955861476221 -0.42812500000000026
v 0.4705427369969143 -0.0013325734143575102 -0.4281250000000002
v 0.4705427369969141 -0.0013325734143575102 -0.8343750000000002
v 0.6266440216190796 0.005482955861476221 -0.42812500000000026
v 0.6266440216190794 0.005482955861476221 -0.8343750000000003
vt 0 1
vt 0.0859375 1
vt 0.0859375 0.90625
vt 0 0.90625
vt 0.3125 0.40625
vt 0.625 0.40625
vt 0.625 0.53125
vt 0.3125 0.53125
vt 0 1
vt 0.0859375 1
vt 0.0859375 0.90625
vt 0 0.90625
vt 0 1
vt 0.1796875 1
vt 0.1796875 0.90625
vt 0 0.90625
vt 0 0.90625
vt 0 1
vt 0.1796875 1
vt 0.1796875 0.90625
vt 0 0.90625
vt 0 1
vt 0.1796875 1
vt 0.1796875 0.90625
vn 0 0 1
vn 0.04361938736533589 -0.9990482215818579 0
vn 0 0 -1
vn -0.04361938736533589 0.9990482215818579 0
vn -0.9990482215818579 -0.04361938736533589 0
vn 0.9990482215818579 0.04361938736533589 0
g Nest
f 196/580/145 199/579/145 197/578/145 194/577/145
f 195/584/146 196/583/146 194/582/146 193/581/146
f 200/588/147 195/587/147 193/586/147 198/585/147
f 199/592/148 200/591/148 198/590/148 197/589/148
f 198/596/149 193/595/149 194/594/149 197/593/149
f 199/600/150 196/599/150 195/598/150 200/597/150
o cube
v 0.3379602029175369 0.131250096628997 -0.8343750000000001
v 0.3379602029175371 0.131250096628997 -0.4281250000000001
v 0.4435211728574838 0.24644968050557886 -0.8343750000000001
v 0.44352117285748405 0.24644968050557886 -0.42812500000000014
v 0.3379602029175371 0.131250096628997 -0.4281250000000001
v 0.3379602029175369 0.131250096628997 -0.8343750000000001
v 0.44352117285748405 0.24644968050557886 -0.42812500000000014
v 0.4435211728574838 0.24644968050557886 -0.8343750000000001
vt 0 1
vt 0.0859375 1
vt 0.0859375 0.90625
vt 0 0.90625
vt 0.3125 0.40625
vt 0.625 0.40625
vt 0.625 0.53125
vt 0.3125 0.53125
vt 0 1
vt 0.0859375 1
vt 0.0859375 0.90625
vt 0 0.90625
vt 0 1
vt 0.1796875 1
vt 0.1796875 0.90625
vt 0 0.90625
vt 0 0.90625
vt 0 1
vt 0.1796875 1
vt 0.1796875 0.90625
vt 0 0.90625
vt 0 1
vt 0.1796875 1
vt 0.1796875 0.90625
vn 0 0 1
vn 0.737277336810124 -0.6755902076156605 0
vn 0 0 -1
vn -0.737277336810124 0.6755902076156605 0
vn -0.6755902076156605 -0.737277336810124 0
vn 0.6755902076156605 0.737277336810124 0
g Nest
f 204/604/151 207/603/151 205/602/151 202/601/151
f 203/608/152 204/607/152 202/606/152 201/605/152
f 208/612/153 203/611/153 201/610/153 206/609/153
f 207/616/154 208/615/154 206/614/154 205/613/154
f 206/620/155 201/619/155 202/618/155 205/617/155
f 207/624/156 204/623/156 203/622/156 208/621/156
o cube
v 0.33795995705504467 0.13124999999999995 -0.8187500000000001
v 0.33795995705504467 0.13124999999999995 -0.8187500000000001
v 0.4705424785275223 -0.001332521472477699 -0.8187500000000001
v 0.4705424785275223 -0.001332521472477699 -0.8187500000000001
v 0.42634830470336305 0.2196383476483184 -0.8187500000000001
v 0.42634830470336305 0.2196383476483184 -0.8187500000000001
v 0.5589308261758408 0.08705582617584076 -0.8187500000000002
v 0.5589308261758408 0.08705582617584076 -0.8187500000000002
vt 0 1
vt 0.0859375 1
vt 0.0859375 0.90625
vt 0 0.90625
vt 0 1
vt 0.1796875 1
vt 0.1796875 0.90625
vt 0 0.90625
vt 0.71875 0.4375
vt 0.625 0.4375
vt 0.625 0.28125
vt 0.71875 0.28125
vt 0 1
vt 0.1796875 1
vt 0.1796875 0.90625
vt 0 0.90625
vt 0 0.90625
vt 0 1
vt 0.1796875 1
vt 0.1796875 0.90625
vt 0 0.90625
vt 0 1
vt 0.1796875 1
vt 0.1796875 0.90625
vn 0 0 1
vn -0.7071067811865475 -0.7071067811865476 0
vn 0 0 -1
vn 0.7071067811865475 0.7071067811865476 0
vn -0.7071067811865476 0.7071067811865475 0
vn 0.7071067811865476 -0.7071067811865475 0
g Nest
f 212/628/157 215/627/157 213/626/157 210/625/157
f 211/632/158 212/631/158 210/630/158 209/629/158
f 216/636/159 211/635/159 209/634/159 214/633/159
f 215/640/160 216/639/160 214/638/160 213/637/160
f 214/644/161 209/643/161 210/642/161 213/641/161
f 215/648/162 212/647/162 211/646/162 216/645/162
o cube
v 0.3379599570550448 0.13124999999999995 -0.4437500000000001
v 0.3379599570550448 0.13124999999999995 -0.4437500000000001
v 0.4705424785275225 -0.001332521472477699 -0.44375000000000014
v 0.4705424785275225 -0.001332521472477699 -0.44375000000000014
v 0.42634830470336327 0.2196383476483184 -0.4437500000000001
v 0.42634830470336327 0.2196383476483184 -0.4437500000000001
v 0.5589308261758409 0.08705582617584076 -0.4437500000000002
v 0.5589308261758409 0.08705582617584076 -0.4437500000000002
vt 0 1
vt 0.0859375 1
vt 0.0859375 0.90625
vt 0 0.90625
vt 0 1
vt 0.1796875 1
vt 0.1796875 0.90625
vt 0 0.90625
vt 0.71875 0.4375
vt 0.625 0.4375
vt 0.625 0.28125
vt 0.71875 0.28125
vt 0 1
vt 0.1796875 1
vt 0.1796875 0.90625
vt 0 0.90625
vt 0 0.90625
vt 0 1
vt 0.1796875 1
vt 0.1796875 0.90625
vt 0 0.90625
vt 0 1
vt 0.1796875 1
vt 0.1796875 0.90625
vn 0 0 1
vn -0.7071067811865475 -0.7071067811865476 0
vn 0 0 -1
vn 0.7071067811865475 0.7071067811865476 0
vn -0.7071067811865476 0.7071067811865475 0
vn 0.7071067811865476 -0.7071067811865475 0
g Nest
f 220/652/163 223/651/163 221/650/163 218/649/163
f 219/656/164 220/655/164 218/654/164 217/653/164
f 224/660/165 219/659/165 217/658/165 222/657/165
f 223/664/166 224/663/166 222/662/166 221/661/166
f 222/668/167 217/667/167 218/666/167 221/665/167
f 223/672/168 220/671/168 219/670/168 224/669/168
o cube
v 0.1899431387983354 -0.0013325734143575102 -1.07430235556745
v 0.4772052686553704 -0.0013325734143575102 -0.787040225710415
v 0.3003234157065998 0.005482955861476221 -1.1846826324757143
v 0.5875855455636347 0.005482955861476221 -0.8974205026186794
v 0.4772052686553704 -0.0013325734143575102 -0.787040225710415
v 0.1899431387983354 -0.0013325734143575102 -1.07430235556745
v 0.5875855455636347 0.005482955861476221 -0.8974205026186794
v 0.3003234157065998 0.005482955861476221 -1.1846826324757143
vt 0 1
vt 0.0859375 1
vt 0.0859375 0.90625
vt 0 0.90625
vt 0.3125 0.40625
vt 0.625 0.40625
vt 0.625 0.53125
vt 0.3125 0.53125
vt 0 1
vt 0.0859375 1
vt 0.0859375 0.90625
vt 0 0.90625
vt 0 1
vt 0.1796875 1
vt 0.1796875 0.90625
vt 0 0.90625
vt 0 0.90625
vt 0 1
vt 0.1796875 1
vt 0.1796875 0.90625
vt 0 0.90625
vt 0 1
vt 0.1796875 1
vt 0.1796875 0.90625
vn 0.7071067811865476 0 0.7071067811865475
vn 0.03084356459723182 -0.9990482215818579 -0.030843564597231823
vn -0.7071067811865476 0 -0.7071067811865475
vn -0.03084356459723182 0.9990482215818579 0.030843564597231823
vn -0.7064337722128922 -0.04361938736533589 0.7064337722128923
vn 0.7064337722128922 0.04361938736533589 -0.7064337722128923
g Nest
f 228/676/169 231/675/169 229/674/169 226/673/169
f 227/680/170 228/679/170 226/678/170 225/677/170
f 232/684/171 227/683/171 225/682/171 230/681/171
f 231/688/172 232/687/172 230/686/172 229/685/172
f 230/692/173 225/691/173 226/690/173 229/689/173
f 231/696/174 228/695/174 227/694/174 232/693/174
o cube
