# Made in Blockbench 4.12.3

o cube
v 0.6021874999999999 1.1749999999999998 -0.04250000000000001
v 0.6021874999999999 1.1749999999999998 -0.04250000000000001
v 0.6021874999999999 0.0024999999999999467 -0.04250000000000001
v 0.6021874999999999 0.0024999999999999467 -0.04250000000000001
v -0.5703125 1.1749999999999998 -0.04250000000000001
v -0.5703125 1.1749999999999998 -0.04250000000000001
v -0.5703125 0.0024999999999999467 -0.04250000000000001
v -0.5703125 0.0024999999999999467 -0.04250000000000001
vt 0 1
vt 0.15625 1
vt 0.15625 0.8125
vt 0 0.8125
vt 0 1
vt 0 1
vt 0 0.5
vt 0 0.5
vt 0.125 0.71875
vt 0.84375 0.71875
vt 0.84375 0
vt 0.125 0
vt 0 1
vt 0 1
vt 0 0.5
vt 0 0.5
vt 0 1
vt 0.5 1
vt 0.5 1
vt 0 1
vt 0 1
vt 0.5 1
vt 0.5 1
vt 0 1
vn 0 0 -1
vn 1 0 0
vn 0 0 1
vn -1 0 0
vn 0 1 0
vn 0 -1 0
g Base
f 4/4/1 7/3/1 5/2/1 2/1/1
f 3/8/2 4/7/2 2/6/2 1/5/2
f 8/12/3 3/11/3 1/10/3 6/9/3
f 7/16/4 8/15/4 6/14/4 5/13/4
f 6/20/5 1/19/5 2/18/5 5/17/5
f 7/24/6 4/23/6 3/22/6 8/21/6
o cube
v 0.01593750000000014 1.1749999999999998 0.5437499999999998
v 0.01593750000000014 1.1749999999999998 0.5437499999999998
v 0.01593750000000014 0.0024999999999999467 0.5437499999999998
v 0.01593750000000014 0.0024999999999999467 0.5437499999999998
v 0.015937499999999875 1.1749999999999998 -0.62875
v 0.015937499999999875 1.1749999999999998 -0.62875
v 0.015937499999999875 0.0024999999999999467 -0.62875
v 0.015937499999999875 0.0024999999999999467 -0.62875
vt 0 1
vt 0.15625 1
vt 0.15625 0.8125
vt 0 0.8125
vt 0 1
vt 0 1
vt 0 0.5
vt 0 0.5
vt 0.125 0.71875
vt 0.84375 0.71875
vt 0.84375 0
vt 0.125 0
vt 0 1
vt 0 1
vt 0 0.5
vt 0 0.5
vt 0 1
vt 0.5 1
vt 0.5 1
vt 0 1
vt 0 1
vt 0.5 1
vt 0.5 1
vt 0 1
vn 1 0 0
vn 0 0 1
vn -1 0 0
vn 0 0 -1
vn 0 1 0
vn 0 -1 0
g Base
f 12/28/7 15/27/7 13/26/7 10/25/7
f 11/32/8 12/31/8 10/30/8 9/29/8
f 16/36/9 11/35/9 9/34/9 14/33/9
f 15/40/10 16/39/10 14/38/10 13/37/10
f 14/44/11 9/43/11 10/42/11 13/41/11
f 15/48/12 12/47/12 11/46/12 16/45/12
o cube
v 0.03687499999999999 5.215629334898542 -0.29496718536278593
v 0.03687499999999999 5.215629334898542 -0.29496718536278593
v 0.03687499999999999 3.6785998638160615 0.11687862015660036
v 0.03687499999999999 3.6785998638160615 0.11687862015660036
v -0.13062500000000002 5.215629334898542 -0.29496718536278593
v -0.13062500000000002 5.215629334898542 -0.29496718536278593
v -0.13062500000000002 3.6785998638160615 0.11687862015660036
v -0.13062500000000002 3.6785998638160615 0.11687862015660036
vt 0 1
vt 0.21875 1
vt 0.21875 0.53125
vt 0 0.53125
vt 0 1
vt 0 1
vt 0 0.53125
vt 0 0.53125
vt 0.4375 1
vt 0.5625 1
vt 0.5625 0
vt 0.4375 0
vt 0 1
vt 0 1
vt 0 0.53125
vt 0 0.53125
vt 0 1
vt 0.21875 1
vt 0.21875 1
vt 0 1
vt 0 1
vt 0.21875 1
vt 0.21875 1
vt 0 1
vn 0 -0.2588190451025208 -0.9659258262890684
vn 1 0 0
vn 0 0.2588190451025208 0.9659258262890684
vn -1 0 0
vn 0 0.9659258262890684 -0.2588190451025208
vn 0 -0.9659258262890684 0.2588190451025208
g Leaf
f 20/52/13 23/51/13 21/50/13 18/49/13
f 19/56/14 20/55/14 18/54/14 17/53/14
f 24/60/15 19/59/15 17/58/15 22/57/15
f 23/64/16 24/63/16 22/62/16 21/61/16
f 22/68/17 17/67/17 18/66/17 21/65/17
f 23/72/18 20/71/18 19/70/18 24/69/18
o cube
v -0.44339611144734514 5.185924694771054 -0.21540593581835205
v -0.44339611144734514 5.185924694771054 -0.21540593581835205
v 0.034646567845832824 3.70346437614898 0.10996026246465787
v 0.034646567845832824 3.70346437614898 0.10996026246465787
v -0.6031437006976732 5.137272728880161 -0.20236968084770063
v -0.6031437006976732 5.137272728880161 -0.20236968084770063
v -0.1251010214044952 3.654812410258087 0.12299651743530927
v -0.1251010214044952 3.654812410258087 0.12299651743530927
vt 0 1
vt 0.21875 1
vt 0.21875 0.53125
vt 0 0.53125
vt 0 1
vt 0 1
vt 0 0.53125
vt 0 0.53125
vt 0.4375 1
vt 0.5625 1
vt 0.5625 0
vt 0.4375 0
vt 0 1
vt 0 1
vt 0 0.53125
vt 0 0.53125
vt 0 1
vt 0.21875 1
vt 0.21875 1
vt 0 1
vt 0 1
vt 0.21875 1
vt 0.21875 1
vt 0 1
vn -0.013116602751580702 -0.21838966194650972 -0.9757734933308788
vn 0.953716950748227 0.2904594978560797 -0.077828387884486
vn 0.013116602751580702 0.21838966194650972 0.9757734933308788
vn -0.953716950748227 -0.2904594978560797 0.077828387884486
vn -0.3004195942140946 0.9316325647271478 -0.20447208061775954
vn 0.3004195942140946 -0.9316325647271478 0.20447208061775954
g Leaf
f 28/76/19 31/75/19 29/74/19 26/73/19
f 27/80/20 28/79/20 26/78/20 25/77/20
f 32/84/21 27/83/21 25/82/21 30/81/21
f 31/88/22 32/87/22 30/86/22 29/85/22
f 30/92/23 25/91/23 26/90/23 29/89/23
f 31/96/24 28/95/24 27/94/24 32/93/24
o cube
v -0.8378050750863277 4.947782684593088 -0.08966971213904956
v -0.8378050750863277 4.947782684593088 -0.08966971213904956
v 0.024764839716317155 3.7268065774985057 0.10461548539673349
v 0.024764839716317155 3.7268065774985057 0.10461548539673349
v -0.9750274581561605 4.8544578047362865 -0.06693791976912056
v -0.9750274581561605 4.8544578047362865 -0.06693791976912056
v -0.11245754335351565 3.6334816976417037 0.12734727776666246
v -0.11245754335351565 3.6334816976417037 0.12734727776666246
vt 0 1
vt 0.21875 1
vt 0.21875 0.53125
vt 0 0.53125
vt 0 1
vt 0 1
vt 0 0.53125
vt 0 0.53125
vt 0.4375 1
vt 0.5625 1
vt 0.5625 0
vt 0.4375 0
vt 0 1
vt 0 1
vt 0 0.53125
vt 0 0.53125
vt 0 1
vt 0.21875 1
vt 0.21875 1
vt 0 1
vt 0 1
vt 0.21875 1
vt 0.21875 1
vt 0 1
vn -0.038111265115759525 -0.183235218965449 -0.9823300799639398
vn 0.8192381078795989 0.5571634618316528 -0.13571219325330736
vn 0.038111265115759525 0.183235218965449 0.9823300799639398
vn -0.8192381078795989 -0.5571634618316528 0.13571219325330736
vn -0.5721856814611241 0.8099343993993912 -0.12887906967547796
vn 0.5721856814611241 -0.8099343993993912 0.12887906967547796
g Leaf
f 36/100/25 39/99/25 37/98/25 34/97/25
f 35/104/26 36/103/26 34/102/26 33/101/26
f 40/108/27 35/107/27 33/106/27 38/105/27
f 39/112/28 40/111/28 38/110/28 37/109/28
f 38/116/29 33/115/29 34/114/29 37/113/29
f 39/120/30 36/119/30 35/118/30 40/117/30
o cube
v -1.223904044841202 4.620060368510817 0.05312750931184124
v -1.223904044841202 4.620060368510817 0.05312750931184124
v 0.005362366805077089 3.7487587703643634 0.10102181237303642
v 0.005362366805077089 3.7487587703643634 0.10102181237303642
v -1.3200713182975572 4.485963842779681 0.08187167920435034
v -1.3200713182975572 4.485963842779681 0.08187167920435034
v -0.09080490665127802 3.6146622446332275 0.12976598226554553
v -0.09080490665127802 3.6146622446332275 0.12976598226554553
vt 0 1
vt 0.21875 1
vt 0.21875 0.53125
vt 0 0.53125
vt 0 1
vt 0 1
vt 0 0.53125
vt 0 0.53125
vt 0.4375 1
vt 0.5625 1
vt 0.5625 0
vt 0.4375 0
vt 0 1
vt 0 1
vt 0 0.53125
vt 0 0.53125
vt 0 1
vt 0.21875 1
vt 0.21875 1
vt 0 1
vt 0 1
vt 0.21875 1
vt 0.21875 1
vt 0 1
vn -0.07375018052787201 -0.15817472683944728 -0.9846530691880124
vn 0.5741329758588364 0.8005762730217071 -0.17160698443289027
vn 0.07375018052787201 0.15817472683944728 0.9846530691880124
vn -0.5741329758588364 -0.8005762730217071 0.17160698443289027
vn -0.8154337722363375 0.5779778428832196 -0.03177068196430858
vn 0.8154337722363375 -0.5779778428832196 0.03177068196430858
g Leaf
f 44/124/31 47/123/31 45/122/31 42/121/31
f 43/128/32 44/127/32 42/126/32 41/125/32
f 48/132/33 43/131/33 41/130/33 46/129/33
f 47/136/34 48/135/34 46/134/34 45/133/34
f 46/140/35 41/139/35 42/138/35 45/137/35
f 47/144/36 44/143/36 43/142/36 48/141/36
o cube
v -1.4092375766559413 4.083727012195283 0.18372982713220265
v -1.4092375766559413 4.083727012195283 0.18372982713220265
v -0.024585354317754122 3.7636725143386647 0.09789624352026999
v -0.024585354317754122 3.7636725143386647 0.09789624352026999
v -1.444166317185057 3.9234853204003644 0.2177714677470744
v -1.444166317185057 3.9234853204003644 0.2177714677470744
v -0.05951409484686959 3.603430822543746 0.13193788413514174
v -0.05951409484686959 3.603430822543746 0.13193788413514174
vt 0 1
vt 0.21875 1
vt 0.21875 0.53125
vt 0 0.53125
vt 0 1
vt 0 1
vt 0 0.53125
vt 0 0.53125
vt 0.4375 1
vt 0.5625 1
vt 0.5625 0
vt 0.4375 0
vt 0 1
vt 0 1
vt 0 0.53125
vt 0 0.53125
vt 0 1
vt 0.21875 1
vt 0.21875 1
vt 0 1
vt 0 1
vt 0.21875 1
vt 0.21875 1
vt 0 1
vn -0.1033608379972164 -0.18508101889326217 -0.9772725073457994
vn 0.20852979420367448 0.9566668166860806 -0.20323367531266714
vn 0.1033608379972164 0.18508101889326217 0.9772725073457994
vn -0.20852979420367448 -0.9566668166860806 0.20323367531266714
vn -0.9725388743376208 0.22479683782729995 0.0602869770759843
vn 0.9725388743376208 -0.22479683782729995 -0.0602869770759843
g Leaf
f 52/148/37 55/147/37 53/146/37 50/145/37
f 51/152/38 52/151/38 50/150/38 49/149/38
f 56/156/39 51/155/39 49/154/39 54/153/39
f 55/160/40 56/159/40 54/158/40 53/157/40
f 54/164/41 49/163/41 50/162/41 53/161/41
f 55/168/42 52/167/42 51/166/42 56/165/42
o cube
v -1.369782523397955 3.680009042547811 0.31557145049699487
v -1.369782523397955 3.680009042547811 0.31557145049699487
v -0.0501747647445206 3.7672964223937533 0.0996634223431322
v -0.0501747647445206 3.7672964223937533 0.0996634223431322
v -1.3541096019496162 3.5158612079649054 0.3450009923727548
v -1.3541096019496162 3.5158612079649054 0.3450009923727548
v -0.034501843296181715 3.603148587810847 0.1290929642188921
v -0.034501843296181715 3.603148587810847 0.1290929642188921
vt 0 1
vt 0.21875 1
vt 0.21875 0.53125
vt 0 0.53125
vt 0 1
vt 0 1
vt 0 0.53125
vt 0 0.53125
vt 0.4375 1
vt 0.5625 1
vt 0.5625 0
vt 0.4375 0
vt 0 1
vt 0 1
vt 0 0.53125
vt 0 0.53125
vt 0 1
vt 0.21875 1
vt 0.21875 1
vt 0 1
vt 0 1
vt 0.21875 1
vt 0.21875 1
vt 0 1
vn -0.14645581505956862 -0.18810140948180054 -0.9711686537292056
vn -0.09356968028859025 0.9799870721367527 -0.1756987574672232
vn 0.14645581505956862 0.18810140948180054 0.9711686537292056
vn 0.09356968028859025 -0.9799870721367527 0.1756987574672232
vn -0.9847819094428616 -0.06513983570592684 0.1611253941446737
vn 0.9847819094428616 0.06513983570592684 -0.1611253941446737
g Leaf
f 60/172/43 63/171/43 61/170/43 58/169/43
f 59/176/44 60/175/44 58/174/44 57/173/44
f 64/180/45 59/179/45 57/178/45 62/177/45
f 63/184/46 64/183/46 62/182/46 61/181/46
f 62/188/47 57/187/47 58/186/47 61/185/47
f 63/192/48 60/191/48 59/190/48 64/189/48
o cube
v -1.4906877073817173 4.102553747363319 0.18877886146231637
v -1.4906877073817173 4.102553747363319 0.18877886146231637
v -0.024585354317754122 3.7636725143386647 0.09789624352026999
v -0.024585354317754122 3.7636725143386647 0.09789624352026999
v -1.525616447910833 3.942312055568401 0.22282050207718812
v -1.525616447910833 3.942312055568401 0.22282050207718812
v -0.05951409484686959 3.603430822543746 0.13193788413514174
v -0.05951409484686959 3.603430822543746 0.13193788413514174
vt 0 1
vt 0.21875 1
vt 0.21875 0.53125
vt 0 0.53125
vt 0 1
vt 0 1
vt 0 0.53125
vt 0 0.53125
vt 0.4375 1
vt 0.5625 1
vt 0.5625 0
vt 0.4375 0
vt 0 1
vt 0 1
vt 0 0.53125
vt 0 0.53125
vt 0 1
vt 0.21875 1
vt 0.21875 1
vt 0 1
vt 0 1
vt 0.21875 1
vt 0.21875 1
vt 0 1
vn -0.1033608379972164 -0.18508101889326217 -0.9772725073457994
vn 0.20852979420367448 0.9566668166860806 -0.20323367531266714
vn 0.1033608379972164 0.18508101889326217 0.9772725073457994
vn -0.20852979420367448 -0.9566668166860806 0.20323367531266714
vn -0.9725388743376208 0.22479683782729995 0.0602869770759843
vn 0.9725388743376208 -0.22479683782729995 -0.0602869770759843
g Leaf
f 68/196/49 71/195/49 69/194/49 66/193/49
f 67/200/50 68/199/50 66/198/50 65/197/50
f 72/204/51 67/203/51 65/202/51 70/201/51
f 71/208/52 72/207/52 70/206/52 69/205/52
f 70/212/53 65/211/53 66/210/53 69/209/53
f 71/216/54 68/215/54 67/214/54 72/213/54
o cube
v -1.4522580083137948 3.67455358130744 0.32906570225661136
v -1.4522580083137948 3.67455358130744 0.32906570225661136
v -0.0501747647445206 3.7672964223937533 0.0996634223431322
v -0.0501747647445206 3.7672964223937533 0.0996634223431322
v -1.436585086865456 3.5104057467245338 0.3584952441323712
v -1.436585086865456 3.5104057467245338 0.3584952441323712
v -0.034501843296181715 3.603148587810847 0.1290929642188921
v -0.034501843296181715 3.603148587810847 0.1290929642188921
vt 0 1
vt 0.21875 1
vt 0.21875 0.53125
vt 0 0.53125
vt 0 1
vt 0 1
vt 0 0.53125
vt 0 0.53125
vt 0.4375 1
vt 0.5625 1
vt 0.5625 0
vt 0.4375 0
vt 0 1
vt 0 1
vt 0 0.53125
vt 0 0.53125
vt 0 1
vt 0.21875 1
vt 0.21875 1
vt 0 1
vt 0 1
vt 0.21875 1
vt 0.21875 1
vt 0 1
vn -0.14645581505956862 -0.18810140948180054 -0.9711686537292056
vn -0.09356968028859025 0.9799870721367527 -0.1756987574672232
vn 0.14645581505956862 0.18810140948180054 0.9711686537292056
vn 0.09356968028859025 -0.9799870721367527 0.1756987574672232
vn -0.9847819094428616 -0.06513983570592684 0.1611253941446737
vn 0.9847819094428616 0.06513983570592684 -0.1611253941446737
g Leaf
f 76/220/55 79/219/55 77/218/55 74/217/55
f 75/224/56 76/223/56 74/222/56 73/221/56
f 80/228/57 75/227/57 73/226/57 78/225/57
f 79/232/58 80/231/58 78/230/58 77/229/58
f 78/236/59 73/235/59 74/234/59 77/233/59
f 79/240/60 76/239/60 75/238/60 80/237/60
o cube
v -1.2662542504894019 3.242567232902953 0.4446158455431513
v -1.2662542504894019 3.242567232902953 0.4446158455431513
v -0.07881196934834589 3.762225398526178 0.1047096528081107
v -0.07881196934834589 3.762225398526178 0.1047096528081107
v -1.1951099675146988 3.0920504792980905 0.46303995703511885
v -1.1951099675146988 3.0920504792980905 0.46303995703511885
v -0.007667686373642617 3.6117086449213156 0.12313376430007823
v -0.007667686373642617 3.6117086449213156 0.12313376430007823
vt 0 1
vt 0.21875 1
vt 0.21875 0.53125
vt 0 0.53125
vt 0 1
vt 0 1
vt 0 0.53125
vt 0 0.53125
vt 0.4375 1
vt 0.5625 1
vt 0.5625 0
vt 0.4375 0
vt 0 1
vt 0 1
vt 0 0.53125
vt 0 0.53125
vt 0 1
vt 0.21875 1
vt 0.21875 1
vt 0 1
vt 0 1
vt 0.21875 1
vt 0.21875 1
vt 0 1
vn -0.1852855276431873 -0.20521252545696067 -0.9610187785062069
vn -0.4247419879086761 0.8986074842081346 -0.109994695474433
vn 0.1852855276431873 0.20521252545696067 0.9610187785062069
vn 0.4247419879086761 -0.8986074842081346 0.109994695474433
vn -0.8861509560754148 -0.38780460121136207 0.25366133786197076
vn 0.8861509560754148 0.38780460121136207 -0.25366133786197076
g Leaf
f 84/244/61 87/243/61 85/242/61 82/241/61
f 83/248/62 84/247/62 82/246/62 81/245/62
f 88/252/63 83/251/63 81/250/63 86/249/63
f 87/256/64 88/255/64 86/254/64 85/253/64
f 86/260/65 81/259/65 82/258/65 85/257/65
f 87/264/66 84/263/66 83/262/66 88/261/66
o cube
v 0.5092552466521562 5.13729761532801 -0.20249519399581267
v 0.5092552466521562 5.13729761532801 -0.20249519399581267
v 0.03139173008001628 3.6549102869425685 0.12346620045387184
v 0.03139173008001628 3.6549102869425685 0.12346620045387184
v 0.34951645160697337 5.185720973336275 -0.21645749168339073
v 0.34951645160697337 5.185720973336275 -0.21645749168339073
v -0.1283470649651665 3.703333644950833 0.10950390276629378
v -0.1283470649651665 3.703333644950833 0.10950390276629378
vt 0 1
vt 0.21875 1
vt 0.21875 0.53125
vt 0 0.53125
vt 0 1
vt 0 1
vt 0 0.53125
vt 0 0.53125
vt 0.4375 1
vt 0.5625 1
vt 0.5625 0
vt 0.4375 0
vt 0 1
vt 0 1
vt 0 0.53125
vt 0 0.53125
vt 0 1
vt 0.21875 1
vt 0.21875 1
vt 0 1
vt 0 1
vt 0.21875 1
vt 0.21875 1
vt 0 1
vn 0.018434349666533366 -0.22038715663993894 -0.9752382662408889
vn 0.953664448030942 -0.28909467467620525 0.08335700111986906
vn -0.018434349666533366 0.22038715663993894 0.9752382662408889
vn -0.953664448030942 0.28909467467620525 -0.08335700111986906
vn 0.30030700177353636 0.9315866949790674 -0.20484612377042222
vn -0.30030700177353636 -0.9315866949790674 0.20484612377042222
g Leaf
f 92/268/67 95/267/67 93/266/67 90/265/67
f 91/272/68 92/271/68 90/270/68 89/269/68
f 96/276/69 91/275/69 89/274/69 94/273/69
f 95/280/70 96/279/70 94/278/70 93/277/70
f 94/284/71 89/283/71 90/282/71 93/281/71
f 95/288/72 92/287/72 91/286/72 96/285/72
o cube
v 0.8807114231198698 4.855301272596733 -0.06450421816968882
v 0.8807114231198698 4.855301272596733 -0.06450421816968882
v 0.018767879519774183 3.633618763354165 0.1281130818240948
v 0.018767879519774183 3.633618763354165 0.1281130818240948
v 0.7435124206939181 4.948275897967639 -0.08876123304092226
v 0.7435124206939181 4.948275897967639 -0.08876123304092226
v -0.11843112290617758 3.726593388725072 0.10385606695286137
v -0.11843112290617758 3.726593388725072 0.10385606695286137
vt 0 1
vt 0.21875 1
vt 0.21875 0.53125
vt 0 0.53125
vt 0 1
vt 0 1
vt 0 0.53125
vt 0 0.53125
vt 0.4375 1
vt 0.5625 1
vt 0.5625 0
vt 0.4375 0
vt 0 1
vt 0 1
vt 0 0.53125
vt 0 0.53125
vt 0 1
vt 0.21875 1
vt 0.21875 1
vt 0 1
vt 0 1
vt 0.21875 1
vt 0.21875 1
vt 0 1
vn 0.04643785842031703 -0.18746101834864914 -0.981173731764677
vn 0.8190985219459807 -0.5550723902740698 0.1448179992312445
vn -0.04643785842031703 0.18746101834864914 0.981173731764677
vn -0.8190985219459807 0.5550723902740698 -0.1448179992312445
vn 0.5717701781758512 0.810402991205683 -0.12777266997929265
vn -0.5717701781758512 -0.810402991205683 0.12777266997929265
g Leaf
f 100/292/73 103/291/73 101/290/73 98/289/73
f 99/296/74 100/295/74 98/294/74 97/293/74
f 104/300/75 99/299/75 97/298/75 102/297/75
f 103/304/76 104/303/76 102/302/76 101/301/76
f 102/308/77 97/307/77 98/306/77 101/305/77
f 103/312/78 100/311/78 99/310/78 104/309/78
o cube
v 1.1898587816686825 4.540790512667662 0.07277377388269271
v 1.1898587816686825 4.540790512667662 0.07277377388269271
v 0.00019445113461137586 3.6166260205686127 0.12912110920768047
v 0.00019445113461137586 3.6166260205686127 0.12912110920768047
v 1.087679378639243 4.670653553610758 0.04536555990294994
v 1.087679378639243 4.670653553610758 0.04536555990294994
v -0.10198495189482815 3.7464890615117077 0.10171289522793768
v -0.10198495189482815 3.7464890615117077 0.10171289522793768
vt 0 1
vt 0.21875 1
vt 0.21875 0.53125
vt 0 0.53125
vt 0 1
vt 0 1
vt 0 0.53125
vt 0 0.53125
vt 0.4375 1
vt 0.5625 1
vt 0.5625 0
vt 0.4375 0
vt 0 1
vt 0 1
vt 0 0.53125
vt 0 0.53125
vt 0 1
vt 0.21875 1
vt 0.21875 1
vt 0 1
vt 0 1
vt 0.21875 1
vt 0.21875 1
vt 0 1
vn 0.07133392475468575 -0.1519333150017164 -0.9858132373688651
vn 0.6100262867429226 -0.7753017369737022 0.16363112823727027
vn -0.07133392475468575 0.1519333150017164 0.9858132373688651
vn -0.6100262867429226 0.7753017369737022 -0.16363112823727027
vn 0.7891637350143093 0.6130444392033497 -0.037378000215580555
vn -0.7891637350143093 -0.6130444392033497 0.037378000215580555
g Leaf
f 108/316/79 111/315/79 109/314/79 106/313/79
f 107/320/80 108/319/80 106/318/80 105/317/80
f 112/324/81 107/323/81 105/322/81 110/321/81
f 111/328/82 112/327/82 110/326/82 109/325/82
f 110/332/83 105/331/83 106/330/83 109/329/83
f 111/336/84 108/335/84 107/334/84 112/333/84
o cube
v 1.2239423546527417 3.418505077294384 0.44012215506573477
v 1.2239423546527417 3.418505077294384 0.44012215506573477
v -0.06573133026253501 3.6042713508426285 0.12733999756782305
v -0.06573133026253501 3.6042713508426285 0.12733999756782305
v 1.253816290471603 3.581163417587812 0.4135503223913068
v 1.253816290471603 3.581163417587812 0.4135503223913068
v -0.035857394443673495 3.7669296911360566 0.10076816489339509
v -0.035857394443673495 3.7669296911360566 0.10076816489339509
vt 0 1
vt 0.21875 1
vt 0.21875 0.53125
vt 0 0.53125
vt 0 1
vt 0 1
vt 0 0.53125
vt 0 0.53125
vt 0.4375 1
vt 0.5625 1
vt 0.5625 0
vt 0.4375 0
vt 0 1
vt 0 1
vt 0 0.53125
vt 0 0.53125
vt 0 1
vt 0.21875 1
vt 0.21875 1
vt 0 1
vt 0 1
vt 0.21875 1
vt 0.21875 1
vt 0 1
vn 0.20468022399078675 -0.19431065920498714 -0.9593484109677801
vn -0.178351855634994 -0.9710945689159904 0.15863780701151042
vn -0.20468022399078675 0.19431065920498714 0.9593484109677801
vn 0.178351855634994 0.9710945689159904 -0.15863780701151042
vn 0.9624430484442368 -0.13863154742406347 0.23341952052082973
vn -0.9624430484442368 0.13863154742406347 -0.23341952052082973
g Leaf
f 116/340/85 119/339/85 117/338/85 114/337/85
f 115/344/86 116/343/86 114/342/86 113/341/86
f 120/348/87 115/347/87 113/346/87 118/345/87
f 119/352/88 120/351/88 118/350/88 117/349/88
f 118/356/89 113/355/89 114/354/89 117/353/89
f 119/360/90 116/359/90 115/358/90 120/357/90
o cube
v 1.3533526199752444 3.8180214857164976 0.322352057571059
v 1.3533526199752444 3.8180214857164976 0.322352057571059
v -0.041257533994020365 3.602792191105193 0.1331354312219363
v -0.041257533994020365 3.602792191105193 0.1331354312219363
v 1.3333673543859959 3.980134126510945 0.2852531242443759
v 1.3333673543859959 3.980134126510945 0.2852531242443759
v -0.06124279958326902 3.7649048318996403 0.0960364978952532
v -0.06124279958326902 3.7649048318996403 0.0960364978952532
vt 0 1
vt 0.21875 1
vt 0.21875 0.53125
vt 0 0.53125
vt 0 1
vt 0 1
vt 0 0.53125
vt 0 0.53125
vt 0.4375 1
vt 0.5625 1
vt 0.5625 0
vt 0.4375 0
vt 0 1
vt 0 1
vt 0 0.53125
vt 0 0.53125
vt 0 1
vt 0.21875 1
vt 0.21875 1
vt 0 1
vt 0 1
vt 0.21875 1
vt 0.21875 1
vt 0 1
vn 0.16210788402670617 -0.2010960317108002 -0.9660649149858167
vn 0.11931501844327562 -0.9678366614593872 0.22148616911452595
vn -0.16210788402670617 0.2010960317108002 0.9660649149858167
vn -0.11931501844327562 0.9678366614593872 -0.22148616911452595
vn 0.9795330317606779 0.1511707073652711 0.1329001765402091
vn -0.9795330317606779 -0.1511707073652711 -0.1329001765402091
g Leaf
f 124/364/91 127/363/91 125/362/91 122/361/91
f 123/368/92 124/367/92 122/366/92 121/365/92
f 128/372/93 123/371/93 121/370/93 126/369/93
f 127/376/94 128/375/94 126/374/94 125/373/94
f 126/380/95 121/379/95 122/378/95 125/377/95
f 127/384/96 124/383/96 123/382/96 128/381/96
o cube
v 0.9532276029241233 3.045962336917107 0.523689698208256
v 0.9532276029241233 3.045962336917107 0.523689698208256
v -0.09315173367389858 3.6159038377513557 0.12566830171368767
v -0.09315173367389858 3.6159038377513557 0.12566830171368767
v 1.0394344087796452 3.1875820478084838 0.49984658366272633
v 1.0394344087796452 3.1875820478084838 0.49984658366272633
v -0.0069449278183767865 3.7575235486427325 0.10182518716815803
v -0.0069449278183767865 3.7575235486427325 0.10182518716815803
vt 0 1
vt 0.21875 1
vt 0.21875 0.53125
vt 0 0.53125
vt 0 1
vt 0 1
vt 0 0.53125
vt 0 0.53125
vt 0.4375 1
vt 0.5625 1
vt 0.5625 0
vt 0.4375 0
vt 0 1
vt 0 1
vt 0 0.53125
vt 0 0.53125
vt 0 1
vt 0.21875 1
vt 0.21875 1
vt 0 1
vt 0 1
vt 0.21875 1
vt 0.21875 1
vt 0 1
vn 0.20329870462137423 -0.281629919106713 -0.9377388897572808
vn -0.5146674976449062 -0.8454908112918015 0.14234695251062468
vn -0.20329870462137423 0.281629919106713 0.9377388897572808
vn 0.5146674976449062 0.8454908112918015 -0.14234695251062468
vn 0.8329387754014109 -0.4536847767834819 0.31683295243348736
vn -0.8329387754014109 0.4536847767834819 -0.31683295243348736
g Leaf
f 132/388/97 135/387/97 133/386/97 130/385/97
f 131/392/98 132/391/98 130/390/98 129/389/98
f 136/396/99 131/395/99 129/394/99 134/393/99
f 135/400/100 136/399/100 134/398/100 133/397/100
f 134/404/101 129/403/101 130/402/101 133/401/101
f 135/408/102 132/407/102 131/406/102 136/405/102
o cube
v 0.5381833195481255 2.868114164358757 0.5331323167804956
v 0.5381833195481255 2.868114164358757 0.5331323167804956
v -0.11245567628113032 3.6341038807467796 0.11443766193750293
v -0.11245567628113032 3.6341038807467796 0.11443766193750293
v 0.6663554904425973 2.9759307964462467 0.5312039875790409
v 0.6663554904425973 2.9759307964462467 0.5312039875790409
v 0.015716494613341486 3.7419205128342696 0.1125093327360481
v 0.015716494613341486 3.7419205128342696 0.1125093327360481
vt 0 1
vt 0.21875 1
vt 0.21875 0.53125
vt 0 0.53125
vt 0 1
vt 0 1
vt 0 0.53125
vt 0 0.53125
vt 0.4375 1
vt 0.5625 1
vt 0.5625 0
vt 0.4375 0
vt 0 1
vt 0 1
vt 0 0.53125
vt 0 0.53125
vt 0 1
vt 0.21875 1
vt 0.21875 1
vt 0 1
vt 0 1
vt 0.21875 1
vt 0.21875 1
vt 0 1
vn 0.23943748839771953 -0.30115132184807736 -0.9230263108378589
vn -0.7652069904147569 -0.6436813855969541 0.011512413143013933
vn -0.23943748839771953 0.30115132184807736 0.9230263108378589
vn 0.7652069904147569 0.6436813855969541 -0.011512413143013933
vn 0.5976018331382377 -0.7035496821015138 0.38456455094649195
vn -0.5976018331382377 0.7035496821015138 -0.38456455094649195
g Leaf
f 140/412/103 143/411/103 141/410/103 138/409/103
f 139/416/104 140/415/104 138/414/104 137/413/104
f 144/420/105 139/419/105 137/418/105 142/417/105
f 143/424/106 144/423/106 142/422/106 141/421/106
f 142/428/107 137/427/107 138/426/107 141/425/107
f 143/432/108 140/431/108 139/430/108 144/429/108
o cube
v 1.3459823770651038 4.2522030416467205 0.16665642711117343
v 1.3459823770651038 4.2522030416467205 0.16665642711117343
v -0.016773707199028088 3.608431297724983 0.13487519791758795
v -0.016773707199028088 3.608431297724983 0.13487519791758795
v 1.2771916703653656 4.399764717272299 0.12729095291966505
v 1.2771916703653656 4.399764717272299 0.12729095291966505
v -0.08556441389876629 3.7559929733505606 0.09550972372607958
v -0.08556441389876629 3.7559929733505606 0.09550972372607958
vt 0 1
vt 0.21875 1
vt 0.21875 0.53125
vt 0 0.53125
vt 0 1
vt 0 1
vt 0 0.53125
vt 0 0.53125
vt 0.4375 1
vt 0.5625 1
vt 0.5625 0
vt 0.4375 0
vt 0 1
vt 0 1
vt 0 0.53125
vt 0 0.53125
vt 0 1
vt 0.21875 1
vt 0.21875 1
vt 0 1
vt 0 1
vt 0.21875 1
vt 0.21875 1
vt 0 1
vn 0.11893595268956518 -0.20379410905040016 -0.9717624196655165
vn 0.4106907862670937 -0.8809652276153906 0.23501775636721417
vn -0.11893595268956518 0.20379410905040016 0.9717624196655165
vn -0.4106907862670937 0.8809652276153906 -0.23501775636721417
vn 0.9039841354985948 0.4270459329497431 0.021082075750305462
vn -0.9039841354985948 -0.4270459329497431 -0.021082075750305462
g Leaf
f 148/436/109 151/435/109 149/434/109 146/433/109
f 147/440/110 148/439/110 146/438/110 145/437/110
f 152/444/111 147/443/111 145/442/111 150/441/111
f 151/448/112 152/447/112 150/446/112 149/445/112
f 150/452/113 145/451/113 146/450/113 149/449/113
f 151/456/114 148/455/114 147/454/114 152/453/114
o cube
v -1.1461088136088697 4.86345354370121 -1.5198775878468052
v -1.1461088136088697 4.86345354370121 -1.5198775878468052
v -0.6188471929718886 3.507550857930136 -0.8752073988182976
v -0.6188471929718886 3.507550857930136 -0.8752073988182976
v -0.9966402045049956 4.887498558941914 -1.5915520054211925
v -0.9966402045049956 4.887498558941914 -1.5915520054211925
v -0.46937858386801457 3.531595873170839 -0.9468818163926849
v -0.46937858386801457 3.531595873170839 -0.9468818163926849
vt 0 1
vt 0.21875 1
vt 0.21875 0.53125
vt 0 0.53125
vt 0 1
vt 0 1
vt 0 0.53125
vt 0 0.53125
vt 0.4375 1
vt 0.5625 1
vt 0.5625 0
vt 0.4375 0
vt 0 1
vt 0 1
vt 0 0.53125
vt 0 0.53125
vt 0 1
vt 0.21875 1
vt 0.21875 1
vt 0 1
vt 0 1
vt 0.21875 1
vt 0.21875 1
vt 0 1
vn 0.3064611488472053 0.5033089111050152 0.8079366956943689
vn -0.892349905097756 -0.14355232979524193 0.4279069705933568
vn -0.3064611488472053 -0.5033089111050152 -0.8079366956943689
vn 0.892349905097756 0.14355232979524193 -0.4279069705933568
vn -0.33135058641758425 0.852099095535632 -0.40513444715067237
vn 0.33135058641758425 -0.852099095535632 0.40513444715067237
g Leaf
f 156/460/115 159/459/115 157/458/115 154/457/115
f 155/464/116 156/463/116 154/462/116 153/461/116
f 160/468/117 155/467/117 153/466/117 158/465/117
f 159/472/118 160/471/118 158/470/118 157/469/118
f 158/476/119 153/475/119 154/474/119 157/473/119
f 159/480/120 156/479/120 155/478/120 160/477/120
o cube
v -0.7224040115152317 4.855592428155877 -1.7613007476931992
v -0.7224040115152317 4.855592428155877 -1.7613007476931992
v -0.6253343464687328 3.529986047021883 -0.8864168897299842
v -0.6253343464687328 3.529986047021883 -0.8864168897299842
v -0.5631637257047839 4.8356058508588 -1.809251953131174
v -0.5631637257047839 4.8356058508588 -1.809251953131174
v -0.4660940606582849 3.509999469724806 -0.9343680951679589
v -0.4660940606582849 3.509999469724806 -0.9343680951679589
vt 0 1
vt 0.21875 1
vt 0.21875 0.53125
vt 0 0.53125
vt 0 1
vt 0 1
vt 0 0.53125
vt 0 0.53125
vt 0.4375 1
vt 0.5625 1
vt 0.5625 0
vt 0.4375 0
vt 0 1
vt 0 1
vt 0 0.53125
vt 0 0.53125
vt 0 1
vt 0.21875 1
vt 0.21875 1
vt 0 1
vt 0 1
vt 0.21875 1
vt 0.21875 1
vt 0 1
vn 0.30408969861689716 0.5401605817015145 0.7847012177707934
vn -0.9506882734952109 0.11932284953478806 0.28627585336104305
vn -0.30408969861689716 -0.5401605817015145 -0.7847012177707934
vn 0.9506882734952109 -0.11932284953478806 -0.28627585336104305
vn -0.0610021461407691 0.8330597839019599 -0.5498091801811247
vn 0.0610021461407691 -0.8330597839019599 0.5498091801811247
g Leaf
f 164/484/121 167/483/121 165/482/121 162/481/121
f 163/488/122 164/487/122 162/486/122 161/485/122
f 168/492/123 163/491/123 161/490/123 166/489/123
f 167/496/124 168/495/124 166/494/124 165/493/124
f 166/500/125 161/499/125 162/498/125 165/497/125
f 167/504/126 164/503/126 163/502/126 168/501/126
o cube
v -0.3017816732062732 4.65836869766198 -1.8720224447587952
v -0.3017816732062732 4.65836869766198 -1.8720224447587952
v -0.6247149637293188 3.5513531825314604 -0.9010502571384346
v -0.6247149637293188 3.5513531825314604 -0.9010502571384346
v -0.14683894378312828 4.597347420457175 -1.8900614116693593
v -0.14683894378312828 4.597347420457175 -1.8900614116693593
v -0.4697722343061739 3.4903319053266553 -0.9190892240489985
v -0.4697722343061739 3.4903319053266553 -0.9190892240489985
vt 0 1
vt 0.21875 1
vt 0.21875 0.53125
vt 0 0.53125
vt 0 1
vt 0 1
vt 0 0.53125
vt 0 0.53125
vt 0.4375 1
vt 0.5625 1
vt 0.5625 0
vt 0.4375 0
vt 0 1
vt 0 1
vt 0 0.53125
vt 0 0.53125
vt 0 1
vt 0.21875 1
vt 0.21875 1
vt 0 1
vt 0 1
vt 0.21875 1
vt 0.21875 1
vt 0 1
vn 0.31373235025215646 0.5727371025540787 0.7573270256390017
vn -0.925031220436686 0.3643061325660014 0.10769532483918806
vn -0.31373235025215646 -0.5727371025540787 -0.7573270256390017
vn 0.925031220436686 -0.3643061325660014 -0.10769532483918806
vn 0.2142177714912408 0.734338650169499 -0.6440943201461761
vn -0.2142177714912408 -0.734338650169499 0.6440943201461761
g Leaf
f 172/508/127 175/507/127 173/506/127 170/505/127
f 171/512/128 172/511/128 170/510/128 169/509/128
f 176/516/129 171/515/129 169/514/129 174/513/129
f 175/520/130 176/519/130 174/518/130 173/517/130
f 174/524/131 169/523/131 170/522/131 173/521/131
f 175/528/132 172/527/132 171/526/132 176/525/132
o cube
v 0.1436144260529063 4.385833956070162 -1.9369262716751297
v 0.1436144260529063 4.385833956070162 -1.9369262716751297
v -0.6154127915839721 3.57188654452755 -0.9201059610353877
v -0.6154127915839721 3.57188654452755 -0.9201059610353877
v 0.27694077772411585 4.286423644931133 -1.9169782394592367
v 0.27694077772411585 4.286423644931133 -1.9169782394592367
v -0.4820864399127625 3.4724762333885204 -0.900157928819495
v -0.4820864399127625 3.4724762333885204 -0.900157928819495
vt 0 1
vt 0.21875 1
vt 0.21875 0.53125
vt 0 0.53125
vt 0 1
vt 0 1
vt 0 0.53125
vt 0 0.53125
vt 0.4375 1
vt 0.5625 1
vt 0.5625 0
vt 0.4375 0
vt 0 1
vt 0 1
vt 0 0.53125
vt 0 0.53125
vt 0 1
vt 0.21875 1
vt 0.21875 1
vt 0 1
vt 0 1
vt 0.21875 1
vt 0.21875 1
vt 0 1
vn 0.33601455118709633 0.5968566786483215 0.7285988790434889
vn -0.795978218932595 0.5934943948598769 -0.11909272964712062
vn -0.33601455118709633 -0.5968566786483215 -0.7285988790434889
vn 0.795978218932595 -0.5934943948598769 0.11909272964712062
vn 0.5035006418818432 0.5399319479552981 -0.6745076687494141
vn -0.5035006418818432 -0.5399319479552981 0.6745076687494141
g Leaf
f 180/532/133 183/531/133 181/530/133 178/529/133
f 179/536/134 180/535/134 178/534/134 177/533/134
f 184/540/135 179/539/135 177/538/135 182/537/135
f 183/544/136 184/543/136 182/542/136 181/541/136
f 182/548/137 177/547/137 178/546/137 181/545/137
f 183/552/138 180/551/138 179/550/138 184/549/138
o cube
v 0.49573626760728673 3.9485715540572452 -1.7824246437940356
v 0.49573626760728673 3.9485715540572452 -1.7824246437940356
v -0.5939879891236841 3.588726665457697 -0.9397641172823739
v -0.5939879891236841 3.588726665457697 -0.9397641172823739
v 0.5837443858720348 3.818513259749762 -1.7241523416143025
v 0.5837443858720348 3.818513259749762 -1.7241523416143025
v -0.5059798708589358 3.458668371150213 -0.8814918151026407
v -0.5059798708589358 3.458668371150213 -0.8814918151026407
vt 0 1
vt 0.21875 1
vt 0.21875 0.53125
vt 0 0.53125
vt 0 1
vt 0 1
vt 0 0.53125
vt 0 0.53125
vt 0.4375 1
vt 0.5625 1
vt 0.5625 0
vt 0.4375 0
vt 0 1
vt 0 1
vt 0 0.53125
vt 0 0.53125
vt 0 1
vt 0.21875 1
vt 0.21875 1
vt 0 1
vt 0 1
vt 0.21875 1
vt 0.21875 1
vt 0 1
vn 0.37163157279959047 0.5772508839336334 0.7270979240077237
vn -0.5254216015805868 0.7764674287013933 -0.3478943413715407
vn -0.37163157279959047 -0.5772508839336334 -0.7270979240077237
vn 0.5254216015805868 -0.7764674287013933 0.3478943413715407
vn 0.7653901715406292 0.2527444344860746 -0.5918598957061717
vn -0.7653901715406292 -0.2527444344860746 0.5918598957061717
g Leaf
f 188/556/139 191/555/139 189/554/139 186/553/139
f 187/560/140 188/559/140 186/558/140 185/557/140
f 192/564/141 187/563/141 185/562/141 190/561/141
f 191/568/142 192/567/142 190/566/142 189/565/142
f 190/572/143 185/571/143 186/570/143 189/569/143
f 191/576/144 188/575/144 187/574/144 192/573/144
o cube
v 0.5940437842924964 3.570040164565727 -1.6121991074367124
v 0.5940437842924964 3.570040164565727 -1.6121991074367124
v -0.5729721556343749 3.593661860625803 -0.9540837593161517
v -0.5729721556343749 3.593661860625803 -0.9540837593161517
v 0.6394272768545144 3.433271077061178 -1.5268128948140278
v 0.6394272768545144 3.433271077061178 -1.5268128948140278
v -0.5275886630723567 3.4568927731212544 -0.8686975466934673
v -0.5275886630723567 3.4568927731212544 -0.8686975466934673
vt 0 1
vt 0.21875 1
vt 0.21875 0.53125
vt 0 0.53125
vt 0 1
vt 0 1
vt 0 0.53125
vt 0 0.53125
vt 0.4375 1
vt 0.5625 1
vt 0.5625 0
vt 0.4375 0
vt 0 1
vt 0 1
vt 0 0.53125
vt 0 0.53125
vt 0 1
vt 0.21875 1
vt 0.21875 1
vt 0 1
vt 0 1
vt 0.21875 1
vt 0.21875 1
vt 0 1
vn 0.41001025973482624 0.5770311614481501 0.7063473831125726
vn -0.27094622425085474 0.8165318656987994 -0.5097684335682658
vn -0.41001025973482624 -0.5770311614481501 -0.7063473831125726
vn 0.27094622425085474 -0.8165318656987994 0.5097684335682658
vn 0.8709074178558742 -0.017628131388116756 -0.4911308568063886
vn -0.8709074178558742 0.017628131388116756 0.4911308568063886
g Leaf
f 196/580/145 199/579/145 197/578/145 194/577/145
f 195/584/146 196/583/146 194/582/146 193/581/146
f 200/588/147 195/587/147 193/586/147 198/585/147
f 199/592/148 200/591/148 198/590/148 197/589/148
f 198/596/149 193/595/149 194/594/149 197/593/149
f 199/600/150 196/599/150 195/598/150 200/597/150
o cube
v 0.5598376944738146 3.969738900445454 -1.8319929100594277
v 0.5598376944738146 3.969738900445454 -1.8319929100594277
v -0.5939879891236841 3.588726665457697 -0.9397641172823739
v -0.5939879891236841 3.588726665457697 -0.9397641172823739
v 0.6478458127385627 3.839680606137971 -1.7737206078796945
v 0.6478458127385627 3.839680606137971 -1.7737206078796945
v -0.5059798708589358 3.458668371150213 -0.8814918151026407
v -0.5059798708589358 3.458668371150213 -0.8814918151026407
vt 0 1
vt 0.21875 1
vt 0.21875 0.53125
vt 0 0.53125
vt 0 1
vt 0 1
vt 0 0.53125
vt 0 0.53125
vt 0.4375 1
vt 0.5625 1
vt 0.5625 0
vt 0.4375 0
vt 0 1
vt 0 1
vt 0 0.53125
vt 0 0.53125
vt 0 1
vt 0.21875 1
vt 0.21875 1
vt 0 1
vt 0 1
vt 0.21875 1
vt 0.21875 1
vt 0 1
vn 0.37163157279959047 0.5772508839336334 0.7270979240077237
vn -0.5254216015805868 0.7764674287013933 -0.3478943413715407
vn -0.37163157279959047 -0.5772508839336334 -0.7270979240077237
vn 0.5254216015805868 -0.7764674287013933 0.3478943413715407
vn 0.7653901715406292 0.2527444344860746 -0.5918598957061717
vn -0.7653901715406292 -0.2527444344860746 0.5918598957061717
g Leaf
f 204/604/151 207/603/151 205/602/151 202/601/151
f 203/608/152 204/607/152 202/606/152 201/605/152
f 208/612/153 203/611/153 201/610/153 206/609/153
f 207/616/154 208/615/154 206/614/154 205/613/154
f 206/620/155 201/619/155 202/618/155 205/617/155
f 207/624/156 204/623/156 203/622/156 208/621/156
o cube
v 0.666982280537926 3.568563808561972 -1.6533313166942478
v 0.666982280537926 3.568563808561972 -1.6533313166942478
v -0.5729721556343749 3.593661860625803 -0.9540837593161517
v -0.5729721556343749 3.593661860625803 -0.9540837593161517
v 0.712365773099944 3.431794721057423 -1.5679451040715633
v 0.712365773099944 3.431794721057423 -1.5679451040715633
v -0.5275886630723567 3.4568927731212544 -0.8686975466934673
v -0.5275886630723567 3.4568927731212544 -0.8686975466934673
vt 0 1
vt 0.21875 1
vt 0.21875 0.53125
vt 0 0.53125
vt 0 1
vt 0 1
vt 0 0.53125
vt 0 0.53125
vt 0.4375 1
vt 0.5625 1
vt 0.5625 0
vt 0.4375 0
vt 0 1
vt 0 1
vt 0 0.53125
vt 0 0.53125
vt 0 1
vt 0.21875 1
vt 0.21875 1
vt 0 1
vt 0 1
vt 0.21875 1
vt 0.21875 1
vt 0 1
vn 0.41001025973482624 0.5770311614481501 0.7063473831125726
vn -0.27094622425085474 0.8165318656987994 -0.5097684335682658
vn -0.41001025973482624 -0.5770311614481501 -0.7063473831125726
vn 0.27094622425085474 -0.8165318656987994 0.5097684335682658
vn 0.8709074178558742 -0.017628131388116756 -0.4911308568063886
vn -0.8709074178558742 0.017628131388116756 0.4911308568063886
g Leaf
f 212/628/157 215/627/157 213/626/157 210/625/157
f 211/632/158 212/631/158 210/630/158 209/629/158
f 216/636/159 211/635/159 209/634/159 214/633/159
f 215/640/160 216/639/160 214/638/160 213/637/160
f 214/644/161 209/643/161 210/642/161 213/641/161
f 215/648/162 212/647/162 211/646/162 216/645/162
o cube
v 0.6492322738024088 3.1609238834738145 -1.3924174085153465
v 0.6492322738024088 3.1609238834738145 -1.3924174085153465
v -0.546453507941061 3.590693436121297 -0.9667019601772686
v -0.546453507941061 3.590693436121297 -0.9667019601772686
v 0.6419859369887853 3.0334128681781762 -1.2840445263858253
v 0.6419859369887853 3.0334128681781762 -1.2840445263858253
v -0.5536998447546845 3.463182420825659 -0.8583290780477474
v -0.5536998447546845 3.463182420825659 -0.8583290780477474
vt 0 1
vt 0.21875 1
vt 0.21875 0.53125
vt 0 0.53125
vt 0 1
vt 0 1
vt 0 0.53125
vt 0 0.53125
vt 0.4375 1
vt 0.5625 1
vt 0.5625 0
vt 0.4375 0
vt 0 1
vt 0 1
vt 0 0.53125
vt 0 0.53125
vt 0 1
vt 0.21875 1
vt 0.21875 1
vt 0 1
vt 0 1
vt 0.21875 1
vt 0.21875 1
vt 0 1
vn 0.44935965300311315 0.5635777980102872 0.6931493113628535
vn 0.04326171232014045 0.7612597928097795 -0.6470022813702757
vn -0.44935965300311315 -0.5635777980102872 -0.6931493113628535
vn -0.04326171232014045 -0.7612597928097795 0.6470022813702757
vn 0.8923028221966193 -0.3207235467518529 -0.31769809577468494
vn -0.8923028221966193 0.3207235467518529 0.31769809577468494
g Leaf
f 220/652/163 223/651/163 221/650/163 218/649/163
f 219/656/164 220/655/164 218/654/164 217/653/164
f 224/660/165 219/659/165 217/658/165 222/657/165
f 223/664/166 224/663/166 222/662/166 221/661/166
f 222/668/167 217/667/167 218/666/167 221/665/167
f 223/672/168 220/671/168 219/670/168 224/669/168
o cube
v -1.5557963696488186 4.676024331560752 -1.3331788418204251
v -1.5557963696488186 4.676024331560752 -1.3331788418204251
v -0.6058781974283872 3.48727045517404 -0.8677798195170243
v -0.6058781974283872 3.48727045517404 -0.8677798195170243
v -1.4296570010586285 4.7423699774876535 -1.4211752335544643
v -1.4296570010586285 4.7423699774876535 -1.4211752335544643
v -0.47973882883819713 3.553616101100941 -0.9557762112510634
v -0.47973882883819713 3.553616101100941 -0.9557762112510634
vt 0 1
vt 0.21875 1
vt 0.21875 0.53125
vt 0 0.53125
vt 0 1
vt 0 1
vt 0 0.53125
vt 0 0.53125
vt 0.4375 1
vt 0.5625 1
vt 0.5625 0
vt 0.4375 0
vt 0 1
vt 0 1
vt 0 0.53125
vt 0 0.53125
vt 0 1
vt 0.21875 1
vt 0.21875 1
vt 0 1
vt 0 1
vt 0.21875 1
vt 0.21875 1
vt 0 1
vn 0.2766204285410289 0.533869263256697 0.7990398915345397
vn -0.7530708572548662 -0.39609340851881164 0.5253515924420246
vn -0.2766204285410289 -0.533869263256697 -0.7990398915345397
vn 0.7530708572548662 0.39609340851881164 -0.5253515924420246
vn -0.5969635017881736 0.7470566387347758 -0.2924738553359941
vn 0.5969635017881736 -0.7470566387347758 0.2924738553359941
g Leaf
f 228/676/169 231/675/169 229/674/169 226/673/169
f 227/680/170 228/679/170 226/678/170 225/677/170
f 232/684/171 227/683/171 225/682/171 230/681/171
f 231/688/172 232/687/172 230/686/172 229/685/172
f 230/692/173 225/691/173 226/690/173 229/689/173
f 231/696/174 228/695/174 227/694/174 232/693/174
o cube
v -1.8036559283545894 4.329816240512162 -1.0981283480750443
v -1.8036559283545894 4.329816240512162 -1.0981283480750443
v -0.5870869861091035 3.471047956460289 -0.8635365897579597
