# Made in Blockbench 4.12.3

o cube
v 0.125 0.984375 0.125
v 0.125 0.984375 -0.125
v 0.125 0.75 0.125
v 0.125 0.75 -0.125
v -0.125 0.984375 -0.125
v -0.125 0.984375 0.125
v -0.125 0.75 -0.125
v -0.125 0.75 0.125
vt 0 1
vt 0.07142857142857142 1
vt 0.07142857142857142 0.9374999999999999
vt 0 0.9374999999999999
vt 0 1
vt 0.07142857142857144 1
vt 0.07142857142857144 0.9375
vt 0 0.9375
vt 0 1
vt 0.07142857142857151 1
vt 0.07142857142857151 0.9375
vt 0 0.9375
vt 0 1
vt 0.07142857142857144 1
vt 0.07142857142857144 0.9375
vt 0 0.9375
vt 0 0.1205357142857143
vt 0.07619047619047621 0.1205357142857143
vt 0.07619047619047621 0.0714285714285714
vt 0 0.0714285714285714
vt 0 1
vt 0.06666666666666668 1
vt 0.06666666666666668 0.9375
vt 0 0.9375
vn 0 0 -1
vn 1 0 0
vn 0 0 1
vn -1 0 0
vn 0 1 0
vn 0 -1 0
g Trunk
f 4/4/1 7/3/1 5/2/1 2/1/1
f 3/8/2 4/7/2 2/6/2 1/5/2
f 8/12/3 3/11/3 1/10/3 6/9/3
f 7/16/4 8/15/4 6/14/4 5/13/4
f 6/20/5 1/19/5 2/18/5 5/17/5
f 7/24/6 4/23/6 3/22/6 8/21/6
o cube
v 0.140625 0.75 0.140625
v 0.140625 0.75 -0.140625
v 0.140625 0.125 0.140625
v 0.140625 0.125 -0.140625
v -0.140625 0.75 -0.140625
v -0.140625 0.75 0.140625
v -0.140625 0.125 -0.140625
v -0.140625 0.125 0.140625
vt 0 0.2767857142857144
vt 0.06666666666666668 0.2767857142857144
vt 0.06666666666666668 0.1339285714285714
vt 0 0.1339285714285714
vt 0 0.2767857142857145
vt 0.06666666666666668 0.2767857142857145
vt 0.06666666666666668 0.1339285714285714
vt 0 0.1339285714285714
vt 0 0.2767857142857145
vt 0.06666666666666668 0.2767857142857145
vt 0.06666666666666668 0.1339285714285714
vt 0 0.1339285714285714
vt 0 0.2767857142857145
vt 0.06666666666666668 0.2767857142857145
vt 0.06666666666666668 0.13392857142857129
vt 0 0.13392857142857129
vt 0 0.1339285714285714
vt 0.06666666666666668 0.1339285714285714
vt 0.06666666666666668 0.0714285714285714
vt 0 0.0714285714285714
vt 0 1
vt 0.06666666666666668 1
vt 0.06666666666666668 0.9375
vt 0 0.9375
vn 0 0 -1
vn 1 0 0
vn 0 0 1
vn -1 0 0
vn 0 1 0
vn 0 -1 0
g Trunk
f 12/28/7 15/27/7 13/26/7 10/25/7
f 11/32/8 12/31/8 10/30/8 9/29/8
f 16/36/9 11/35/9 9/34/9 14/33/9
f 15/40/10 16/39/10 14/38/10 13/37/10
f 14/44/11 9/43/11 10/42/11 13/41/11
f 15/48/12 12/47/12 11/46/12 16/45/12
o cube
v 0.125 0.125 0.125
v 0.125 0.125 -0.125
v 0.125 0 0.125
v 0.125 0 -0.125
v -0.125 0.125 -0.125
v -0.125 0.125 0.125
v -0.125 0 -0.125
v -0.125 0 0.125
vt 0 0.1205357142857143
vt 0.07619047619047618 0.1205357142857143
vt 0.07619047619047618 0.0714285714285714
vt 0 0.0714285714285714
vt 0 0.1205357142857143
vt 0.07619047619047621 0.1205357142857143
vt 0.07619047619047621 0.0714285714285714
vt 0 0.0714285714285714
vt 0 0.1205357142857143
vt 0.07619047619047621 0.1205357142857143
vt 0.07619047619047621 0.0714285714285714
vt 0 0.0714285714285714
vt 0 0.1205357142857143
vt 0.07619047619047621 0.1205357142857143
vt 0.07619047619047621 0.0714285714285714
vt 0 0.0714285714285714
vt 0 0.1205357142857143
vt 0.07619047619047621 0.1205357142857143
vt 0.07619047619047621 0.0714285714285714
vt 0 0.0714285714285714
vt 0 1
vt 0.06666666666666668 1
vt 0.06666666666666668 0.9375
vt 0 0.9375
vn 0 0 -1
vn 1 0 0
vn 0 0 1
vn -1 0 0
vn 0 1 0
vn 0 -1 0
g Trunk
f 20/52/13 23/51/13 21/50/13 18/49/13
f 19/56/14 20/55/14 18/54/14 17/53/14
f 24/60/15 19/59/15 17/58/15 22/57/15
f 23/64/16 24/63/16 22/62/16 21/61/16
f 22/68/17 17/67/17 18/66/17 21/65/17
f 23/72/18 20/71/18 19/70/18 24/69/18
o cube
v -0.6970321592886657 1.424646089003065 0.206197170028707
v -0.35290949382626213 1.15831296381175 0.25150177841325894
v -0.6970321592886657 1.424646089003065 0.206197170028707
v -0.35290949382626213 1.15831296381175 0.25150177841325894
v -0.27133062368873934 1.15831296381175 -0.3681512599453737
v -0.615453289151143 1.424646089003065 -0.41345586832992565
v -0.27133062368873934 1.15831296381175 -0.3681512599453737
v -0.615453289151143 1.424646089003065 -0.41345586832992565
vt 0 1
vt 0 1
vt 0 1
vt 0 1
vt 0 1
vt 0 1
vt 0 1
vt 0 1
vt 0 1
vt 0 1
vt 0 1
vt 0 1
vt 0 1
vt 0 1
vt 0 1
vt 0 1
vt 0 1
vt 0 1
vt 0 1
vt 0 1
vt 0 0.53125
vt 0.46875 0.53125
vt 0.46875 0.21875
vt 0 0.21875
vn 0.7865660924854947 -0.6087614290087207 0.1035533905932617
vn -0.13052619222003645 0 0.9914448613738124
vn -0.7865660924854947 0.6087614290087207 -0.1035533905932617
vn 0.13052619222003645 0 -0.9914448613738124
vn 0.6035533905932751 0.7933533402912353 0.07945931129893648
vn -0.6035533905932751 -0.7933533402912353 -0.07945931129893648
g Frond
f 28/76/19 31/75/19 29/74/19 26/73/19
f 27/80/20 28/79/20 26/78/20 25/77/20
f 32/84/21 27/83/21 25/82/21 30/81/21
f 31/88/22 32/87/22 30/86/22 29/85/22
f 30/92/23 25/91/23 26/90/23 29/89/23
f 31/96/24 28/95/24 27/94/24 32/93/24
o cube
v -1.102337060497827 1.8334475859227155 0.15283776750011452
v -0.6970382599970568 1.4246514780492419 0.20619636685521026
v -1.102337060497827 1.8334475859227155 0.15283776750011452
v -0.6970382599970568 1.4246514780492419 0.20619636685521026
v -0.6154593898595341 1.4246514780492419 -0.41345667150342236
v -1.0207581903603045 1.8334475859227155 -0.4668152708585181
v -0.6154593898595341 1.4246514780492419 -0.41345667150342236
v -1.0207581903603045 1.8334475859227155 -0.4668152708585181
vt 0 1
vt 0 1
vt 0 1
vt 0 1
vt 0 1
vt 0 1
vt 0 1
vt 0 1
vt 0 1
vt 0 1
vt 0 1
vt 0 1
vt 0 1
vt 0 1
vt 0 1
vt 0 1
vt 0 1
vt 0 1
vt 0 1
vt 0 1
vt 0 1
vt 0.46875 1
vt 0.46875 0.53125
vt 0 0.53125
vn 0.7010573846499796 -0.7071067811865474 0.09229595564124653
vn -0.1305261922200365 0 0.9914448613738125
vn -0.7010573846499796 0.7071067811865474 -0.09229595564124653
vn 0.1305261922200365 0 -0.9914448613738125
vn 0.7010573846499792 0.7071067811865476 0.09229595564124665
vn -0.7010573846499792 -0.7071067811865476 -0.09229595564124665
g Frond
f 36/100/25 39/99/25 37/98/25 34/97/25
f 35/104/26 36/103/26 34/102/26 33/101/26
f 40/108/27 35/107/27 33/106/27 38/105/27
f 39/112/28 40/111/28 38/110/28 37/109/28
f 38/116/29 33/115/29 34/114/29 37/113/29
f 39/120/30 36/119/30 35/118/30 40/117/30
o cube
v -0.3529073183037007 1.1583113509547565 0.25150206482623777
v -0.11180204307105507 0.9880308464130397 0.2832441764921083
v -0.3529073183037007 1.1583113509547565 0.25150206482623777
v -0.11180204307105507 0.9880308464130397 0.2832441764921083
v -0.030223172933532272 0.9880308464130397 -0.3364088618665244
v -0.27132844816617796 1.1583113509547565 -0.36815097353239495
v -0.030223172933532272 0.9880308464130397 -0.3364088618665244
v -0.27132844816617796 1.1583113509547565 -0.36815097353239495
vt 0 1
vt 0 1
vt 0 1
vt 0 1
vt 0 1
vt 0 1
vt 0 1
vt 0 1
vt 0 1
vt 0 1
vt 0 1
vt 0 1
vt 0 1
vt 0 1
vt 0 1
vt 0 1
vt 0 1
vt 0 1
vt 0 1
vt 0 1
vt 0 0.21875
vt 0.46875 0.21875
vt 0.46875 0
vt 0 0
vn 0.8121440849941747 -0.5735764363510459 0.10692079719030073
vn -0.13052619222003645 0 0.9914448613738125
vn -0.8121440849941747 0.5735764363510459 -0.10692079719030073
vn 0.13052619222003645 0 -0.9914448613738125
vn 0.568669410425348 0.819152044288992 0.07486674818404024
vn -0.568669410425348 -0.819152044288992 -0.07486674818404024
g Frond
f 44/124/31 47/123/31 45/122/31 42/121/31
f 43/128/32 44/127/32 42/126/32 41/125/32
f 48/132/33 43/131/33 41/130/33 46/129/33
f 47/136/34 48/135/34 46/134/34 45/133/34
f 46/140/35 41/139/35 42/138/35 45/137/35
f 47/144/36 44/143/36 43/142/36 48/141/36
o cube
v -0.5368619197148689 1.913477644879018 -0.8725697444907257
v -0.44838224794732906 1.4714527490663087 -0.5106113839149912
v -0.5368619197148689 1.913477644879018 -0.8725697444907257
v -0.44838224794732906 1.4714527490663087 -0.5106113839149912
v 0.16180275650262738 1.4832427211368047 -0.6453713813288516
v 0.07332308473508753 1.9252676169495142 -1.0073297419045861
v 0.16180275650262738 1.4832427211368047 -0.6453713813288516
v 0.07332308473508753 1.9252676169495142 -1.0073297419045861
vt 0 1
vt 0 1
vt 0 1
vt 0 1
vt 0 1
vt 0 1
vt 0 1
vt 0 1
vt 0 1
vt 0 1
vt 0 1
vt 0 1
vt 0 1
vt 0 1
vt 0 1
vt 0 1
vt 0 1
vt 0 1
vt 0 1
vt 0 1
vt 0 1
vt 0.46875 1
vt 0.46875 0.53125
vt 0 0.53125
vn 0.15304591873304138 -0.7645836035679282 0.6260901372120796
vn -0.9762960071199303 -0.01886395531279381 0.21561599586217667
vn -0.15304591873304138 0.7645836035679282 -0.6260901372120796
vn 0.9762960071199303 0.01886395531279381 -0.21561599586217667
vn 0.1530459187330409 0.6442484492375893 0.7493469706445214
vn -0.1530459187330409 -0.6442484492375893 -0.7493469706445214
g Frond
f 52/148/37 55/147/37 53/146/37 50/145/37
f 51/152/38 52/151/38 50/150/38 49/149/38
f 56/156/39 51/155/39 49/154/39 54/153/39
f 55/160/40 56/159/40 54/158/40 53/157/40
f 54/164/41 49/163/41 50/162/41 53/161/41
f 55/168/42 52/167/42 51/166/42 56/165/42
o cube
v -0.4483809161183789 1.4714468569396377 -0.5106058689694638
v -0.3732564389418754 1.176593212222259 -0.19624319445826383
v -0.4483809161183789 1.4714468569396377 -0.5106058689694638
v -0.3732564389418754 1.176593212222259 -0.19624319445826383
v 0.23692856550808106 1.1883831842927552 -0.3310031918721243
v 0.16180408833157756 1.4832368290101339 -0.6453658663833242
v 0.23692856550808106 1.1883831842927552 -0.3310031918721243
v 0.16180408833157756 1.4832368290101339 -0.6453658663833242
vt 0 1
vt 0 1
vt 0 1
vt 0 1
vt 0 1
vt 0 1
vt 0 1
vt 0 1
vt 0 1
vt 0 1
vt 0 1
vt 0 1
vt 0 1
vt 0 1
vt 0 1
vt 0 1
vt 0 1
vt 0 1
vt 0 1
vt 0 1
vt 0 0.53125
vt 0.46875 0.53125
vt 0.46875 0.21875
vt 0 0.21875
vn 0.17171309068915097 -0.6739511879254375 0.7185432560256003
vn -0.9762960071199303 -0.0188639553127938 0.2156159958621767
vn -0.17171309068915097 0.6739511879254375 -0.7185432560256003
vn 0.9762960071199303 0.0188639553127938 -0.2156159958621767
vn 0.13176008867506386 0.7385350008522609 0.6612150418347199
vn -0.13176008867506386 -0.7385350008522609 -0.6612150418347199
g Frond
f 60/172/43 63/171/43 61/170/43 58/169/43
f 59/176/44 60/175/44 58/174/44 57/173/44
f 64/180/45 59/179/45 57/178/45 62/177/45
f 63/184/46 64/183/46 62/182/46 61/181/46
f 62/188/47 57/187/47 58/186/47 61/185/47
f 63/192/48 60/191/48 59/190/48 64/189/48
o cube
v -0.3732559640094999 1.1765914187905373 -0.19624120089853553
v -0.3206209313184365 0.986266254142846 0.025435705116592572
v -0.3732559640094999 1.1765914187905373 -0.19624120089853553
v -0.3206209313184365 0.986266254142846 0.025435705116592572
v 0.28956407313152005 0.9980562262133421 -0.10932429229726792
v 0.2369290404404567 1.1883813908610334 -0.33100119831239605
v 0.28956407313152005 0.9980562262133421 -0.10932429229726792
v 0.2369290404404567 1.1883813908610334 -0.33100119831239605
vt 0 1
vt 0 1
vt 0 1
vt 0 1
vt 0 1
vt 0 1
vt 0 1
vt 0 1
vt 0 1
vt 0 1
vt 0 1
vt 0 1
vt 0 1
vt 0 1
vt 0 1
vt 0 1
vt 0 1
vt 0 1
vt 0 1
vt 0 1
vt 0 0.21875
vt 0.46875 0.21875
vt 0.46875 0
vt 0 0
vn 0.17729695222252917 -0.6410952914448549 0.746701157103589
vn -0.9762960071199303 -0.018863955312793806 0.21561599586217672
vn -0.17729695222252917 0.6410952914448549 -0.746701157103589
vn 0.9762960071199303 0.018863955312793806 -0.21561599586217672
vn 0.12414466244782124 0.7672294171088551 0.62924329500482
vn -0.12414466244782124 -0.7672294171088551 -0.62924329500482
g Frond
f 68/196/49 71/195/49 69/194/49 66/193/49
f 67/200/50 68/199/50 66/198/50 65/197/50
f 72/204/51 67/203/51 65/202/51 70/201/51
f 71/208/52 72/207/52 70/206/52 69/205/52
f 70/212/53 65/211/53 66/210/53 69/209/53
f 71/216/54 68/215/54 67/214/54 72/213/54
o cube
v 0.9958454009373391 1.6443874872337312 -0.6308228598459484
v 0.5364352362234578 1.3239117777091867 -0.4877629570523781
v 0.9958454009373391 1.6443874872337312 -0.6308228598459484
v 0.5364352362234578 1.3239117777091867 -0.4877629570523781
v 0.764525576671071 1.2548592911108016 0.09001861992033189
v 1.2239357413849523 1.5753350006353461 -0.05304128287323839
v 0.764525576671071 1.2548592911108016 0.09001861992033189
v 1.2239357413849523 1.5753350006353461 -0.05304128287323839
vt 0 1
vt 0 1
vt 0 1
vt 0 1
vt 0 1
vt 0 1
vt 0 1
vt 0 1
vt 0 1
vt 0 1
vt 0 1
vt 0 1
vt 0 1
vt 0 1
vt 0 1
vt 0 1
vt 0 1
vt 0 1
vt 0 1
vt 0 1
vt 0 1
vt 0.46875 1
vt 0.46875 0.53125
vt 0 0.53125
vn -0.7946554200456306 -0.5543363624208326 0.24745496699428324
vn -0.3649445447161811 0.11048397855741612 -0.9244505231563362
vn 0.7946554200456306 0.5543363624208326 -0.24745496699428324
vn 0.3649445447161811 -0.11048397855741612 0.9244505231563362
vn -0.48511673097719654 0.8249269590576875 0.29009872379215074
vn 0.48511673097719654 -0.8249269590576875 -0.29009872379215074
g Frond
f 76/220/55 79/219/55 77/218/55 74/217/55
f 75/224/56 76/223/56 74/222/56 73/221/56
f 80/228/57 75/227/57 73/226/57 78/225/57
f 79/232/58 80/231/58 78/230/58 77/229/58
f 78/236/59 73/235/59 74/234/59 77/233/59
f 79/240/60 76/239/60 75/238/60 80/237/60
o cube
v 0.536428488299384 1.3239076992058263 -0.4877607806148613
v 0.16403834410523066 1.1305679778192494 -0.3638592768256891
v 0.536428488299384 1.3239076992058263 -0.4877607806148613
v 0.16403834410523066 1.1305679778192494 -0.3638592768256891
v 0.3921286845528439 1.0615154912208644 0.21392230014702088
v 0.7645188287469973 1.254855212607441 0.09002079635784874
v 0.3921286845528439 1.0615154912208644 0.21392230014702088
v 0.7645188287469973 1.254855212607441 0.09002079635784874
vt 0 1
vt 0 1
vt 0 1
vt 0 1
vt 0 1
vt 0 1
vt 0 1
vt 0 1
vt 0 1
vt 0 1
vt 0 1
vt 0 1
vt 0 1
vt 0 1
vt 0 1
vt 0 1
vt 0 1
vt 0 1
vt 0 1
vt 0 1
vt 0 0.53125
vt 0.46875 0.53125
vt 0.46875 0.21875
vt 0 0.21875
vn -0.8511774724437798 -0.44191936316931857 0.28320343723239383
vn -0.36494454471618104 0.11048397855741617 -0.9244505231563362
vn 0.8511774724437798 0.44191936316931857 -0.28320343723239383
vn 0.36494454471618104 -0.11048397855741617 0.9244505231563362
vn -0.3772431439882211 0.8902250091623737 0.25531753440712596
vn 0.3772431439882211 -0.8902250091623737 -0.25531753440712596
g Frond
f 84/244/61 87/243/61 85/242/61 82/241/61
f 83/248/62 84/247/62 82/246/62 81/245/62
f 88/252/63 83/251/63 81/250/63 86/249/63
f 87/256/64 88/255/64 86/254/64 85/253/64
f 86/260/65 81/259/65 82/258/65 85/257/65
f 87/264/66 84/263/66 83/262/66 88/261/66
o cube
v 0.1640360053924391 1.1305668246702998 -0.36385849139047893
v -0.09330191091313492 1.0110248558818826 -0.27655625685610663
v 0.1640360053924391 1.1305668246702998 -0.36385849139047893
v -0.09330191091313492 1.0110248558818826 -0.27655625685610663
v 0.13478842953447834 0.9419723692834975 0.3012253201166035
v 0.39212634584005235 1.0615143380719145 0.21392308558223122
v 0.13478842953447834 0.9419723692834975 0.3012253201166035
v 0.39212634584005235 1.0615143380719145 0.21392308558223122
vt 0 1
vt 0 1
vt 0 1
vt 0 1
vt 0 1
vt 0 1
vt 0 1
vt 0 1
vt 0 1
vt 0 1
vt 0 1
vt 0 1
vt 0 1
vt 0 1
vt 0 1
vt 0 1
vt 0 1
vt 0 1
vt 0 1
vt 0 1
vt 0 0.21875
vt 0.46875 0.21875
vt 0.46875 0
vt 0 0
vn -0.8668224549240385 -0.4026676843399313 0.29407068474735937
vn -0.3649445447161811 0.11048397855741618 -0.9244505231563364
vn 0.8668224549240385 0.4026676843399313 -0.29407068474735937
vn 0.3649445447161811 -0.11048397855741618 0.9244505231563364
vn -0.3397562522182079 0.9086539640976878 0.2427213682562695
vn 0.3397562522182079 -0.9086539640976878 -0.2427213682562695
g Frond
f 92/268/67 95/267/67 93/266/67 90/265/67
f 91/272/68 92/271/68 90/270/68 89/269/68
f 96/276/69 91/275/69 89/274/69 94/273/69
f 95/280/70 96/279/70 94/278/70 93/277/70
f 94/284/71 89/283/71 90/282/71 93/281/71
f 95/288/72 92/287/72 91/286/72 96/285/72
o cube
v 0.16277082187908504 1.7942442011737578 1.0989061330503296
v 0.20640936446116948 1.413963842296597 0.6656498095205154
v 0.16277082187908504 1.7942442011737578 1.0989061330503296
v 0.20640936446116948 1.413963842296597 0.6656498095205154
v -0.41467760313782637 1.3441473205220849 0.6643723252768452
v -0.4583161457199108 1.7244276793992455 1.0976286488066593
v -0.41467760313782637 1.3441473205220849 0.6643723252768452
v -0.4583161457199108 1.7244276793992455 1.0976286488066593
vt 0 1
vt 0 1
vt 0 1
vt 0 1
vt 0 1
vt 0 1
vt 0 1
vt 0 1
vt 0 1
vt 0 1
vt 0 1
vt 0 1
vt 0 1
vt 0 1
vt 0 1
vt 0 1
vt 0 1
vt 0 1
vt 0 1
vt 0 1
vt 0 1
vt 0.46875 1
vt 0.46875 0.53125
vt 0 0.53125
vn 0.07548288446630802 -0.6577822423821146 -0.74941634340292
vn 0.9937391481583936 0.1117064348392198 0.002043974789872262
vn -0.07548288446630802 0.6577822423821146 0.74941634340292
vn -0.9937391481583936 -0.1117064348392198 -0.002043974789872262
vn -0.08237013761112993 0.7448786438221117 -0.6620958891336323
vn 0.08237013761112993 -0.7448786438221117 0.6620958891336323
g Frond
f 100/292/73 103/291/73 101/290/73 98/289/73
f 99/296/74 100/295/74 98/294/74 97/293/74
f 104/300/75 99/299/75 97/298/75 102/297/75
f 103/304/76 104/303/76 102/302/76 101/301/76
f 102/308/77 97/307/77 98/306/77 101/305/77
f 103/312/78 100/311/78 99/310/78 104/309/78
o cube
v 0.20640993601383975 1.4139588762364985 0.6656433351770061
v 0.2344474111748023 1.1711775913940066 0.3027695310565835
v 0.20640993601383975 1.4139588762364985 0.6656433351770061
v 0.2344474111748023 1.1711775913940066 0.3027695310565835
v -0.38663955642419356 1.1013610696194942 0.3014920468129133
v -0.4146770315851561 1.3441423544619862 0.6643658509333359
v -0.38663955642419356 1.1013610696194942 0.3014920468129133
v -0.4146770315851561 1.3441423544619862 0.6643658509333359
vt 0 1
vt 0 1
vt 0 1
vt 0 1
vt 0 1
vt 0 1
vt 0 1
vt 0 1
vt 0 1
vt 0 1
vt 0 1
vt 0 1
vt 0 1
vt 0 1
vt 0 1
vt 0 1
vt 0 1
vt 0 1
vt 0 1
vt 0 1
vt 0 0.53125
vt 0.46875 0.53125
vt 0.46875 0.21875
vt 0 0.21875
vn 0.06408565751077165 -0.5549286510685535 -0.8294258379895382
vn 0.9937391481583935 0.11170643483921977 0.002043974789872255
vn -0.06408565751077165 0.5549286510685535 0.8294258379895382
vn -0.9937391481583935 -0.11170643483921977 -0.002043974789872255
vn -0.09151794315238167 0.8243639151726297 -0.5586131053264064
vn 0.09151794315238167 -0.8243639151726297 0.5586131053264064
g Frond
f 108/316/79 111/315/79 109/314/79 106/313/79
f 107/320/80 108/319/80 106/318/80 105/317/80
f 112/324/81 107/323/81 105/322/81 110/321/81
f 111/328/82 112/327/82 110/326/82 109/325/82
f 110/332/83 105/331/83 106/330/83 109/329/83
f 111/336/84 108/335/84 107/334/84 112/333/84
o cube
v 0.23444758051392592 1.171176126851259 0.3027672413672393
v 0.2522697899746159 1.0172635889267305 0.04953204408106043
v 0.23444758051392592 1.171176126851259 0.3027672413672393
v 0.2522697899746159 1.0172635889267305 0.04953204408106043
v -0.36881717762438004 0.9474470671522183 0.04825455983739027
v -0.38663938708507006 1.1013596050767467 0.3014897571235692
v -0.36881717762438004 0.9474470671522183 0.04825455983739027
v -0.38663938708507006 1.1013596050767467 0.3014897571235692
vt 0 1
vt 0 1
vt 0 1
vt 0 1
vt 0 1
vt 0 1
vt 0 1
vt 0 1
vt 0 1
vt 0 1
vt 0 1
vt 0 1
vt 0 1
vt 0 1
vt 0 1
vt 0 1
vt 0 1
vt 0 1
vt 0 1
vt 0 1
vt 0 0.21875
vt 0.46875 0.21875
vt 0.46875 0
vt 0 0
vn 0.0600327055517979 -0.5184422330089377 -0.8530027698060761
vn 0.9937391481583935 0.11170643483921978 0.002043974789872248
vn -0.0600327055517979 0.5184422330089377 0.8530027698060761
vn -0.9937391481583935 -0.11170643483921978 -0.002043974789872248
vn -0.0942262154687411 0.8477849511805562 -0.521902382510581
vn 0.0942262154687411 -0.8477849511805562 0.521902382510581
g Frond
f 116/340/85 119/339/85 117/338/85 114/337/85
f 115/344/86 116/343/86 114/342/86 113/341/86
f 120/348/87 115/347/87 113/346/87 118/345/87
f 119/352/88 120/351/88 118/350/88 117/349/88
f 118/356/89 113/355/89 114/354/89 117/353/89
f 119/360/90 116/359/90 115/358/90 120/357/90
o cube
v 0.17119006567754216 2.2153546515874027 -0.5657506016839281
v 0.006026665979602885 1.6780128803441658 -0.43079361630561896
v 0.17119006567754216 2.2153546515874027 -0.5657506016839281
v 0.006026665979602885 1.6780128803441658 -0.43079361630561896
v 0.5316931249889949 1.5989982201460247 -0.10207419590837608
v 0.6968565246869343 2.136339991389262 -0.23703118128668524
v 0.5316931249889949 1.5989982201460247 -0.10207419590837608
v 0.6968565246869343 2.136339991389262 -0.23703118128668524
vt 0 1
vt 0 1
vt 0 1
vt 0 1
vt 0 1
vt 0 1
vt 0 1
vt 0 1
vt 0 1
vt 0 1
vt 0 1
vt 0 1
vt 0 1
vt 0 1
vt 0 1
vt 0 1
vt 0 1
vt 0 1
vt 0 1
vt 0 1
vt 0 1
vt 0.46875 1
vt 0.46875 0.53125
vt 0 0.53125
vn -0.28568804272075926 -0.9294560367450563 0.2334391098435611
vn -0.8410663344150274 0.12642345631702592 -0.5259510726355886
vn 0.28568804272075926 0.9294560367450563 -0.2334391098435611
vn 0.8410663344150274 -0.12642345631702592 0.5259510726355886
vn -0.45933622038769256 0.34659570893337616 0.8178518516142881
vn 0.45933622038769256 -0.34659570893337616 -0.8178518516142881
g Frond
f 124/364/91 127/363/91 125/362/91 122/361/91
f 123/368/92 124/367/92 122/366/92 121/365/92
f 128/372/93 123/371/93 121/370/93 126/369/93
f 127/376/94 128/375/94 126/374/94 125/373/94
f 126/380/95 121/379/95 122/378/95 125/377/95
f 127/384/96 124/383/96 123/382/96 128/381/96
o cube
v 0.006024086031308495 1.6780054817119254 -0.4307912690397623
v -0.1441256294656763 1.294639722109545 -0.28283179046314694
v 0.006024086031308495 1.6780054817119254 -0.4307912690397623
v -0.1441256294656763 1.294639722109545 -0.28283179046314694
v 0.3815408295437158 1.2156250619114037 0.045887629934095925
v 0.5316905450407006 1.5989908215137842 -0.10207184864251936
v 0.3815408295437158 1.2156250619114037 0.045887629934095925
v 0.5316905450407006 1.5989908215137842 -0.10207184864251936
vt 0 1
vt 0 1
vt 0 1
vt 0 1
vt 0 1
vt 0 1
vt 0 1
vt 0 1
vt 0 1
vt 0 1
vt 0 1
vt 0 1
vt 0 1
vt 0 1
vt 0 1
vt 0 1
vt 0 1
vt 0 1
vt 0 1
vt 0 1
vt 0 0.53125
vt 0.46875 0.53125
vt 0.46875 0.21875
vt 0 0.21875
vn -0.3431993497073942 -0.8762645933768709 0.33819309388940666
vn -0.8410663344150274 0.12642345631702595 -0.5259510726355886
vn 0.3431993497073942 0.8762645933768709 -0.33819309388940666
vn 0.8410663344150274 -0.12642345631702595 0.5259510726355886
vn -0.41811676296710587 0.4649488919084811 0.7803850975249237
vn 0.41811676296710587 -0.4649488919084811 -0.7803850975249237
g Frond
f 132/388/97 135/387/97 133/386/97 130/385/97
f 131/392/98 132/391/98 130/390/98 129/389/98
f 136/396/99 131/395/99 129/394/99 134/393/99
f 135/400/100 136/399/100 134/398/100 133/397/100
f 134/404/101 129/403/101 130/402/101 133/401/101
f 135/408/102 132/407/102 131/406/102 136/405/102
o cube
v -0.1441265874068378 1.2946373624542502 -0.2828308257797202
v -0.25133132558495463 1.040764766224338 -0.17241970939805584
v -0.1441265874068378 1.2946373624542502 -0.2828308257797202
v -0.25133132558495463 1.040764766224338 -0.17241970939805584
v 0.2743351334244376 0.9617501060261968 0.1562997109991871
v 0.3815398716025544 1.215622702256109 0.045888594617522774
v 0.2743351334244376 0.9617501060261968 0.1562997109991871
v 0.3815398716025544 1.215622702256109 0.045888594617522774
vt 0 1
vt 0 1
vt 0 1
vt 0 1
vt 0 1
vt 0 1
vt 0 1
vt 0 1
vt 0 1
vt 0 1
vt 0 1
vt 0 1
vt 0 1
vt 0 1
vt 0 1
vt 0 1
vt 0 1
vt 0 1
vt 0 1
vt 0 1
vt 0 0.21875
vt 0.46875 0.21875
vt 0.46875 0
vt 0 0
vn -0.36111069702102494 -0.8551497978270726 0.37191112886455335
vn -0.8410663344150274 0.126423456317026 -0.5259510726355887
vn 0.36111069702102494 0.8551497978270726 -0.37191112886455335
vn 0.8410663344150274 -0.126423456317026 0.5259510726355887
vn -0.40274866307743196 0.502728488320658 0.7648905682646162
vn 0.40274866307743196 -0.502728488320658 -0.7648905682646162
g Frond
f 140/412/103 143/411/103 141/410/103 138/409/103
f 139/416/104 140/415/104 138/414/104 137/413/104
f 144/420/105 139/419/105 137/418/105 142/417/105
f 143/424/106 144/423/106 142/422/106 141/421/106
f 142/428/107 137/427/107 138/426/107 141/425/107
f 143/432/108 140/431/108 139/430/108 144/429/108
o cube
v 0.8745474580839605 2.004378654920404 0.16411193696743298
v 0.5932560233143951 1.51839158243492 0.02656118368970839
v 0.8745474580839605 2.004378654920404 0.16411193696743298
v 0.5932560233143951 1.51839158243492 0.02656118368970839
v 0.22865492109603758 1.587067984482181 0.5295269758296924
v 0.509946355865603 2.0730550569676653 0.667077729107417
v 0.22865492109603758 1.587067984482181 0.5295269758296924
v 0.509946355865603 2.0730550569676653 0.667077729107417
vt 0 1
vt 0 1
vt 0 1
vt 0 1
vt 0 1
vt 0 1
vt 0 1
vt 0 1
vt 0 1
vt 0 1
vt 0 1
vt 0 1
vt 0 1
vt 0 1
vt 0 1
vt 0 1
vt 0 1
vt 0 1
vt 0 1
vt 0 1
vt 0 1
vt 0.46875 1
vt 0.46875 0.53125
vt 0 0.53125
vn -0.4865581574392472 -0.8406262875424575 -0.2379256272911987
vn 0.5833617635493722 -0.10988224327561777 -0.8047452674239748
vn 0.4865581574392472 0.8406262875424575 0.2379256272911987
vn -0.5833617635493722 0.10988224327561777 0.8047452674239748
vn -0.6503462249124624 0.5303520880559477 -0.5438533354102053
vn 0.6503462249124624 -0.5303520880559477 0.5438533354102053
g Frond
f 148/436/109 151/435/109 149/434/109 146/433/109
f 147/440/110 148/439/110 146/438/110 145/437/110
f 152/444/111 147/443/111 145/442/111 150/441/111
f 151/448/112 152/447/112 150/446/112 149/445/112
f 150/452/113 145/451/113 146/450/113 149/449/113
f 151/456/114 148/455/114 147/454/114 152/453/114
o cube
v 0.5932517006925455 1.5183850081153638 0.026558947887402568
v 0.3450654751171633 1.1840432317585696 -0.10769984704696456
v 0.5932517006925455 1.5183850081153638 0.026558947887402568
v 0.3450654751171633 1.1840432317585696 -0.10769984704696456
v -0.019535627101194275 1.2527196338058306 0.3952659450930195
v 0.22865059847418795 1.587061410162625 0.5295247400273866
v -0.019535627101194275 1.2527196338058306 0.3952659450930195
v 0.22865059847418795 1.587061410162625 0.5295247400273866
vt 0 1
vt 0 1
vt 0 1
vt 0 1
vt 0 1
vt 0 1
vt 0 1
vt 0 1
vt 0 1
vt 0 1
vt 0 1
vt 0 1
vt 0 1
vt 0 1
vt 0 1
vt 0 1
vt 0 1
vt 0 1
vt 0 1
vt 0 1
vt 0 0.53125
vt 0.46875 0.53125
vt 0.46875 0.21875
vt 0 0.21875
vn -0.5672828013151598 -0.7642097745298164 -0.3068772455642679
vn 0.5833617635493722 -0.10988224327561774 -0.8047452674239746
vn 0.5672828013151598 0.7642097745298164 0.3068772455642679
vn -0.5833617635493722 0.10988224327561774 0.8047452674239746
vn -0.581273839219168 0.6355386008149349 -0.5081450685715682
vn 0.581273839219168 -0.6355386008149349 0.5081450685715682
g Frond
f 156/460/115 159/459/115 157/458/115 154/457/115
f 155/464/116 156/463/116 154/462/116 153/461/116
f 160/468/117 155/467/117 153/466/117 158/465/117
f 159/472/118 160/471/118 158/470/118 157/469/118
f 158/476/119 153/475/119 154/474/119 157/473/119
f 159/480/120 156/479/120 155/478/120 160/477/120
o cube
v 0.3450638978893676 1.1840411867879364 -0.10770071115695817
v 0.1692848983834876 0.9656122551761646 -0.20529840986267475
v 0.3450638978893676 1.1840411867879364 -0.10770071115695817
v 0.1692848983834876 0.9656122551761646 -0.20529840986267475
v -0.19531620383487006 1.0342886572234256 0.29766738227730927
v -0.019537204328990032 1.2527175888351973 0.39526508098302593
v -0.19531620383487006 1.0342886572234256 0.29766738227730927
v -0.019537204328990032 1.2527175888351973 0.39526508098302593
vt 0 1
vt 0 1
vt 0 1
vt 0 1
vt 0 1
vt 0 1
vt 0 1
vt 0 1
vt 0 1
vt 0 1
vt 0 1
vt 0 1
vt 0 1
vt 0 1
vt 0 1
vt 0 1
vt 0 1
vt 0 1
vt 0 1
vt 0 1
vt 0 0.21875
vt 0.46875 0.21875
vt 0.46875 0
vt 0 0
vn -0.5920976825461219 -0.7357606117449151 -0.3287501430087295
vn 0.5833617635493722 -0.10988224327561777 -0.8047452674239746
vn 0.5920976825461219 0.7357606117449151 0.3287501430087295
vn -0.5833617635493722 0.10988224327561777 0.8047452674239746
vn -0.5559760670677095 0.6682680710743752 -0.4942756296141411
vn 0.5559760670677095 -0.6682680710743752 0.4942756296141411
g Frond
f 164/484/121 167/483/121 165/482/121 162/481/121
f 163/488/122 164/487/122 162/486/122 161/485/122
f 168/492/123 163/491/123 161/490/123 166/489/123
f 167/496/124 168/495/124 166/494/124 165/493/124
f 166/500/125 161/499/125 162/498/125 165/497/125
f 167/504/126 164/503/126 163/502/126 168/501/126
o cube
v -0.13157062480642773 2.056727606957942 0.856174475180816
v 0.007648537155592383 1.5670968110578296 0.5821156780700198
v -0.13157062480642773 2.056727606957942 0.856174475180816
v 0.007648537155592383 1.5670968110578296 0.5821156780700198
v -0.5671133954910412 1.5402652924041407 0.33807922508185817
v -0.7063325574530613 2.029896088304253 0.6121380221926543
v -0.5671133954910412 1.5402652924041407 0.33807922508185817
v -0.7063325574530613 2.029896088304253 0.6121380221926543
vt 0 1
vt 0 1
vt 0 1
vt 0 1
vt 0 1
vt 0 1
vt 0 1
vt 0 1
vt 0 1
vt 0 1
vt 0 1
vt 0 1
vt 0 1
vt 0 1
vt 0 1
vt 0 1
vt 0 1
vt 0 1
vt 0 1
vt 0 1
vt 0 1
vt 0.46875 1
vt 0.46875 0.53125
vt 0 0.53125
vn 0.240811523393764 -0.8469289442596526 -0.4740476490565113
vn 0.9196190922346139 0.04293042984590223 0.39045832478105885
vn -0.240811523393764 0.8469289442596526 0.4740476490565113
vn -0.9196190922346139 -0.04293042984590223 -0.39045832478105885
vn 0.31033938744277917 0.5299701327136055 -0.7891901691184223
vn -0.31033938744277917 -0.5299701327136055 0.7891901691184223
g Frond
f 172/508/127 175/507/127 173/506/127 170/505/127
f 171/512/128 172/511/128 170/510/128 169/509/128
f 176/516/129 171/515/129 169/514/129 174/513/129
f 175/520/130 176/519/130 174/518/130 173/517/130
f 174/524/131 169/523/131 170/522/131 173/521/131
f 175/528/132 172/527/132 171/526/132 176/525/132
o cube
v 0.0076506703102365015 1.5670901850914074 0.5821113825177308
v 0.129826380420867 1.2299927748257442 0.33142296664825743
v 0.0076506703102365015 1.5670901850914074 0.5821113825177308
v 0.129826380420867 1.2299927748257442 0.33142296664825743
v -0.44493555222576664 1.2031612561720555 0.08738651366009575
v -0.5671112623363971 1.5402586664377185 0.3380749295295691
v -0.44493555222576664 1.2031612561720555 0.08738651366009575
v -0.5671112623363971 1.5402586664377185 0.3380749295295691
vt 0 1
vt 0 1
vt 0 1
vt 0 1
vt 0 1
vt 0 1
vt 0 1
vt 0 1
vt 0 1
vt 0 1
vt 0 1
vt 0 1
vt 0 1
vt 0 1
vt 0 1
vt 0 1
vt 0 1
vt 0 1
vt 0 1
vt 0 1
vt 0 0.53125
vt 0.46875 0.53125
vt 0.46875 0.21875
vt 0 0.21875
vn 0.2792587659671556 -0.7705083663215164 -0.5730020934159396
vn 0.9196190922346139 0.042930429845902236 0.3904583247810589
vn -0.2792587659671556 0.7705083663215164 0.5730020934159396
vn -0.9196190922346139 -0.042930429845902236 -0.3904583247810589
vn 0.2762521797707416 0.6359825749356611 -0.7205629032569747
vn -0.2762521797707416 -0.6359825749356611 0.7205629032569747
g Frond
f 180/532/133 183/531/133 181/530/133 178/529/133
f 179/536/134 180/535/134 178/534/134 177/533/134
f 184/540/135 179/539/135 177/538/135 182/537/135
f 183/544/136 184/543/136 182/542/136 181/541/136
f 182/548/137 177/547/137 178/546/137 181/545/137
f 183/552/138 180/551/138 179/550/138 184/549/138
o cube
v 0.1298271562932306 1.229990712730925 0.3314213660154064
v 0.21623052445683721 1.0096994156515362 0.15214234318767933
v 0.1298271562932306 1.229990712730925 0.3314213660154064
v 0.21623052445683721 1.0096994156515362 0.15214234318767933
v -0.3585314081897965 0.9828678969978473 -0.09189410980048246
v -0.4449347763534031 1.2031591940772361 0.08738491302724463
v -0.3585314081897965 0.9828678969978473 -0.09189410980048246
v -0.4449347763534031 1.2031591940772361 0.08738491302724463
vt 0 1
vt 0 1
vt 0 1
vt 0 1
vt 0 1
vt 0 1
vt 0 1
vt 0 1
vt 0 1
vt 0 1
vt 0 1
vt 0 1
vt 0 1
vt 0 1
vt 0 1
vt 0 1
vt 0 1
vt 0 1
vt 0 1
vt 0 1
vt 0 0.21875
vt 0.46875 0.21875
vt 0.46875 0
vt 0 0
vn 0.2910429243405695 -0.7420338427937311 -0.6038872347881333
vn 0.9196190922346139 0.042930429845902236 0.3904583247810589
vn -0.2910429243405695 0.7420338427937311 0.6038872347881333
vn -0.9196190922346139 -0.042930429845902236 -0.3904583247810589
vn 0.2638081526201839 0.6689863633453335 -0.6948830867628822
vn -0.2638081526201839 -0.6689863633453335 0.6948830867628822
g Frond
f 188/556/139 191/555/139 189/554/139 186/553/139
f 187/560/140 188/559/140 186/558/140 185/557/140
f 192/564/141 187/563/141 185/562/141 190/561/141
f 191/568/142 192/567/142 190/566/142 189/565/142
f 190/572/143 185/571/143 186/570/143 189/569/143
f 191/576/144 188/575/144 187/574/144 192/573/144
o cube
v -0.8117228899266826 2.107143741459593 -0.11487056164253809
v -0.5805387792816842 1.5943406035284324 0.01860364687071031
v -0.8117228899266826 2.107143741459593 -0.11487056164253809
v -0.5805387792816842 1.5943406035284324 0.01860364687071031
v -0.26803877928169384 1.5943406035284327 -0.5226622304945695
v -0.49922288992669217 2.107143741459593 -0.6561364390078179
v -0.26803877928169384 1.5943406035284327 -0.5226622304945695
v -0.49922288992669217 2.107143741459593 -0.6561364390078179
vt 0 1
vt 0 1
vt 0 1
vt 0 1
vt 0 1
vt 0 1
vt 0 1
vt 0 1
vt 0 1
vt 0 1
vt 0 1
vt 0 1
vt 0 1
vt 0 1
vt 0 1
vt 0 1
vt 0 1
vt 0 1
vt 0 1
vt 0 1
vt 0 1
vt 0.46875 1
vt 0.46875 0.53125
vt 0 0.53125
vn 0.39988602922377975 -0.8870108331782215 0.2308743066175098
vn -0.49999999999998457 0 0.8660254037844476
vn -0.39988602922377975 0.8870108331782215 -0.2308743066175098
vn 0.49999999999998457 0 -0.8660254037844476
vn 0.7681739149643482 0.461748613235035 0.4435054165890971
vn -0.7681739149643482 -0.461748613235035 -0.4435054165890971
g Frond
f 196/580/145 199/579/145 197/578/145 194/577/145
f 195/584/146 196/583/146 194/582/146 193/581/146
f 200/588/147 195/587/147 193/586/147 198/585/147
f 199/592/148 200/591/148 198/590/148 197/589/148
f 198/596/149 193/595/149 194/594/149 197/593/149
f 199/600/150 196/599/150 195/598/150 200/597/150
o cube
v -0.5805351003729733 1.594333613555364 0.018605770889644907
v -0.3632149532326535 1.2359545941789307 0.14407561634143234
v -0.5805351003729733 1.594333613555364 0.018605770889644907
v -0.3632149532326535 1.2359545941789307 0.14407561634143234
v -0.050714953232663174 1.235954594178931 -0.39719026102384747
v -0.26803510037298295 1.5943336135553645 -0.5226601064756349
v -0.050714953232663174 1.235954594178931 -0.39719026102384747
v -0.26803510037298295 1.5943336135553645 -0.5226601064756349
vt 0 1
vt 0 1
vt 0 1
vt 0 1
vt 0 1
vt 0 1
vt 0 1
vt 0 1
vt 0 1
vt 0 1
vt 0 1
vt 0 1
vt 0 1
vt 0 1
vt 0 1
vt 0 1
vt 0 1
vt 0 1
vt 0 1
vt 0 1
vt 0 0.53125
vt 0.46875 0.53125
vt 0.46875 0.21875
vt 0 0.21875
vn 0.4967317648921596 -0.8191520442889916 0.28678821817551403
vn -0.4999999999999847 0 0.8660254037844476
vn -0.4967317648921596 0.8191520442889916 -0.28678821817551403
vn 0.4999999999999847 0 -0.8660254037844476
vn 0.7094064799162293 0.5735764363510469 0.40957602214448324
vn -0.7094064799162293 -0.5735764363510469 -0.40957602214448324
g Frond
f 204/604/151 207/603/151 205/602/151 202/601/151
f 203/608/152 204/607/152 202/606/152 201/605/152
f 208/612/153 203/611/153 201/610/153 206/609/153
f 207/616/154 208/615/154 206/614/154 205/613/154
f 206/620/155 201/619/155 202/618/155 205/617/155
f 207/624/156 204/623/156 203/622/156 208/621/156
o cube
v -0.36321356088815515 1.2359523961326266 0.14407642021190337
v -0.20670021112334513 1.0004256232336661 0.2344394448303827
v -0.36321356088815515 1.2359523961326266 0.14407642021190337
v -0.20670021112334513 1.0004256232336661 0.2344394448303827
v 0.10579978887664529 1.0004256232336664 -0.3068264325348972
v -0.05071356088816473 1.2359523961326269 -0.39718945715337656
v 0.10579978887664529 1.0004256232336664 -0.3068264325348972
v -0.05071356088816473 1.2359523961326269 -0.39718945715337656
vt 0 1
vt 0 1
vt 0 1
vt 0 1
vt 0 1
vt 0 1
vt 0 1
vt 0 1
vt 0 1
vt 0 1
vt 0 1
vt 0 1
vt 0 1
vt 0 1
vt 0 1
vt 0 1
vt 0 1
vt 0 1
vt 0 1
vt 0 1
vt 0 0.21875
vt 0.46875 0.21875
vt 0.46875 0
vt 0 0
vn 0.5272028623656754 -0.7933533402912347 0.3043807145043509
vn -0.4999999999999846 0 0.8660254037844476
vn -0.5272028623656754 0.7933533402912347 -0.3043807145043509
vn 0.4999999999999846 0 -0.8660254037844476
vn 0.6870641468694565 0.6087614290087217 0.39667667014560526
vn -0.6870641468694565 -0.6087614290087217 -0.39667667014560526
g Frond
f 212/628/157 215/627/157 213/626/157 210/625/157
f 211/632/158 212/631/158 210/630/158 209/629/158
f 216/636/159 211/635/159 209/634/159 214/633/159
f 215/640/160 216/639/160 214/638/160 213/637/160
f 214/644/161 209/643/161 210/642/161 213/641/161
f 215/648/162 212/647/162 211/646/162 216/645/162
o cube
v -0.38689594486696144 2.284618615148644 0.2555317753843951
v -0.2500370078782158 1.7235433930785262 0.28185177102040815
v -0.38689594486696144 2.284618615148644 0.2555317753843951
v -0.2500370078782158 1.7235433930785262 0.28185177102040815
v -0.42992315454019164 1.651789491446384 -0.31238500993451634
v -0.5667820915289372 2.212864713516502 -0.3387050055705294
v -0.42992315454019164 1.651789491446384 -0.31238500993451634
v -0.5667820915289372 2.212864713516502 -0.3387050055705294
vt 0 1
vt 0 1
vt 0 1
vt 0 1
vt 0 1
vt 0 1
vt 0 1
vt 0 1
vt 0 1
vt 0 1
vt 0 1
vt 0 1
vt 0 1
vt 0 1
vt 0 1
vt 0 1
vt 0 1
vt 0 1
vt 0 1
vt 0 1
vt 0 1
vt 0.46875 1
vt 0.46875 0.53125
vt 0 0.53125
vn 0.23672897208864047 -0.9705084922293914 0.04552647893796843
vn 0.2878178346591614 0.11480624261142769 0.9507788495278794
vn -0.23672897208864047 0.9705084922293914 -0.04552647893796843
vn -0.2878178346591614 -0.11480624261142769 -0.9507788495278794
vn 0.9279656716850939 0.2119735671447731 -0.3065076165545533
vn -0.9279656716850939 -0.2119735671447731 0.3065076165545533
g Frond
f 220/652/163 223/651/163 221/650/163 218/649/163
f 219/656/164 220/655/164 218/654/164 217/653/164
f 224/660/165 219/659/165 217/658/165 222/657/165
f 223/664/166 224/663/166 222/662/166 221/661/166
f 222/668/167 217/667/167 218/666/167 221/665/167
f 223/672/168 220/671/168 219/670/168 224/669/168
o cube
v -0.25003457425097625 1.7235355866322593 0.2818519769436274
v -0.09436002175966693 1.314675406332987 0.2840962301104572
v -0.25003457425097625 1.7235355866322593 0.2818519769436274
v -0.09436002175966693 1.314675406332987 0.2840962301104572
v -0.27424616842164273 1.2429215047008448 -0.31014055084446723
v -0.4299207209129521 1.651781685000117 -0.31238480401129703
v -0.27424616842164273 1.2429215047008448 -0.31014055084446723
v -0.4299207209129521 1.651781685000117 -0.31238480401129703
vt 0 1
vt 0 1
vt 0 1
vt 0 1
vt 0 1
vt 0 1
vt 0 1
vt 0 1
vt 0 1
vt 0 1
vt 0 1
vt 0 1
vt 0 1
vt 0 1
vt 0 1
vt 0 1
vt 0 1
vt 0 1
vt 0 1
vt 0 1
vt 0 0.53125
vt 0.46875 0.53125
vt 0.46875 0.21875
vt 0 0.21875
vn 0.3558275485515645 -0.934537554969766 0.005129721524182354
vn 0.28781783465916133 0.1148062426114277 0.9507788495278793
vn -0.3558275485515645 0.934537554969766 -0.005129721524182354
vn -0.28781783465916133 -0.1148062426114277 -0.9507788495278793
vn 0.8891274654085857 0.33683688190068745 -0.3098277993459055
vn -0.8891274654085857 -0.33683688190068745 0.3098277993459055
g Frond
f 228/676/169 231/675/169 229/674/169 226/673/169
f 227/680/170 228/679/170 226/678/170 225/677/170
f 232/684/171 227/683/171 225/682/171 230/681/171
f 231/688/172 232/687/172 230/686/172 229/685/172
f 230/692/173 225/691/173 226/690/173 229/689/173
f 231/696/174 228/695/174 227/694/174 232/693/174
o cube
v -0.09435900294765978 1.3146728808135089 0.28409622665343476
v 0.022690519288601163 1.0418579774790488 0.28160554645069713
v -0.09435900294765978 1.3146728808135089 0.28409622665343476
v 0.022690519288601163 1.0418579774790488 0.28160554645069713
v -0.15719562737337467 0.9701040758469064 -0.3126312345042274
v -0.27424514960963564 1.2429189791813666 -0.3101405543014898
v -0.15719562737337467 0.9701040758469064 -0.3126312345042274
v -0.27424514960963564 1.2429189791813666 -0.3101405543014898
vt 0 1
vt 0 1
vt 0 1
vt 0 1
vt 0 1
vt 0 1
vt 0 1
vt 0 1
vt 0 1
vt 0 1
vt 0 1
vt 0 1
vt 0 1
vt 0 1
vt 0 1
vt 0 1
vt 0 1
vt 0 1
vt 0 1
vt 0 1
vt 0 0.21875
vt 0.46875 0.21875
vt 0.46875 0
vt 0 0
vn 0.3942720749010893 -0.9189554638634443 -0.008389659630274146
vn 0.28781783465916133 0.11480624261142772 0.9507788495278793
vn -0.3942720749010893 0.9189554638634443 0.008389659630274146
vn -0.28781783465916133 -0.11480624261142772 -0.9507788495278793
vn 0.8727602334005036 0.3772802434437405 -0.30975666724338713
vn -0.8727602334005036 -0.3772802434437405 0.30975666724338713
g Frond
f 236/700/175 239/699/175 237/698/175 234/697/175
f 235/704/176 236/703/176 234/702/176 233/701/176
f 240/708/177 235/707/177 233/706/177 238/705/177
f 239/712/178 240/711/178 238/710/178 237/709/178
f 238/716/179 233/715/179 234/714/179 237/713/179
f 239/720/180 236/719/180 235/718/180 240/717/180
o cube
v 0.32616744821350946 2.3012762772844266 0.13776260047097036
v 0.30409164064750005 1.7303428492267052 0.0495798636594566
v 0.32616744821350946 2.3012762772844266 0.13776260047097036
v 0.30409164064750005 1.7303428492267052 0.0495798636594566
v -0.19278359175178386 1.6913082136731148 0.4266956292478974
v -0.17070778418577445 2.2622416417308364 0.5148783660594112
