# Made in Blockbench 4.12.3

o cube
v -0.12259778124124421 -0.05771857665437929 -0.323458085819783
v -0.20753399620905819 0 -0.25218813916669625
v -0.12259778124124421 -0.05771857665437929 -0.323458085819783
v -0.20753399620905819 0 -0.25218813916669625
v 0.19420825984502843 0 0.22658963778266533
v 0.27914447481284244 -0.057718576654379336 0.15531969112957855
v 0.19420825984502843 0 0.22658963778266533
v 0.27914447481284244 -0.057718576654379336 0.15531969112957855
vt 0 1
vt 0.34375 1
vt 0.34375 1
vt 0 1
vt 0 1
vt 0.28125 1
vt 0.28125 1
vt 0 1
vt 0 1
vt 0.34375 1
vt 0.34375 1
vt 0 1
vt 0 1
vt 0.28125 1
vt 0.28125 1
vt 0 1
vt 0 0
vt 1 0
vt 1 0.1875
vt 0 0.1875
vt 0 1
vt 0 1
vt 0 1
vt 0 1
vn -0.6794897197425119 0.4617486132350346 0.570159573224694
vn -0.6427876096865387 0 -0.7660444431189786
vn 0.6794897197425119 -0.4617486132350346 -0.570159573224694
vn 0.6427876096865387 0 0.7660444431189786
vn 0.35371995928659267 0.8870108331782216 -0.29680628737742176
vn -0.35371995928659267 -0.8870108331782216 0.29680628737742176
g Frond
f 4/4/1 7/3/1 5/2/1 2/1/1
f 3/8/2 4/7/2 2/6/2 1/5/2
f 8/12/3 3/11/3 1/10/3 6/9/3
f 7/16/4 8/15/4 6/14/4 5/13/4
f 6/20/5 1/19/5 2/18/5 5/17/5
f 7/24/6 4/23/6 3/22/6 8/21/6
o cube
v -0.0676525435224507 -0.1600571440134297 -0.36956261452457057
v -0.12257567374378882 -0.057663138477305656 -0.3234766362127441
v -0.0676525435224507 -0.1600571440134297 -0.36956261452457057
v -0.12257567374378882 -0.057663138477305656 -0.3234766362127441
v 0.2791665823102978 -0.05766313847730571 0.15530114073661747
v 0.3340897125316359 -0.16005714401342974 0.10921516242479101
v 0.2791665823102978 -0.05766313847730571 0.15530114073661747
v 0.3340897125316359 -0.16005714401342974 0.10921516242479101
vt 0 1
vt 0.34375 1
vt 0.34375 1
vt 0 1
vt 0 1
vt 0.28125 1
vt 0.28125 1
vt 0 1
vt 0 1
vt 0.34375 1
vt 0.34375 1
vt 0 1
vt 0 1
vt 0.28125 1
vt 0.28125 1
vt 0 1
vt 0 0.1875
vt 1 0.1875
vt 1 0.375
vt 0 0.375
vt 0 1
vt 0 1
vt 0 1
vt 0 1
vn -0.43938504177070503 0.8191520442889924 0.36868782649461174
vn -0.6427876096865388 0 -0.7660444431189786
vn 0.43938504177070503 -0.8191520442889924 -0.36868782649461174
vn 0.6427876096865388 0 0.7660444431189786
vn 0.6275068715971339 0.5735764363510457 -0.526540784518363
vn -0.6275068715971339 -0.5735764363510457 0.526540784518363
g Frond
f 12/28/7 15/27/7 13/26/7 10/25/7
f 11/32/8 12/31/8 10/30/8 9/29/8
f 16/36/9 11/35/9 9/34/9 14/33/9
f 15/40/10 16/39/10 14/38/10 13/37/10
f 14/44/11 9/43/11 10/42/11 13/41/11
f 15/48/12 12/47/12 11/46/12 16/45/12
o cube
v -0.06766120212067095 -0.34752129548615773 -0.36955534909799753
v -0.06766120212067084 -0.1600212954861577 -0.3695553490979976
v -0.06766120212067095 -0.34752129548615773 -0.36955534909799753
v -0.06766120212067084 -0.1600212954861577 -0.3695553490979976
v 0.3340810539334158 -0.1600212954861578 0.109222427851364
v 0.3340810539334157 -0.3475212954861578 0.10922242785136406
v 0.3340810539334158 -0.1600212954861578 0.109222427851364
v 0.3340810539334157 -0.3475212954861578 0.10922242785136406
vt 0 1
vt 0.34375 1
vt 0.34375 1
vt 0 1
vt 0 1
vt 0.28125 1
vt 0.28125 1
vt 0 1
vt 0 1
vt 0.34375 1
vt 0.34375 1
vt 0 1
vt 0 1
vt 0.28125 1
vt 0.28125 1
vt 0 1
vt 0 0.375
vt 1 0.375
vt 1 0.6875
vt 0 0.6875
vt 0 1
vt 0 1
vt 0 1
vt 0 1
vn 0 1 0
vn -0.6427876096865387 0 -0.7660444431189786
vn 0 -1 0
vn 0.6427876096865387 0 0.7660444431189786
vn 0.7660444431189788 0 -0.6427876096865387
vn -0.7660444431189788 0 0.6427876096865387
g Frond
f 20/52/13 23/51/13 21/50/13 18/49/13
f 19/56/14 20/55/14 18/54/14 17/53/14
f 24/60/15 19/59/15 17/58/15 22/57/15
f 23/64/16 24/63/16 22/62/16 21/61/16
f 22/68/17 17/67/17 18/66/17 21/65/17
f 23/72/18 20/71/18 19/70/18 24/69/18
o cube
v -0.11085035957240658 -0.5263244174387768 -0.3333153430093887
v -0.06765898331167564 -0.3475024891734843 -0.3695572108998071
v -0.11085035957240658 -0.5263244174387768 -0.3333153430093887
v -0.06765898331167564 -0.3475024891734843 -0.3695572108998071
v 0.334083272742411 -0.34750248917348436 0.10922056604955446
v 0.29089189648168 -0.5263244174387768 0.14546243393997285
v 0.334083272742411 -0.34750248917348436 0.10922056604955446
v 0.29089189648168 -0.5263244174387768 0.14546243393997285
vt 0 1
vt 0.34375 1
vt 0.34375 1
vt 0 1
vt 0 1
vt 0.28125 1
vt 0.28125 1
vt 0 1
vt 0 1
vt 0.34375 1
vt 0.34375 1
vt 0 1
vt 0 1
vt 0.28125 1
vt 0.28125 1
vt 0 1
vt 0 0.6875
vt 1 0.6875
vt 1 1
vt 0 1
vt 0 1
vt 0 1
vt 0 1
vt 0 1
vn 0.2303540067238985 0.9537169507482268 -0.19328996208223143
vn -0.6427876096865388 0 -0.7660444431189785
vn -0.2303540067238985 -0.9537169507482268 0.19328996208223143
vn 0.6427876096865388 0 0.7660444431189785
vn 0.7305895704290559 -0.3007057995042736 -0.613037439088987
vn -0.7305895704290559 0.3007057995042736 0.613037439088987
g Frond
f 28/76/19 31/75/19 29/74/19 26/73/19
f 27/80/20 28/79/20 26/78/20 25/77/20
f 32/84/21 27/83/21 25/82/21 30/81/21
f 31/88/22 32/87/22 30/86/22 29/85/22
f 30/92/23 25/91/23 26/90/23 29/89/23
f 31/96/24 28/95/24 27/94/24 32/93/24
o cube
v -0.31373425963655727 -0.07361032325457133 -0.26573308096331183
v -0.31998306967814866 -0.001819955718051186 -0.16359545076740672
v -0.31373425963655727 -0.07361032325457133 -0.26573308096331183
v -0.31998306967814866 -0.001819955718051186 -0.16359545076740672
v 0.30263861662919267 -0.020450592984431498 -0.11240819556797547
v 0.30888742667078406 -0.09224096052095164 -0.2145458257638806
v 0.30263861662919267 -0.020450592984431498 -0.11240819556797547
v 0.30888742667078406 -0.09224096052095164 -0.2145458257638806
vt 0 1
vt 0.34375 1
vt 0.34375 1
vt 0 1
vt 0 1
vt 0.28125 1
vt 0.28125 1
vt 0 1
vt 0 1
vt 0.34375 1
vt 0.34375 1
vt 0 1
vt 0 1
vt 0.28125 1
vt 0.28125 1
vt 0 1
vt 0 0.1875
vt 1 0.1875
vt 1 0.375
vt 0 0.375
vt 0 1
vt 0 1
vt 0 1
vt 0 1
vn -0.04999048033273133 0.5743229402921615 0.8171010415672405
vn -0.9961946980917457 0.02980901962620849 -0.08189960831908996
vn 0.04999048033273133 -0.5743229402921615 -0.8171010415672405
vn 0.9961946980917457 -0.02980901962620849 0.08189960831908996
vn 0.07139380484326935 0.8180859261734621 -0.570647300902151
vn -0.07139380484326935 -0.8180859261734621 0.570647300902151
g Frond
f 36/100/25 39/99/25 37/98/25 34/97/25
f 35/104/26 36/103/26 34/102/26 33/101/26
f 40/108/27 35/107/27 33/106/27 38/105/27
f 39/112/28 40/111/28 38/110/28 37/109/28
f 38/116/29 33/115/29 34/114/29 37/113/29
f 39/120/30 36/119/30 35/118/30 40/117/30
o cube
v -0.319985584930858 -0.0018818834618146395 -0.16358739607584374
v -0.3296490959297165 0.014578195021213075 -0.040053261637189426
v -0.319985584930858 -0.0018818834618146395 -0.16358739607584374
v -0.3296490959297165 0.014578195021213075 -0.040053261637189426
v 0.29297259037762485 -0.004052442245167237 0.011133993562241817
v 0.30263610137648334 -0.02051252072819495 -0.11240014087641251
v 0.29297259037762485 -0.004052442245167237 0.011133993562241817
v 0.30263610137648334 -0.02051252072819495 -0.11240014087641251
vt 0 1
vt 0.34375 1
vt 0.34375 1
vt 0 1
vt 0 1
vt 0.28125 1
vt 0.28125 1
vt 0 1
vt 0 1
vt 0.34375 1
vt 0.34375 1
vt 0 1
vt 0 1
vt 0.28125 1
vt 0.28125 1
vt 0 1
vt 0 0
vt 1 0
vt 1 0.1875
vt 0 0.1875
vt 0 1
vt 0 1
vt 0 1
vt 0 1
vn -0.0773080879908678 0.13168062786422174 0.9882730755092344
vn -0.9961946980917457 0.029809019626208494 -0.08189960831908996
vn 0.0773080879908678 -0.13168062786422174 -0.9882730755092344
vn 0.9961946980917457 -0.029809019626208494 0.08189960831908996
vn 0.04024404334919978 0.9908439002154723 -0.12887506500754536
vn -0.04024404334919978 -0.9908439002154723 0.12887506500754536
g Frond
f 44/124/31 47/123/31 45/122/31 42/121/31
f 43/128/32 44/127/32 42/126/32 41/125/32
f 48/132/33 43/131/33 41/130/33 46/129/33
f 47/136/34 48/135/34 46/134/34 45/133/34
f 46/140/35 41/139/35 42/138/35 45/137/35
f 47/144/36 44/143/36 43/142/36 48/141/36
o cube
v -0.3137352447576761 -0.24977285419738207 -0.329839015992765
v -0.3137352447576762 -0.07358048780002435 -0.2657102391192018
v -0.3137352447576761 -0.24977285419738207 -0.329839015992765
v -0.3137352447576762 -0.07358048780002435 -0.2657102391192018
v 0.30888644154966505 -0.09221112506640466 -0.2145229839197705
v 0.30888644154966527 -0.2684034914637624 -0.27865176079333376
v 0.30888644154966505 -0.09221112506640466 -0.2145229839197705
v 0.30888644154966527 -0.2684034914637624 -0.27865176079333376
vt 0 1
vt 0.34375 1
vt 0.34375 1
vt 0 1
vt 0 1
vt 0.28125 1
vt 0.28125 1
vt 0 1
vt 0 1
vt 0.34375 1
vt 0.34375 1
vt 0 1
vt 0 1
vt 0.28125 1
vt 0.28125 1
vt 0 1
vt 0 0.375
vt 1 0.375
vt 1 0.6875
vt 0 0.6875
vt 0 1
vt 0 1
vt 0 1
vt 0 1
vn 0 0.9396926207859079 0.34202014332567054
vn -0.9961946980917457 0.02980901962620849 -0.08189960831908996
vn 0 -0.9396926207859079 -0.34202014332567054
vn 0.9961946980917457 -0.02980901962620849 0.08189960831908996
vn 0.0871557427476585 0.34071865342161217 -0.9361168066628585
vn -0.0871557427476585 -0.34071865342161217 0.9361168066628585
g Frond
f 52/148/37 55/147/37 53/146/37 50/145/37
f 51/152/38 52/151/38 50/150/38 49/149/38
f 56/156/39 51/155/39 49/154/39 54/153/39
f 55/160/40 56/159/40 54/158/40 53/157/40
f 54/164/41 49/163/41 50/162/41 53/161/41
f 55/168/42 52/167/42 51/166/42 56/165/42
o cube
v -0.3186490368100346 -0.4370023556734829 -0.3382155431593973
v -0.31373499231547414 -0.2497541951697871 -0.32983529527000566
v -0.3186490368100346 -0.4370023556734829 -0.3382155431593973
v -0.31373499231547414 -0.2497541951697871 -0.32983529527000566
v 0.3088866939918672 -0.2683848324361674 -0.2786480400705744
v 0.30397264949730674 -0.45563299293986326 -0.287028287959966
v 0.3088866939918672 -0.2683848324361674 -0.2786480400705744
v 0.30397264949730674 -0.45563299293986326 -0.287028287959966
vt 0 1
vt 0.34375 1
vt 0.34375 1
vt 0 1
vt 0 1
vt 0.28125 1
vt 0.28125 1
vt 0 1
vt 0 1
vt 0.34375 1
vt 0.34375 1
vt 0 1
vt 0 1
vt 0.28125 1
vt 0.28125 1
vt 0 1
vt 0 0.6875
vt 1 0.6875
vt 1 1
vt 0 1
vt 0 1
vt 0 1
vt 0 1
vt 0 1
vn 0.026208237304322413 0.998656856019711 0.04469465541008834
vn -0.9961946980917455 0.02980901962620849 -0.08189960831908995
vn -0.026208237304322413 -0.998656856019711 -0.04469465541008834
vn 0.9961946980917455 -0.02980901962620849 0.08189960831908995
vn 0.08312190921349409 0.042378134382609844 -0.9956379070399808
vn -0.08312190921349409 -0.042378134382609844 0.9956379070399808
g Frond
f 60/172/43 63/171/43 61/170/43 58/169/43
f 59/176/44 60/175/44 58/174/44 57/173/44
f 64/180/45 59/179/45 57/178/45 62/177/45
f 63/184/46 64/183/46 62/182/46 61/181/46
f 62/188/47 57/187/47 58/186/47 61/185/47
f 63/192/48 60/191/48 59/190/48 64/189/48
o cube
v -0.3480444570443193 -0.04783542904563602 0.041144515815325175
v -0.29030198626236386 0 0.14115740896423337
v -0.3480444570443193 -0.04783542904563602 0.041144515815325175
v -0.29030198626236386 0 0.14115740896423337
v 0.25096389110291006 0 -0.17134259103576677
v 0.1932214203209546 -0.04783542904563608 -0.271355484184675
v 0.25096389110291006 0 -0.17134259103576677
v 0.1932214203209546 -0.04783542904563608 -0.271355484184675
vt 0 1
vt 0.34375 1
vt 0.34375 1
vt 0 1
vt 0 1
vt 0.28125 1
vt 0.28125 1
vt 0 1
vt 0 1
vt 0.34375 1
vt 0.34375 1
vt 0 1
vt 0 1
vt 0.28125 1
vt 0.28125 1
vt 0 1
vt 0 0
vt 1 0
vt 1 0.1875
vt 0 0.1875
vt 0 1
vt 0 1
vt 0 1
vt 0 1
vn 0.46193976625564404 0.3826834323650885 0.8001031451912658
vn -0.8660254037844385 0 0.5000000000000003
vn -0.46193976625564404 -0.3826834323650885 -0.8001031451912658
vn 0.8660254037844385 0 -0.5000000000000003
vn -0.1913417161825443 0.9238795325112872 -0.33141357403559074
vn 0.1913417161825443 -0.9238795325112872 0.33141357403559074
g Frond
f 68/196/49 71/195/49 69/194/49 66/193/49
f 67/200/50 68/199/50 66/198/50 65/197/50
f 72/204/51 67/203/51 65/202/51 70/201/51
f 71/208/52 72/207/52 70/206/52 69/205/52
f 70/212/53 65/211/53 66/210/53 69/209/53
f 71/216/54 68/215/54 67/214/54 72/213/54
o cube
v -0.38823064150698955 -0.14353324196472622 -0.028459997436354537
v -0.34805641590158076 -0.047777686574854074 0.04112380246694794
v -0.38823064150698955 -0.14353324196472622 -0.028459997436354537
v -0.34805641590158076 -0.047777686574854074 0.04112380246694794
v 0.19320946146369317 -0.04777768657485413 -0.2713761975330522
v 0.15303523585828438 -0.1435332419647263 -0.3409599974363547
v 0.19320946146369317 -0.04777768657485413 -0.2713761975330522
v 0.15303523585828438 -0.1435332419647263 -0.3409599974363547
vt 0 1
vt 0.34375 1
vt 0.34375 1
vt 0 1
vt 0 1
vt 0.28125 1
vt 0.28125 1
vt 0 1
vt 0 1
vt 0.34375 1
vt 0.34375 1
vt 0 1
vt 0 1
vt 0.28125 1
vt 0.28125 1
vt 0 1
vt 0 0.1875
vt 1 0.1875
vt 1 0.375
vt 0 0.375
vt 0 1
vt 0 1
vt 0 1
vt 0 1
vn 0.3213938048432705 0.7660444431189771 0.5566703992264201
vn -0.8660254037844385 0 0.5000000000000003
vn -0.3213938048432705 -0.7660444431189771 -0.5566703992264201
vn 0.8660254037844385 0 -0.5000000000000003
vn -0.3830222215594888 0.6427876096865403 -0.6634139481689376
vn 0.3830222215594888 -0.6427876096865403 0.6634139481689376
g Frond
f 76/220/55 79/219/55 77/218/55 74/217/55
f 75/224/56 76/223/56 74/222/56 73/221/56
f 80/228/57 75/227/57 73/226/57 78/225/57
f 79/232/58 80/231/58 78/230/58 77/229/58
f 78/236/59 73/235/59 74/234/59 77/233/59
f 79/240/60 76/239/60 75/238/60 80/237/60
o cube
v -0.39639430019411476 -0.3302850208652448 -0.04259986905810639
v -0.38822344931152164 -0.14349851497304253 -0.02844754018838619
v -0.39639430019411476 -0.3302850208652448 -0.04259986905810639
v -0.38822344931152164 -0.14349851497304253 -0.02844754018838619
v 0.1530424280537523 -0.14349851497304258 -0.34094754018838636
v 0.14487157717115917 -0.3302850208652448 -0.35509986905810653
v 0.1530424280537523 -0.14349851497304258 -0.34094754018838636
v 0.14487157717115917 -0.3302850208652448 -0.35509986905810653
vt 0 1
vt 0.34375 1
vt 0.34375 1
vt 0 1
vt 0 1
vt 0.28125 1
vt 0.28125 1
vt 0 1
vt 0 1
vt 0.34375 1
vt 0.34375 1
vt 0 1
vt 0 1
vt 0.28125 1
vt 0.28125 1
vt 0 1
vt 0 0.375
vt 1 0.375
vt 1 0.6875
vt 0 0.6875
vt 0 1
vt 0 1
vt 0 1
vt 0 1
vn 0.04357787137382985 0.9961946980917455 0.0754790873051744
vn -0.8660254037844385 0 0.5000000000000002
vn -0.04357787137382985 -0.9961946980917455 -0.0754790873051744
vn 0.8660254037844385 0 -0.5000000000000002
vn -0.498097349045873 0.08715574274765943 -0.8627299156628205
vn 0.498097349045873 -0.08715574274765943 0.8627299156628205
g Frond
f 84/244/61 87/243/61 85/242/61 82/241/61
f 83/248/62 84/247/62 82/246/62 81/245/62
f 88/252/63 83/251/63 81/250/63 86/249/63
f 87/256/64 88/255/64 86/254/64 85/253/64
f 86/260/65 81/259/65 82/258/65 85/257/65
f 87/264/66 84/263/66 83/262/66 88/261/66
o cube
v -0.37610370875702215 -0.51332155440353 -0.007455533773439826
v -0.3963949225637191 -0.3302660530685424 -0.04260094703388212
v -0.37610370875702215 -0.51332155440353 -0.007455533773439826
v -0.3963949225637191 -0.3302660530685424 -0.04260094703388212
v 0.1448709548015548 -0.33026605306854245 -0.35510094703388223
v 0.1651621686082518 -0.51332155440353 -0.31995553377343994
v 0.1448709548015548 -0.33026605306854245 -0.35510094703388223
v 0.1651621686082518 -0.51332155440353 -0.31995553377343994
vt 0 1
vt 0.34375 1
vt 0.34375 1
vt 0 1
vt 0 1
vt 0.28125 1
vt 0.28125 1
vt 0 1
vt 0 1
vt 0.34375 1
vt 0.34375 1
vt 0 1
vt 0 1
vt 0.28125 1
vt 0.28125 1
vt 0 1
vt 0 0.6875
vt 1 0.6875
vt 1 1
vt 0 1
vt 0 1
vt 0 1
vt 0 1
vt 0 1
vn -0.10821980696905067 0.9762960071199337 -0.18744220405569229
vn -0.8660254037844386 0 0.5000000000000002
vn 0.10821980696905067 -0.9762960071199337 0.18744220405569229
vn 0.8660254037844386 0 -0.5000000000000002
vn -0.48814800355996724 -0.2164396139381014 -0.8454971437791756
vn 0.48814800355996724 0.2164396139381014 0.8454971437791756
g Frond
f 92/268/67 95/267/67 93/266/67 90/265/67
f 91/272/68 92/271/68 90/270/68 89/269/68
f 96/276/69 91/275/69 89/274/69 94/273/69
f 95/280/70 96/279/70 94/278/70 93/277/70
f 94/284/71 89/283/71 90/282/71 93/281/71
f 95/288/72 92/287/72 91/286/72 96/285/72
o cube
v -0.3199855849308577 0.06742945533652252 -0.14905584924201656
v -0.32964909592971625 0.030139571478819092 -0.030139571478819065
v -0.3199855849308577 0.06742945533652252 -0.14905584924201656
v -0.32964909592971625 0.030139571478819092 -0.030139571478819065
v 0.2929725903776247 -0.008378188968818472 0.008378188968818477
v 0.3026361013764832 0.028911694888884957 -0.11053808879437903
v 0.2929725903776247 -0.008378188968818472 0.008378188968818477
v 0.3026361013764832 0.028911694888884957 -0.11053808879437903
vt 0 1
vt 0.34375 1
vt 0.34375 1
vt 0 1
vt 0 1
vt 0.28125 1
vt 0.28125 1
vt 0 1
vt 0 1
vt 0.34375 1
vt 0.34375 1
vt 0 1
vt 0 1
vt 0.28125 1
vt 0.28125 1
vt 0 1
vt 0 0
vt 1 0
vt 1 0.1875
vt 0 0.1875
vt 0 1
vt 0 1
vt 0 1
vt 0 1
vn -0.07730808799086798 -0.29831907086162746 0.9513302221055797
vn -0.9961946980917454 0.061628416716220116 -0.061628416716220054
vn 0.07730808799086798 0.29831907086162746 -0.9513302221055797
vn 0.9961946980917454 -0.061628416716220116 0.061628416716220054
vn 0.04024404334920093 0.9524744984582565 0.30194825179424434
vn -0.04024404334920093 -0.9524744984582565 -0.30194825179424434
g Frond_Upper
f 100/292/73 103/291/73 101/290/73 98/289/73
f 99/296/74 100/295/74 98/294/74 97/293/74
f 104/300/75 99/299/75 97/298/75 102/297/75
f 103/304/76 104/303/76 102/302/76 101/301/76
f 102/308/77 97/307/77 98/306/77 101/305/77
f 103/312/78 100/311/78 99/310/78 104/309/78
o cube
v -0.313734259636557 0.045590043591812505 -0.271945027410308
v -0.3199830696781484 0.06748898499267617 -0.14903697747627942
v -0.313734259636557 0.045590043591812505 -0.271945027410308
v -0.3199830696781484 0.06748898499267617 -0.14903697747627942
v 0.30263861662919256 0.0289712245450386 -0.11051921702864188
v 0.30888742667078395 0.0070722831441749415 -0.23342726696267047
v 0.30263861662919256 0.0289712245450386 -0.11051921702864188
v 0.30888742667078395 0.0070722831441749415 -0.23342726696267047
vt 0 1
vt 0.34375 1
vt 0.34375 1
vt 0 1
vt 0 1
vt 0.28125 1
vt 0.28125 1
vt 0 1
vt 0 1
vt 0.34375 1
vt 0.34375 1
vt 0 1
vt 0 1
vt 0.28125 1
vt 0.28125 1
vt 0 1
vt 0 0.1875
vt 1 0.1875
vt 1 0.375
vt 0 0.375
vt 0 1
vt 0 1
vt 0 1
vt 0 1
vn -0.04999048033273095 0.1751915312069094 0.9832643994722281
vn -0.9961946980917454 0.06162841671622011 -0.06162841671622006
vn 0.04999048033273095 -0.1751915312069094 -0.9832643994722281
vn 0.9961946980917454 -0.06162841671622011 0.06162841671622006
vn 0.07139380484327046 0.9826036157303872 -0.171444040385108
vn -0.07139380484327046 -0.9826036157303872 0.171444040385108
g Frond_Upper
f 108/316/79 111/315/79 109/314/79 106/313/79
f 107/320/80 108/319/80 106/318/80 105/317/80
f 112/324/81 107/323/81 105/322/81 110/321/81
f 111/328/82 112/327/82 110/326/82 109/325/82
f 110/332/83 105/331/83 106/330/83 109/329/83
f 111/336/84 108/335/84 107/334/84 112/333/84
o cube
v -0.313735244757676 -0.08697509115633201 -0.4044942381336597
v -0.31373524475767606 0.0456074303161455 -0.27191171666118186
v -0.313735244757676 -0.08697509115633201 -0.4044942381336597
v -0.31373524475767606 0.0456074303161455 -0.27191171666118186
v 0.3088864415496649 0.007089669868507953 -0.23339395621354433
v 0.30888644154966494 -0.12549285160396956 -0.36597647768602215
v 0.3088864415496649 0.007089669868507953 -0.23339395621354433
v 0.30888644154966494 -0.12549285160396956 -0.36597647768602215
vt 0 1
vt 0.34375 1
vt 0.34375 1
vt 0 1
vt 0 1
vt 0.28125 1
vt 0.28125 1
vt 0 1
vt 0 1
vt 0.34375 1
vt 0.34375 1
vt 0 1
vt 0 1
vt 0.28125 1
vt 0.28125 1
vt 0 1
vt 0 0.375
vt 1 0.375
vt 1 0.6875
vt 0 0.6875
vt 0 1
vt 0 1
vt 0 1
vt 0 1
vn 0 0.7071067811865468 0.7071067811865482
vn -0.9961946980917454 0.06162841671622014 -0.061628416716220075
vn 0 -0.7071067811865468 -0.7071067811865482
vn 0.9961946980917454 -0.06162841671622014 0.061628416716220075
vn 0.0871557427476592 0.7044160264027597 -0.7044160264027577
vn -0.0871557427476592 -0.7044160264027597 0.7044160264027577
g Frond_Upper
f 116/340/85 119/339/85 117/338/85 114/337/85
f 115/344/86 116/343/86 114/342/86 113/341/86
f 120/348/87 115/347/87 113/346/87 118/345/87
f 119/352/88 120/351/88 118/350/88 117/349/88
f 118/356/89 113/355/89 114/354/89 117/353/89
f 119/360/90 116/359/90 115/358/90 120/357/90
o cube
v -0.3186490368100348 -0.2531225729565263 -0.4912125563935099
v -0.31373499231547414 -0.08695975277970908 -0.4044829803678416
v -0.3186490368100348 -0.2531225729565263 -0.4912125563935099
v -0.31373499231547414 -0.08695975277970908 -0.4044829803678416
v 0.3088866939918668 -0.12547751322734668 -0.36596521992020403
v 0.3039726494973061 -0.29164033340416384 -0.45269479594587236
v 0.3088866939918668 -0.12547751322734668 -0.36596521992020403
v 0.3039726494973061 -0.29164033340416384 -0.45269479594587236
vt 0 1
vt 0.34375 1
vt 0.34375 1
vt 0 1
vt 0 1
vt 0.28125 1
vt 0.28125 1
vt 0 1
vt 0 1
vt 0.34375 1
vt 0.34375 1
vt 0 1
vt 0 1
vt 0.28125 1
vt 0.28125 1
vt 0 1
vt 0 0.6875
vt 1 0.6875
vt 1 1
vt 0 1
vt 0 1
vt 0 1
vt 0 1
vt 0 1
vn 0.026208237304323527 0.8862017076096919 0.4625577388035642
vn -0.9961946980917455 0.06162841671622013 -0.06162841671622006
vn -0.026208237304323527 -0.8862017076096919 -0.4625577388035642
vn 0.9961946980917455 -0.06162841671622013 0.06162841671622006
vn 0.08312190921349448 0.45918239478742906 -0.8844446147306148
vn -0.08312190921349448 -0.45918239478742906 0.8844446147306148
g Frond_Upper
f 124/364/91 127/363/91 125/362/91 122/361/91
f 123/368/92 124/367/92 122/366/92 121/365/92
f 128/372/93 123/371/93 121/370/93 126/369/93
f 127/376/94 128/375/94 126/374/94 125/373/94
f 126/380/95 121/379/95 122/378/95 125/377/95
f 127/384/96 124/383/96 123/382/96 128/381/96
o cube
v -0.35047960841380765 0.05594026485901196 0.0643647519317189
v -0.2836504459604579 0.029168983062677227 0.1665516469660872
v -0.35047960841380765 0.05594026485901196 0.0643647519317189
v -0.2836504459604579 0.029168983062677227 0.1665516469660872
v 0.23375667550155174 -0.009348777384960986 -0.1819182266105182
v 0.16692751304820194 0.01742250441137375 -0.28410512164488655
v 0.23375667550155174 -0.009348777384960986 -0.1819182266105182
v 0.16692751304820194 0.01742250441137375 -0.28410512164488655
vt 0 1
vt 0.34375 1
vt 0.34375 1
vt 0 1
vt 0 1
vt 0.28125 1
vt 0.28125 1
vt 0 1
vt 0 1
vt 0.34375 1
vt 0.34375 1
vt 0 1
vt 0 1
vt 0.28125 1
vt 0.28125 1
vt 0 1
vt 0 0
vt 1 0
vt 1 0.1875
vt 0 0.1875
vt 0 1
vt 0 1
vt 0 1
vt 0 1
vn 0.5346332996267987 -0.21417025437067794 0.8174951602749468
vn -0.8278513943392156 0.06162841671622114 0.5575517977225687
vn -0.5346332996267987 0.21417025437067794 -0.8174951602749468
vn 0.8278513943392156 -0.06162841671622114 -0.5575517977225687
vn 0.1697919427439898 0.9748502656284457 0.14435253992698155
vn -0.1697919427439898 -0.9748502656284457 -0.14435253992698155
g Frond_Upper
f 132/388/97 135/387/97 133/386/97 130/385/97
f 131/392/98 132/391/98 130/390/98 129/389/98
f 136/396/99 131/395/99 129/394/99 134/393/99
f 135/400/100 136/399/100 134/398/100 133/397/100
f 134/404/101 129/403/101 130/402/101 133/401/101
f 135/408/102 132/407/102 131/406/102 136/405/102
o cube
v -0.4195473367482997 0.023480640188812164 -0.03459893207989605
v -0.3504689964173862 0.05600119300061373 0.06437377396546431
v -0.4195473367482997 0.023480640188812164 -0.03459893207989605
v -0.3504689964173862 0.05600119300061373 0.06437377396546431
v 0.1669381250446234 0.017483432552975513 -0.28409609961114113
v 0.09785978471370993 -0.015037120258826052 -0.3830688056565015
v 0.1669381250446234 0.017483432552975513 -0.28409609961114113
v 0.09785978471370993 -0.015037120258826052 -0.3830688056565015
vt 0 1
vt 0.34375 1
vt 0.34375 1
vt 0 1
vt 0 1
vt 0.28125 1
vt 0.28125 1
vt 0 1
vt 0 1
vt 0.34375 1
vt 0.34375 1
vt 0 1
vt 0 1
vt 0.28125 1
vt 0.28125 1
vt 0 1
vt 0 0.1875
vt 1 0.1875
vt 1 0.375
vt 0 0.375
vt 0 1
vt 0 1
vt 0 1
vt 0 1
vn 0.5526267226473082 0.2601644224944124 0.7917816483628831
vn -0.8278513943392156 0.06162841671622113 0.5575517977225687
vn -0.5526267226473082 -0.2601644224944124 -0.7917816483628831
vn 0.8278513943392156 -0.06162841671622113 -0.5575517977225687
vn -0.09625889209164941 0.9635955642909533 -0.2494349898712841
vn 0.09625889209164941 -0.9635955642909533 0.2494349898712841
g Frond_Upper
f 140/412/103 143/411/103 141/410/103 138/409/103
f 139/416/104 140/415/104 138/414/104 137/413/104
f 144/420/105 139/419/105 137/418/105 142/417/105
f 143/424/106 144/423/106 142/422/106 141/421/106
f 142/428/107 137/427/107 138/426/107 141/425/107
f 143/432/108 140/431/108 139/430/108 144/429/108
o cube
v -0.4940548909004475 -0.12008850335440505 -0.12935827785475618
v -0.41952861390815255 0.023500858218203052 -0.0345733672368813
v -0.4940548909004475 -0.12008850335440505 -0.12935827785475618
v -0.41952861390815255 0.023500858218203052 -0.0345733672368813
v 0.09787850755385713 -0.015016902229435164 -0.38304324081348673
v 0.02335223056156216 -0.15860626380204326 -0.47782815143136165
v 0.09787850755385713 -0.015016902229435164 -0.38304324081348673
v 0.02335223056156216 -0.15860626380204326 -0.47782815143136165
vt 0 1
vt 0.34375 1
vt 0.34375 1
vt 0 1
vt 0 1
vt 0.28125 1
vt 0.28125 1
vt 0 1
vt 0 1
vt 0.34375 1
vt 0.34375 1
vt 0 1
vt 0 1
vt 0.28125 1
vt 0.28125 1
vt 0 1
vt 0 0.375
vt 1 0.375
vt 1 0.6875
vt 0 0.6875
vt 0 1
vt 0 1
vt 0 1
vt 0 1
vn 0.3974734772922399 0.7658099283872432 0.505519523295333
vn -0.8278513943392157 0.061628416716221185 0.5575517977225688
vn -0.3974734772922399 -0.7658099283872432 -0.505519523295333
vn 0.8278513943392157 -0.061628416716221185 -0.5575517977225688
vn -0.39582433444626897 0.6401070940370658 -0.6584724781064057
vn 0.39582433444626897 -0.6401070940370658 0.6584724781064057
g Frond_Upper
f 148/436/109 151/435/109 149/434/109 146/433/109
f 147/440/110 148/439/110 146/438/110 145/437/110
f 152/444/111 147/443/111 145/442/111 150/441/111
f 151/448/112 152/447/112 150/446/112 149/445/112
f 150/452/113 145/451/113 146/450/113 149/449/113
f 151/456/114 148/455/114 147/454/114 152/453/114
o cube
v -0.5428080348401627 -0.2931065894871693 -0.18262243662634683
v -0.4940485623751244 -0.12007224725561205 -0.12935067812877643
v -0.5428080348401627 -0.2931065894871693 -0.18262243662634683
v -0.4940485623751244 -0.12007224725561205 -0.12935067812877643
v 0.023358559086885222 -0.1585900077032502 -0.47782055170538185
v -0.02540091337815306 -0.3316243499348075 -0.5310923102029523
v 0.023358559086885222 -0.1585900077032502 -0.47782055170538185
v -0.02540091337815306 -0.3316243499348075 -0.5310923102029523
vt 0 1
vt 0.34375 1
vt 0.34375 1
vt 0 1
vt 0 1
vt 0.28125 1
vt 0.28125 1
vt 0 1
vt 0 1
vt 0.34375 1
vt 0.34375 1
vt 0 1
vt 0 1
vt 0.28125 1
vt 0.28125 1
vt 0 1
vt 0 0.6875
vt 1 0.6875
vt 1 1
vt 0 1
vt 0 1
vt 0 1
vt 0 1
vt 0 1
vn 0.2600505198135378 0.9228498252349725 0.28411604532037565
vn -0.8278513943392157 0.06162841671622113 0.5575517977225687
vn -0.2600505198135378 -0.9228498252349725 -0.28411604532037565
vn 0.8278513943392157 -0.06162841671622113 -0.5575517977225687
vn -0.49702695705094857 0.38019749909334305 -0.7800090163888121
vn 0.49702695705094857 -0.38019749909334305 0.7800090163888121
g Frond_Upper
f 156/460/115 159/459/115 157/458/115 154/457/115
f 155/464/116 156/463/116 154/462/116 153/461/116
f 160/468/117 155/467/117 153/466/117 158/465/117
f 159/472/118 160/471/118 158/470/118 157/469/118
f 158/476/119 153/475/119 154/474/119 157/473/119
f 159/480/120 156/479/120 155/478/120 160/477/120
o cube
v -0.20236244808089482 0.04417380367306786 -0.28736308714408854
v -0.2716795302152433 0.028124869557513584 -0.1845887039635772
v -0.20236244808089482 0.04417380367306786 -0.28736308714408854
v -0.2716795302152433 0.028124869557513584 -0.1845887039635772
v 0.24826778685020023 -0.010392890890123402 0.16007949823463172
v 0.31758486898454874 0.005656043225430882 0.057305115054120365
v 0.24826778685020023 -0.010392890890123402 0.16007949823463172
v 0.31758486898454874 0.005656043225430882 0.057305115054120365
vt 0 1
vt 0.34375 1
vt 0.34375 1
vt 0 1
vt 0 1
vt 0.28125 1
vt 0.28125 1
vt 0 1
vt 0 1
vt 0.34375 1
vt 0.34375 1
vt 0 1
vt 0 1
vt 0.28125 1
vt 0.28125 1
vt 0 1
vt 0 0
vt 1 0
vt 1 0.1875
vt 0 0.1875
vt 0 1
vt 0 1
vt 0 1
vt 0 1
vn -0.5545366570747884 -0.12839147292443429 0.8221950654440909
vn -0.83191570730471 0.06162841671621917 -0.5514691235171343
vn 0.5545366570747884 0.12839147292443429 -0.8221950654440909
vn 0.83191570730471 -0.06162841671621917 0.5514691235171343
vn -0.020133352925504115 0.9898068336465184 0.14098609919644842
vn 0.020133352925504115 -0.9898068336465184 -0.14098609919644842
g Frond_Upper
f 164/484/121 167/483/121 165/482/121 162/481/121
f 163/488/122 164/487/122 162/486/122 161/485/122
f 168/492/123 163/491/123 161/490/123 166/489/123
f 167/496/124 168/495/124 166/494/124 165/493/124
f 166/500/125 161/499/125 162/498/125 165/497/125
f 167/504/126 164/503/126 163/502/126 168/501/126
o cube
v -0.13971663516384053 0.0013410034207760047 -0.3866537837408841
v -0.20236370641545262 0.04423566660017077 -0.28735427551288883
v -0.13971663516384053 0.0013410034207760047 -0.3866537837408841
v -0.20236370641545262 0.04423566660017077 -0.28735427551288883
v 0.31758361064999097 0.005717906152533786 0.05731392668532013
v 0.3802306819016031 -0.03717675702686098 -0.04198558154267517
v 0.31758361064999097 0.005717906152533786 0.05731392668532013
v 0.3802306819016031 -0.03717675702686098 -0.04198558154267517
vt 0 1
vt 0.34375 1
vt 0.34375 1
vt 0 1
vt 0 1
vt 0.28125 1
vt 0.28125 1
vt 0 1
vt 0 1
vt 0.34375 1
vt 0.34375 1
vt 0 1
vt 0 1
vt 0.28125 1
vt 0.28125 1
vt 0 1
vt 0 0.1875
vt 1 0.1875
vt 1 0.375
vt 0 0.375
vt 0 1
vt 0 1
vt 0 1
vt 0 1
vn -0.501176570012897 0.3431573054351582 0.7943960658239626
vn -0.8319157073047098 0.06162841671621913 -0.5514691235171343
vn 0.501176570012897 -0.3431573054351582 -0.7943960658239626
vn 0.8319157073047098 -0.06162841671621913 0.5514691235171343
vn 0.2381980302391525 0.9372539687723567 -0.2545912339627078
vn -0.2381980302391525 -0.9372539687723567 0.2545912339627078
g Frond_Upper
f 172/508/127 175/507/127 173/506/127 170/505/127
f 171/512/128 172/511/128 170/510/128 169/509/128
f 176/516/129 171/515/129 169/514/129 174/513/129
f 175/520/130 176/519/130 174/518/130 173/517/130
f 174/524/131 169/523/131 170/522/131 173/521/131
f 175/528/132 172/527/132 171/526/132 176/525/132
o cube
v -0.08837284027684025 -0.15213950104573087 -0.48126011381692
v -0.1397319092541023 0.0013638988838131083 -0.38662818345586647
v -0.08837284027684025 -0.15213950104573087 -0.48126011381692
v -0.1397319092541023 0.0013638988838131083 -0.38662818345586647
v 0.3802154078113412 -0.03715386156382386 -0.041959981257657514
v 0.4315744767886033 -0.19065726149336787 -0.13659191161871115
v 0.3802154078113412 -0.03715386156382386 -0.041959981257657514
v 0.4315744767886033 -0.19065726149336787 -0.13659191161871115
vt 0 1
vt 0.34375 1
vt 0.34375 1
vt 0 1
vt 0 1
vt 0.28125 1
vt 0.28125 1
vt 0 1
vt 0 1
vt 0.34375 1
vt 0.34375 1
vt 0 1
vt 0 1
vt 0.28125 1
vt 0.28125 1
vt 0 1
vt 0 0.375
vt 1 0.375
vt 1 0.6875
vt 0 0.6875
vt 0 1
vt 0 1
vt 0 1
vt 0 1
vn -0.2739150345453976 0.8186847996242347 0.504703628592286
vn -0.8319157073047098 0.06162841671621917 -0.5514691235171343
vn 0.2739150345453976 -0.8186847996242347 -0.504703628592286
vn 0.8319157073047098 -0.06162841671621917 0.5514691235171343
vn 0.48258347442665084 0.5709265601785213 -0.6641957942452087
vn -0.48258347442665084 -0.5709265601785213 0.6641957942452087
g Frond_Upper
f 180/532/133 183/531/133 181/530/133 178/529/133
f 179/536/134 180/535/134 178/534/134 177/533/134
f 184/540/135 179/539/135 177/538/135 182/537/135
f 183/544/136 184/543/136 182/542/136 181/541/136
f 182/548/137 177/547/137 178/546/137 181/545/137
f 183/552/138 180/551/138 179/550/138 184/549/138
o cube
v -0.06660376345392177 -0.33071141940441784 -0.534055710704092
v -0.08837659382999352 -0.15212245094349497 -0.481252546012207
v -0.06660376345392177 -0.33071141940441784 -0.534055710704092
v -0.08837659382999352 -0.15212245094349497 -0.481252546012207
v 0.43157072323545004 -0.19064021139113196 -0.1365843438139981
v 0.4533435536115218 -0.3692291798520547 -0.189387508505883
v 0.43157072323545004 -0.19064021139113196 -0.1365843438139981
v 0.4533435536115218 -0.3692291798520547 -0.189387508505883
vt 0 1
vt 0.34375 1
vt 0.34375 1
vt 0 1
vt 0 1
vt 0.28125 1
vt 0.28125 1
vt 0 1
vt 0 1
vt 0.34375 1
vt 0.34375 1
vt 0 1
vt 0 1
vt 0.28125 1
vt 0.28125 1
vt 0 1
vt 0 0.6875
vt 1 0.6875
vt 1 1
vt 0 1
vt 0 1
vt 0 1
vt 0 1
vt 0 1
vn -0.11612176200571603 0.9524744984582549 0.28161687835671967
vn -0.83191570730471 0.061628416716219145 -0.5514691235171343
vn 0.11612176200571603 -0.9524744984582549 -0.28161687835671967
vn 0.83191570730471 -0.061628416716219145 0.5514691235171343
vn 0.5426158791708847 0.2983190708616324 -0.785222095735888
vn -0.5426158791708847 -0.2983190708616324 0.785222095735888
g Frond_Upper
f 188/556/139 191/555/139 189/554/139 186/553/139
f 187/560/140 188/559/140 186/558/140 185/557/140
f 192/564/141 187/563/141 185/562/141 190/561/141
f 191/568/142 192/567/142 190/566/142 189/565/142
f 190/572/143 185/571/143 186/570/143 189/569/143
f 191/576/144 188/575/144 187/574/144 192/573/144
