# Made in Blockbench 4.12.3

o cube
v -0.2700388456817241 0.001237506613010109 -0.33039735265763787
v -0.26713661735912025 0.18074938154192755 -0.2763296744176016
v -0.2700388456817241 0.001237506613010109 -0.33039735265763787
v -0.26713661735912025 0.18074938154192755 -0.2763296744176016
v 0.357784151919592 0.1708134133388197 -0.27688524616745025
v 0.35488192359698817 -0.008698461590097753 -0.3309529244074865
v 0.357784151919592 0.1708134133388197 -0.27688524616745025
v 0.35488192359698817 -0.008698461590097753 -0.3309529244074865
vt 0 1
vt 0.125 1
vt 0.125 1
vt 0 1
vt 0 1
vt 0.3125 1
vt 0.3125 1
vt 0 1
vt 0 1
vt 0.125 1
vt 0.125 1
vt 0 1
vt 0 1
vt 0.3125 1
vt 0.3125 1
vt 0 1
vt 0 0.3125
vt 1 0.3125
vt 1 0
vt 0 0
vt 0 1
vt 0.0625 1
vt 0.0625 0.6875
vt 0 0.6875
vn 0.015478551053887265 0.9573966662875609 0.288360950613527
vn -0.9998732308459398 0.01589754912497256 0.000888914799757796
vn -0.015478551053887265 -0.9573966662875609 -0.288360950613527
vn 0.9998732308459398 -0.01589754912497256 -0.000888914799757796
vn 0.003733188312200516 0.2883381544528645 -0.9575213689478381
vn -0.003733188312200516 -0.2883381544528645 0.9575213689478381
g Frond
f 4/4/1 7/3/1 5/2/1 2/1/1
f 3/8/2 4/7/2 2/6/2 1/5/2
f 8/12/3 3/11/3 1/10/3 6/9/3
f 7/16/4 8/15/4 6/14/4 5/13/4
f 6/20/5 1/19/5 2/18/5 5/17/5
f 7/24/6 4/23/6 3/22/6 8/21/6
o cube
v -0.26713673933457605 0.18074185741057416 -0.27633231217911725
v -0.2643507047629529 0.35166129310708616 -0.1992931369982282
v -0.26713673933457605 0.18074185741057416 -0.27633231217911725
v -0.2643507047629529 0.35166129310708616 -0.1992931369982282
v 0.3605700645157594 0.3417253249039783 -0.19984870874807686
v 0.3577840299441363 0.1708058892074663 -0.2768878839289659
v 0.3605700645157594 0.3417253249039783 -0.19984870874807686
v 0.3577840299441363 0.1708058892074663 -0.2768878839289659
vt 0 1
vt 0.125 1
vt 0.125 1
vt 0 1
vt 0 1
vt 0.3125 1
vt 0.3125 1
vt 0 1
vt 0 1
vt 0.125 1
vt 0.125 1
vt 0 1
vt 0 1
vt 0.3125 1
vt 0.3125 1
vt 0 1
vt 0 0.625
vt 1 0.625
vt 1 0.3125
vt 0 0.3125
vt 0 1
vt 0.0625 1
vt 0.0625 0.6875
vt 0 0.6875
vn 0.014858851048656772 0.9115703237147296 0.41087560096474085
vn -0.9998732308459397 0.015897549124972557 0.000888914799757796
vn -0.014858851048656772 -0.9115703237147296 -0.41087560096474085
vn 0.9998732308459397 -0.015897549124972557 -0.000888914799757796
vn 0.00572160669881954 0.41083672286498724 -0.9116909840304125
vn -0.00572160669881954 -0.41083672286498724 0.9116909840304125
g Frond
f 12/28/7 15/27/7 13/26/7 10/25/7
f 11/32/8 12/31/8 10/30/8 9/29/8
f 16/36/9 11/35/9 9/34/9 14/33/9
f 15/40/10 16/39/10 14/38/10 13/37/10
f 14/44/11 9/43/11 10/42/11 13/41/11
f 15/48/12 12/47/12 11/46/12 16/45/12
o cube
v -0.26435112045921666 0.35163629003364805 -0.1993135618781775
v -0.2621620150245782 0.47939169233625023 -0.02175983057439329
v -0.26435112045921666 0.35163629003364805 -0.1993135618781775
v -0.2621620150245782 0.47939169233625023 -0.02175983057439329
v 0.3627587542541341 0.46945572413314235 -0.02231540232424195
v 0.3605696488194956 0.3417003218305402 -0.19986913362802616
v 0.3627587542541341 0.46945572413314235 -0.02231540232424195
v 0.3605696488194956 0.3417003218305402 -0.19986913362802616
vt 0 1
vt 0.125 1
vt 0.125 1
vt 0 1
vt 0 1
vt 0.3125 1
vt 0.3125 1
vt 0 1
vt 0 1
vt 0.125 1
vt 0.125 1
vt 0 1
vt 0 1
vt 0.3125 1
vt 0.3125 1
vt 0 1
vt 0 1
vt 1 1
vt 1 0.625
vt 0 0.625
vt 0 1
vt 0.0625 1
vt 0.0625 0.6875
vt 0 0.6875
vn 0.01000733912977604 0.5840246962404665 0.8116742002458698
vn -0.9998732308459397 0.01589754912497256 0.0008889147997577969
vn -0.01000733912977604 -0.5840246962404665 -0.8116742002458698
vn 0.9998732308459397 -0.01589754912497256 -0.0008889147997577969
vn 0.012384482275969328 0.8115802006659909 -0.5841097520891997
vn -0.012384482275969328 -0.8115802006659909 0.5841097520891997
g Frond
f 20/52/13 23/51/13 21/50/13 18/49/13
f 19/56/14 20/55/14 18/54/14 17/53/14
f 24/60/15 19/59/15 17/58/15 22/57/15
f 23/64/16 24/63/16 22/62/16 21/61/16
f 22/68/17 17/67/17 18/66/17 21/65/17
f 23/72/18 20/71/18 19/70/18 24/69/18
o cube
v 0.011496192774598901 -0.8112624933869907 -0.4909864932553571
v -0.021034605003422358 -0.6317506184580735 -0.4477027323809811
v 0.011496192774598901 -0.8112624933869907 -0.4909864932553571
v -0.021034605003422358 -0.6317506184580735 -0.4477027323809811
v 0.4580395923292659 -0.6416865866611804 -0.046436997504569005
v 0.49057039010728715 -0.8211984615900976 -0.08972075837894493
v 0.4580395923292659 -0.6416865866611804 -0.046436997504569005
v 0.49057039010728715 -0.8211984615900976 -0.08972075837894493
vt 0 1
vt 0.125 1
vt 0.125 1
vt 0 1
vt 0 1
vt 0.3125 1
vt 0.3125 1
vt 0 1
vt 0 1
vt 0.125 1
vt 0.125 1
vt 0 1
vt 0 1
vt 0.3125 1
vt 0.3125 1
vt 0 1
vt 0 0.3125
vt 1 0.3125
vt 1 0
vt 0 0
vt 0 1
vt 0.0625 1
vt 0.0625 0.6875
vt 0 0.6875
vn -0.17349758814944705 0.95739666628756 0.23084672466333883
vn -0.7665187157323013 0.015897549124970992 -0.6420251758022597
vn 0.17349758814944705 -0.95739666628756 -0.23084672466333883
vn 0.7665187157323013 -0.015897549124970992 0.6420251758022597
vn 0.6183426601314421 0.28833815445286726 -0.7311042766584576
vn -0.6183426601314421 -0.28833815445286726 0.7311042766584576
g Frond
f 28/76/19 31/75/19 29/74/19 26/73/19
f 27/80/20 28/79/20 26/78/20 25/77/20
f 32/84/21 27/83/21 25/82/21 30/81/21
f 31/88/22 32/87/22 30/86/22 29/85/22
f 30/92/23 25/91/23 26/90/23 29/89/23
f 31/96/24 28/95/24 27/94/24 32/93/24
o cube
v -0.021033002921622856 -0.6317581425894268 -0.4477048314278441
v -0.06841860388644039 -0.46083870689291495 -0.3868985708752568
v -0.021033002921622856 -0.6317581425894268 -0.4477048314278441
v -0.06841860388644039 -0.46083870689291495 -0.3868985708752568
v 0.4106555934462478 -0.4707746750960219 0.014367164001155314
v 0.4580411944110654 -0.6416941107925337 -0.046439096551432024
v 0.4106555934462478 -0.4707746750960219 0.014367164001155314
v 0.4580411944110654 -0.6416941107925337 -0.046439096551432024
vt 0 1
vt 0.125 1
vt 0.125 1
vt 0 1
vt 0 1
vt 0.3125 1
vt 0.3125 1
vt 0 1
vt 0 1
vt 0.125 1
vt 0.125 1
vt 0 1
vt 0 1
vt 0.3125 1
vt 0.3125 1
vt 0 1
vt 0 0.625
vt 1 0.625
vt 1 0.3125
vt 0 0.3125
vt 0 1
vt 0.0625 1
vt 0.0625 0.6875
vt 0 0.6875
vn -0.2527232051456936 0.9115703237147283 0.3243000562804657
vn -0.7665187157323013 0.015897549124970992 -0.6420251758022597
vn 0.2527232051456936 -0.9115703237147283 -0.3243000562804657
vn 0.7665187157323013 -0.015897549124970992 0.6420251758022597
vn 0.5904066734150208 0.4108367228649899 -0.6947180342646682
vn -0.5904066734150208 -0.4108367228649899 0.6947180342646682
g Frond
f 36/100/25 39/99/25 37/98/25 34/97/25
f 35/104/26 36/103/26 34/102/26 33/101/26
f 40/108/27 35/107/27 33/106/27 38/105/27
f 39/112/28 40/111/28 38/110/28 37/109/28
f 38/116/29 33/115/29 34/114/29 37/113/29
f 39/120/30 36/119/30 35/118/30 40/117/30
o cube
v -0.06840579346849263 -0.46086370996635306 -0.38691448444545107
v -0.1808581799505723 -0.33310830766375144 -0.249493305375464
v -0.06840579346849263 -0.46086370996635306 -0.38691448444545107
v -0.1808581799505723 -0.33310830766375144 -0.249493305375464
v 0.2982160173821159 -0.3430442758668584 0.15177242950094816
v 0.4106684038641957 -0.47079967816945995 0.014351250430961027
v 0.2982160173821159 -0.3430442758668584 0.15177242950094816
v 0.4106684038641957 -0.47079967816945995 0.014351250430961027
vt 0 1
vt 0.125 1
vt 0.125 1
vt 0 1
vt 0 1
vt 0.3125 1
vt 0.3125 1
vt 0 1
vt 0 1
vt 0.125 1
vt 0.125 1
vt 0 1
vt 0 1
vt 0.3125 1
vt 0.3125 1
vt 0 1
vt 0 1
vt 1 1
vt 1 0.625
vt 0 0.625
vt 0 1
vt 0.0625 1
vt 0.0625 0.6875
vt 0 0.6875
vn -0.5140680524895073 0.5840246962404639 0.6282111043199405
vn -0.7665187157323013 0.01589754912497102 -0.6420251758022597
vn 0.5140680524895073 -0.5840246962404639 -0.6282111043199405
vn 0.7665187157323013 -0.01589754912497102 0.6420251758022597
vn 0.3849455751684238 0.8115802006659928 -0.43949343800015783
vn -0.3849455751684238 -0.8115802006659928 0.43949343800015783
g Frond
f 44/124/31 47/123/31 45/122/31 42/121/31
f 43/128/32 44/127/32 42/126/32 41/125/32
f 48/132/33 43/131/33 41/130/33 46/129/33
f 47/136/34 48/135/34 46/134/34 45/133/34
f 46/140/35 41/139/35 42/138/35 45/137/35
f 47/144/36 44/143/36 43/142/36 48/141/36
o cube
v -0.39187062920657073 -0.5612624933869893 -0.11255022813135987
v -0.3623233866315945 -0.381750618458072 -0.06717735941314706
v -0.39187062920657073 -0.5612624933869893 -0.11255022813135987
v -0.3623233866315945 -0.381750618458072 -0.06717735941314706
v 0.17859608904135965 -0.3916865866611806 -0.38011888330149757
v 0.14904884646638344 -0.5711984615900979 -0.42549175201971035
v 0.17859608904135965 -0.3916865866611806 -0.38011888330149757
v 0.14904884646638344 -0.5711984615900979 -0.42549175201971035
vt 0 1
vt 0.125 1
vt 0.125 1
vt 0 1
vt 0 1
vt 0.3125 1
vt 0.3125 1
vt 0 1
vt 0 1
vt 0.125 1
vt 0.125 1
vt 0 1
vt 0 1
vt 0.3125 1
vt 0.3125 1
vt 0 1
vt 0 0.3125
vt 1 0.3125
vt 1 0
vt 0 0
vt 0 1
vt 0.0625 1
vt 0.0625 0.6875
vt 0 0.6875
vn 0.15758529373320662 0.9573966662875604 0.24198863316380198
vn -0.865471161076727 0.015897549124973768 0.500706438221361
vn -0.15758529373320662 -0.9573966662875604 -0.24198863316380198
vn 0.865471161076727 -0.015897549124973768 -0.500706438221361
vn -0.47552764855844226 0.2883381544528666 -0.8311044243313793
vn 0.47552764855844226 -0.2883381544528666 0.8311044243313793
g Frond
f 52/148/37 55/147/37 53/146/37 50/145/37
f 51/152/38 52/151/38 50/150/38 49/149/38
f 56/156/39 51/155/39 49/154/39 54/153/39
f 55/160/40 56/159/40 54/158/40 53/157/40
f 54/164/41 49/163/41 50/162/41 53/161/41
f 55/168/42 52/167/42 51/166/42 56/165/42
o cube
v -0.36232481114619575 -0.3817581425894254 -0.0671795827939009
v -0.32139244684090346 -0.21083870689291356 -0.0018547172864627481
v -0.36232481114619575 -0.3817581425894254 -0.0671795827939009
v -0.32139244684090346 -0.21083870689291356 -0.0018547172864627481
v 0.21952702883205072 -0.22077467509602217 -0.3147962411748132
v 0.17859466452675843 -0.391694110792534 -0.38012110668225135
v 0.21952702883205072 -0.22077467509602217 -0.3147962411748132
v 0.17859466452675843 -0.391694110792534 -0.38012110668225135
vt 0 1
vt 0.125 1
vt 0.125 1
vt 0 1
vt 0 1
vt 0.3125 1
vt 0.3125 1
vt 0 1
vt 0 1
vt 0.125 1
vt 0.125 1
vt 0 1
vt 0 1
vt 0.3125 1
vt 0.3125 1
vt 0 1
vt 0 0.625
vt 1 0.625
vt 1 0.3125
vt 0 0.3125
vt 0 1
vt 0.0625 1
vt 0.0625 0.6875
vt 0 0.6875
vn 0.21830594296155856 0.9115703237147286 0.3483992827063364
vn -0.865471161076727 0.015897549124973768 0.500706438221361
vn -0.21830594296155856 -0.9115703237147286 -0.3483992827063364
vn 0.865471161076727 -0.015897549124973768 -0.500706438221361
vn -0.4508904352635651 0.4108367228649893 -0.792408355920979
vn 0.4508904352635651 -0.4108367228649893 0.792408355920979
g Frond
f 60/172/43 63/171/43 61/170/43 58/169/43
f 59/176/44 60/175/44 58/174/44 57/173/44
f 64/180/45 59/179/45 57/178/45 62/177/45
f 63/184/46 64/183/46 62/182/46 61/181/46
f 62/188/47 57/187/47 58/186/47 61/185/47
f 63/192/48 60/191/48 59/190/48 64/189/48
o cube
v -0.3214030192844028 -0.21086370996635162 -0.001872197903236117
v -0.23073033271455073 -0.08310830766374988 0.15079929122523816
v -0.3214030192844028 -0.21086370996635162 -0.001872197903236117
v -0.23073033271455073 -0.08310830766374988 0.15079929122523816
v 0.3101891429584035 -0.09304427586685848 -0.16214223266311228
v 0.21951645638855144 -0.22079967816946022 -0.31481372179158656
v 0.3101891429584035 -0.09304427586685848 -0.16214223266311228
v 0.21951645638855144 -0.22079967816946022 -0.31481372179158656
vt 0 1
vt 0.125 1
vt 0.125 1
vt 0 1
vt 0 1
vt 0.3125 1
vt 0.3125 1
vt 0 1
vt 0 1
vt 0.125 1
vt 0.125 1
vt 0 1
vt 0 1
vt 0.3125 1
vt 0.3125 1
vt 0 1
vt 0 1
vt 1 1
vt 1 0.625
vt 0 0.625
vt 0 1
vt 0.0625 1
vt 0.0625 0.6875
vt 0 0.6875
vn 0.414503710033609 0.5840246962404645 0.6979268074444533
vn -0.8654711610767268 0.015897549124973737 0.500706438221361
vn -0.414503710033609 -0.5840246962404645 -0.6979268074444533
vn 0.8654711610767268 -0.015897549124973737 -0.500706438221361
vn -0.28132959978089095 0.8115802006659922 -0.5120461250454608
vn 0.28132959978089095 -0.8115802006659922 0.5120461250454608
g Frond
f 68/196/49 71/195/49 69/194/49 66/193/49
f 67/200/50 68/199/50 66/198/50 65/197/50
f 72/204/51 67/203/51 65/202/51 70/201/51
f 71/208/52 72/207/52 70/206/52 69/205/52
f 70/212/53 65/211/53 66/210/53 69/209/53
f 71/216/54 68/215/54 67/214/54 72/213/54
o cube
v -0.37375371562229115 -0.7567581425894265 -0.2015734664232664
v -0.35763229479687164 -0.585838706892915 -0.1261884792457396
v -0.37375371562229115 -0.7567581425894265 -0.2015734664232664
v -0.35763229479687164 -0.585838706892915 -0.1261884792457396
v 0.25769804978523303 -0.5957746750960223 -0.23525196338381077
v 0.24157662895981355 -0.7666941107925339 -0.31063695056133755
v 0.25769804978523303 -0.5957746750960223 -0.23525196338381077
v 0.24157662895981355 -0.7666941107925339 -0.31063695056133755
vt 0 1
vt 0.125 1
vt 0.125 1
vt 0 1
vt 0 1
vt 0.3125 1
vt 0.3125 1
vt 0 1
vt 0 1
vt 0.125 1
vt 0.125 1
vt 0 1
vt 0 1
vt 0.3125 1
vt 0.3125 1
vt 0 1
vt 0 0.625
vt 1 0.625
vt 1 0.3125
vt 0 0.3125
vt 0 1
vt 0.0625 1
vt 0.0625 0.6875
vt 0 0.6875
vn 0.08598091106890372 0.9115703237147271 0.402053264946809
vn -0.9845285513313673 0.015897549124971756 0.17450157462091387
vn -0.08598091106890372 -0.9115703237147271 -0.402053264946809
vn 0.9845285513313673 -0.015897549124971756 -0.17450157462091387
vn -0.15267879533556883 0.41083672286499284 -0.8988338960010536
vn 0.15267879533556883 -0.41083672286499284 0.8988338960010536
g Frond
f 76/220/55 79/219/55 77/218/55 74/217/55
f 75/224/56 76/223/56 74/222/56 73/221/56
f 80/228/57 75/227/57 73/226/57 78/225/57
f 79/232/58 80/231/58 78/230/58 77/229/58
f 78/236/59 73/235/59 74/234/59 77/233/59
f 79/240/60 76/239/60 75/238/60 80/237/60
o cube
v -0.38600002820761253 -0.9362624933869903 -0.2543131919748555
v -0.37375313745743627 -0.7567506184580731 -0.20157088991609076
v -0.38600002820761253 -0.9362624933869903 -0.2543131919748555
v -0.37375313745743627 -0.7567506184580731 -0.20157088991609076
v 0.2415772071246684 -0.7666865866611805 -0.31063437405416194
v 0.22933031637449214 -0.9461984615900976 -0.3633766761129267
v 0.2415772071246684 -0.7666865866611805 -0.31063437405416194
v 0.22933031637449214 -0.9461984615900976 -0.3633766761129267
vt 0 1
vt 0.125 1
vt 0.125 1
vt 0 1
vt 0 1
vt 0.3125 1
vt 0.3125 1
vt 0 1
vt 0 1
vt 0.125 1
vt 0.125 1
vt 0 1
vt 0 1
vt 0.3125 1
vt 0.3125 1
vt 0 1
vt 0 0.3125
vt 1 0.3125
vt 1 0
vt 0 0
vt 0 1
vt 0.0625 1
vt 0.0625 0.6875
vt 0 0.6875
vn 0.06531675066760681 0.9573966662875593 0.2812922776467455
vn -0.9845285513313673 0.015897549124971735 0.1745015746209139
vn -0.06531675066760681 -0.9573966662875593 -0.2812922776467455
vn 0.9845285513313673 -0.015897549124971735 -0.1745015746209139
vn -0.1625953680016283 0.28833815445287037 -0.9436227291619929
vn 0.1625953680016283 -0.28833815445287037 0.9436227291619929
g Frond
f 84/244/61 87/243/61 85/242/61 82/241/61
f 83/248/62 84/247/62 82/246/62 81/245/62
f 88/252/63 83/251/63 81/250/63 86/249/63
f 87/256/64 88/255/64 86/254/64 85/253/64
f 86/260/65 81/259/65 82/258/65 85/257/65
f 87/264/66 84/263/66 83/262/66 88/261/66
o cube
v -0.3576362509209574 -0.5858637099663531 -0.12620852164096918
v -0.324648521037898 -0.45810830766375205 0.048267635353798855
v -0.3576362509209574 -0.5858637099663531 -0.12620852164096918
v -0.324648521037898 -0.45810830766375205 0.048267635353798855
v 0.29068182354420674 -0.46804427586685937 -0.0607958487842723
v 0.2576940936611473 -0.5957996781694604 -0.23527200577904037
v 0.29068182354420674 -0.46804427586685937 -0.0607958487842723
v 0.2576940936611473 -0.5957996781694604 -0.23527200577904037
vt 0 1
vt 0.125 1
vt 0.125 1
vt 0 1
vt 0 1
vt 0.3125 1
vt 0.3125 1
vt 0 1
vt 0 1
vt 0.125 1
vt 0.125 1
vt 0 1
vt 0 1
vt 0.3125 1
vt 0.3125 1
vt 0 1
vt 0 1
vt 1 1
vt 1 0.625
vt 0 0.625
vt 0 1
vt 0.0625 1
vt 0.0625 0.6875
vt 0 0.6875
vn 0.1508010508939857 0.5840246962404616 0.797605289118939
vn -0.9845285513313673 0.01589754912497175 0.1745015746209139
vn -0.1508010508939857 -0.5840246962404616 -0.797605289118939
vn 0.9845285513313673 -0.01589754912497175 -0.1745015746209139
vn -0.0892332598453558 0.8115802006659943 -0.5773863552460479
vn 0.0892332598453558 -0.8115802006659943 0.5773863552460479
g Frond
f 92/268/67 95/267/67 93/266/67 90/265/67
f 91/272/68 92/271/68 90/270/68 89/269/68
f 96/276/69 91/275/69 89/274/69 94/273/69
f 95/280/70 96/279/70 94/278/70 93/277/70
f 94/284/71 89/283/71 90/282/71 93/281/71
f 95/288/72 92/287/72 91/286/72 96/285/72
o cube
v -0.06629884964942673 -0.3737624933869901 -0.40064029693125297
v -0.07978940971572779 -0.19425061845807265 -0.34820231881803676
v -0.06629884964942673 -0.3737624933869901 -0.40064029693125297
v -0.07978940971572779 -0.19425061845807265 -0.34820231881803676
v 0.516375184467222 -0.2041865866611803 -0.16081487746044368
v 0.529865744533523 -0.3836984615900977 -0.2132528555736599
v 0.516375184467222 -0.2041865866611803 -0.16081487746044368
v 0.529865744533523 -0.3836984615900977 -0.2132528555736599
vt 0 1
vt 0.125 1
vt 0.125 1
vt 0 1
vt 0 1
vt 0.3125 1
vt 0.3125 1
vt 0 1
vt 0 1
vt 0.125 1
vt 0.125 1
vt 0 1
vt 0 1
vt 0.3125 1
vt 0.3125 1
vt 0 1
vt 0 0.3125
vt 1 0.3125
vt 1 0
vt 0 0
vt 0 1
vt 0.0625 1
vt 0.0625 0.6875
vt 0 0.6875
vn -0.07194965368693929 0.9573966662875607 0.2796692166038205
vn -0.95386335069272 0.015897549124972186 -0.299819906172149
vn 0.07194965368693929 -0.9573966662875607 -0.2796692166038205
vn 0.95386335069272 -0.015897549124972186 0.299819906172149
vn 0.29149263376556644 0.28833815445286476 -0.9120817688930797
vn -0.29149263376556644 -0.28833815445286476 0.9120817688930797
g Frond
f 100/292/73 103/291/73 101/290/73 98/289/73
f 99/296/74 100/295/74 98/294/74 97/293/74
f 104/300/75 99/299/75 97/298/75 102/297/75
f 103/304/76 104/303/76 102/302/76 101/301/76
f 102/308/77 97/307/77 98/306/77 101/305/77
f 103/312/78 100/311/78 99/310/78 104/309/78
o cube
v -0.07978873285560212 -0.19425814258942603 -0.34820487117463317
v -0.10029777122519362 -0.02333870689291412 -0.2738935271796507
v -0.07978873285560212 -0.19425814258942603 -0.34820487117463317
v -0.10029777122519362 -0.02333870689291412 -0.2738935271796507
v 0.49586682295775614 -0.03327467509602178 -0.08650608582205763
v 0.5163758613273477 -0.2041941107925337 -0.16081742981704011
v 0.49586682295775614 -0.03327467509602178 -0.08650608582205763
v 0.5163758613273477 -0.2041941107925337 -0.16081742981704011
vt 0 1
vt 0.125 1
vt 0.125 1
vt 0 1
vt 0 1
vt 0.3125 1
vt 0.3125 1
vt 0 1
vt 0 1
vt 0.125 1
vt 0.125 1
vt 0 1
vt 0 1
vt 0.3125 1
vt 0.3125 1
vt 0 1
vt 0 0.625
vt 1 0.625
vt 1 0.3125
vt 0 0.3125
vt 0 1
vt 0.0625 1
vt 0.0625 0.6875
vt 0 0.6875
vn -0.10938153797115463 0.9115703237147291 0.3963271679732398
vn -0.9538633506927201 0.015897549124972217 -0.2998199061721491
vn 0.10938153797115463 -0.9115703237147291 -0.3963271679732398
vn 0.9538633506927201 -0.015897549124972217 0.2998199061721491
vn 0.27960755954788136 0.4108367228649876 -0.8677746249973177
vn -0.27960755954788136 -0.4108367228649876 0.8677746249973177
g Frond
f 108/316/79 111/315/79 109/314/79 106/313/79
f 107/320/80 108/319/80 106/318/80 105/317/80
f 112/324/81 107/323/81 105/322/81 110/321/81
f 111/328/82 112/327/82 110/326/82 109/325/82
f 110/332/83 105/331/83 106/330/83 109/329/83
f 111/336/84 108/335/84 107/334/84 112/333/84
o cube
v -0.10029202580191177 -0.023363709966352147 -0.2739131317361527
v -0.15159567556859332 0.10439169233624987 -0.10391885182321547
v -0.10029202580191177 -0.023363709966352147 -0.2739131317361527
v -0.15159567556859332 0.10439169233624987 -0.10391885182321547
v 0.4445689186143563 0.09445572413314227 0.08346858953437764
v 0.49587256838103794 -0.033299678169459807 -0.08652569037855962
v 0.4445689186143563 0.09445572413314227 0.08346858953437764
v 0.49587256838103794 -0.033299678169459807 -0.08652569037855962
vt 0 1
vt 0.125 1
vt 0.125 1
vt 0 1
vt 0 1
vt 0.3125 1
vt 0.3125 1
vt 0 1
vt 0 1
vt 0.125 1
vt 0.125 1
vt 0 1
vt 0 1
vt 0.3125 1
vt 0.3125 1
vt 0 1
vt 0 1
vt 1 1
vt 1 0.625
vt 0 0.625
vt 0 1
vt 0.0625 1
vt 0.0625 0.6875
vt 0 0.6875
vn -0.2345309703619727 0.584024696240466 0.7771167081734267
vn -0.9538633506927201 0.01589754912497219 -0.2998199061721491
vn 0.2345309703619727 -0.584024696240466 -0.7771167081734267
vn 0.9538633506927201 -0.01589754912497219 0.2998199061721491
vn 0.18745648067305812 0.8115802006659912 -0.5533512860205719
vn -0.18745648067305812 -0.8115802006659912 0.5533512860205719
g Frond
f 116/340/85 119/339/85 117/338/85 114/337/85
f 115/344/86 116/343/86 114/342/86 113/341/86
f 120/348/87 115/347/87 113/346/87 118/345/87
f 119/352/88 120/351/88 118/350/88 117/349/88
f 118/356/89 113/355/89 114/354/89 117/353/89
f 119/360/90 116/359/90 115/358/90 120/357/90
o cube
v -0.4731219394095041 -0.18626249338699033 -0.14599886037144622
v -0.4476416390868101 -0.006750618458073093 -0.09822343724438204
v -0.4731219394095041 -0.18626249338699033 -0.14599886037144622
v -0.4476416390868101 -0.006750618458073093 -0.09822343724438204
v 0.11849412562422677 -0.01668658666118042 -0.36282988548575806
v 0.09301382530153278 -0.19619846159009766 -0.41060530861282224
v 0.11849412562422677 -0.01668658666118042 -0.36282988548575806
v 0.09301382530153278 -0.19619846159009766 -0.41060530861282224
vt 0 1
vt 0.125 1
vt 0.125 1
vt 0 1
vt 0 1
vt 0.3125 1
vt 0.3125 1
vt 0 1
vt 0 1
vt 0.125 1
vt 0.125 1
vt 0 1
vt 0 1
vt 0.3125 1
vt 0.3125 1
vt 0 1
vt 0 0.3125
vt 1 0.3125
vt 1 0
vt 0 0
vt 0 1
vt 0.0625 1
vt 0.0625 0.6875
vt 0 0.6875
vn 0.13589493505436814 0.9573966662875596 0.254802256677676
vn -0.9058172235376594 0.015897549124971655 0.42337031718620194
vn -0.13589493505436814 -0.9573966662875596 -0.254802256677676
vn 0.9058172235376594 -0.015897549124971655 -0.42337031718620194
vn -0.4012825988864894 0.28833815445286853 -0.86938678648667
vn 0.4012825988864894 -0.28833815445286853 0.86938678648667
g Frond
f 124/364/91 127/363/91 125/362/91 122/361/91
f 123/368/92 124/367/92 122/366/92 121/365/92
f 128/372/93 123/371/93 121/370/93 126/369/93
f 127/376/94 128/375/94 126/374/94 125/373/94
f 126/380/95 121/379/95 122/378/95 125/377/95
f 127/384/96 124/383/96 123/382/96 128/381/96
o cube
v -0.44764286440030215 -0.006758142589426502 -0.09822577631912888
v -0.41255969727220193 0.16416129310708522 -0.029582001033616745
v -0.44764286440030215 -0.006758142589426502 -0.09822577631912888
v -0.41255969727220193 0.16416129310708522 -0.029582001033616745
v 0.15357606743883495 0.1542253249039779 -0.29418844927499277
v 0.11849290031073476 -0.0166941107925338 -0.36283222456050496
v 0.15357606743883495 0.1542253249039779 -0.29418844927499277
v 0.11849290031073476 -0.0166941107925338 -0.36283222456050496
vt 0 1
vt 0.125 1
vt 0.125 1
vt 0 1
vt 0 1
vt 0.3125 1
vt 0.3125 1
vt 0 1
vt 0 1
vt 0.125 1
vt 0.125 1
vt 0 1
vt 0 1
vt 0.3125 1
vt 0.3125 1
vt 0 1
vt 0 0.625
vt 1 0.625
vt 1 0.3125
vt 0 0.3125
vt 0 1
vt 0.0625 1
vt 0.0625 0.6875
vt 0 0.6875
vn 0.18711022468320077 0.9115703237147279 0.3661001348560645
vn -0.9058172235376594 0.015897549124971683 0.4233703171862019
vn -0.18711022468320077 -0.9115703237147279 -0.3661001348560645
vn 0.9058172235376594 -0.015897549124971683 -0.4233703171862019
vn -0.3801117222100999 0.4108367228649912 -0.8286906936752858
vn 0.3801117222100999 -0.4108367228649912 0.8286906936752858
g Frond
f 132/388/97 135/387/97 133/386/97 130/385/97
f 131/392/98 132/391/98 130/390/98 129/389/98
f 136/396/99 131/395/99 129/394/99 134/393/99
f 135/400/100 136/399/100 134/398/100 133/397/100
f 134/404/101 129/403/101 130/402/101 133/401/101
f 135/408/102 132/407/102 131/406/102 136/405/102
o cube
v -0.41256870594822326 0.16413629003364713 -0.029600336580531683
v -0.3355472533569853 0.29189169233624856 0.13039283678394736
v -0.41256870594822326 0.16413629003364713 -0.029600336580531683
v -0.3355472533569853 0.29189169233624856 0.13039283678394736
v 0.2305885113540515 0.28195572413314124 -0.13421361145742866
v 0.15356705876281357 0.1542003218305398 -0.2942067848219077
v 0.2305885113540515 0.28195572413314124 -0.13421361145742866
v 0.15356705876281357 0.1542003218305398 -0.2942067848219077
vt 0 1
vt 0.125 1
vt 0.125 1
vt 0 1
vt 0 1
vt 0.3125 1
vt 0.3125 1
vt 0 1
vt 0 1
vt 0.125 1
vt 0.125 1
vt 0 1
vt 0 1
vt 0.3125 1
vt 0.3125 1
vt 0 1
vt 0 1
vt 1 1
vt 1 0.625
vt 0 0.625
vt 0 1
vt 0.0625 1
vt 0.0625 0.6875
vt 0 0.6875
vn 0.3520980689885159 0.5840246962404629 0.7313973639519036
vn -0.9058172235376595 0.015897549124971627 0.423370317186202
vn -0.3520980689885159 -0.5840246962404629 -0.7313973639519036
vn 0.9058172235376595 -0.015897549124971627 -0.423370317186202
vn -0.2356312953685998 0.8115802006659935 -0.5346171251745138
vn 0.2356312953685998 -0.8115802006659935 0.5346171251745138
g Frond
f 140/412/103 143/411/103 141/410/103 138/409/103
f 139/416/104 140/415/104 138/414/104 137/413/104
f 144/420/105 139/419/105 137/418/105 142/417/105
f 143/424/106 144/423/106 142/422/106 141/421/106
f 142/428/107 137/427/107 138/426/107 141/425/107
f 143/432/108 140/431/108 139/430/108 144/429/108
o cube
v -0.4263866548291623 0.25123750661301053 -0.1809544948356693
v -0.40516721722963184 0.43074938154192777 -0.13114011711734058
v -0.4263866548291623 0.25123750661301053 -0.1809544948356693
v -0.40516721722963184 0.43074938154192777 -0.13114011711734058
v 0.18187620150791609 0.4208134133388193 -0.3453976748668831
v 0.1606567639083856 0.241301538409902 -0.3952120525852118
v 0.18187620150791609 0.4208134133388193 -0.3453976748668831
v 0.1606567639083856 0.241301538409902 -0.3952120525852118
vt 0 1
vt 0.125 1
vt 0.125 1
vt 0 1
vt 0 1
vt 0.3125 1
vt 0.3125 1
vt 0 1
vt 0 1
vt 0.125 1
vt 0.125 1
vt 0 1
vt 0 1
vt 0.3125 1
vt 0.3125 1
vt 0 1
vt 0 0.3125
vt 1 0.3125
vt 1 0
vt 0 0
vt 0 1
vt 0.0625 1
vt 0.0625 0.6875
vt 0 0.6875
vn 0.11317033386416278 0.9573966662875599 0.26567668116442006
vn -0.9392694699800771 0.0158975491249736 0.34281209239926813
vn -0.11317033386416278 -0.9573966662875599 -0.26567668116442006
vn 0.9392694699800771 -0.0158975491249736 -0.34281209239926813
vn -0.3239835463359509 0.28833815445286815 -0.901052590246704
vn 0.3239835463359509 -0.28833815445286815 0.901052590246704
g Frond
f 148/436/109 151/435/109 149/434/109 146/433/109
f 147/440/110 148/439/110 146/438/110 145/437/110
f 152/444/111 147/443/111 145/442/111 150/441/111
f 151/448/112 152/447/112 150/446/112 149/445/112
f 150/452/113 145/451/113 146/450/113 149/449/113
f 151/456/114 148/455/114 147/454/114 152/453/114
o cube
v -0.4051682340166392 0.43074185741057447 -0.1311425540843094
v -0.3762012681513711 0.6016612931070862 -0.059702289598891345
v -0.4051682340166392 0.43074185741057447 -0.1311425540843094
v -0.3762012681513711 0.6016612931070862 -0.059702289598891345
v 0.2108421505861768 0.5917253249039776 -0.27395984734843387
v 0.18187518472090872 0.420805889207466 -0.3454001118338519
v 0.2108421505861768 0.5917253249039776 -0.27395984734843387
v 0.18187518472090872 0.420805889207466 -0.3454001118338519
vt 0 1
vt 0.125 1
vt 0.125 1
vt 0 1
vt 0 1
vt 0.3125 1
vt 0.3125 1
vt 0 1
vt 0 1
vt 0.125 1
vt 0.125 1
vt 0 1
vt 0 1
vt 0.3125 1
vt 0.3125 1
vt 0 1
vt 0 0.625
vt 1 0.625
vt 1 0.3125
vt 0 0.3125
vt 0 1
vt 0.0625 1
vt 0.0625 0.6875
vt 0 0.6875
vn 0.15449048461476297 0.9115703237147279 0.38101474392222917
vn -0.9392694699800771 0.0158975491249736 0.3428120923992682
vn -0.15449048461476297 -0.9115703237147279 -0.38101474392222917
vn 0.9392694699800771 -0.0158975491249736 -0.3428120923992682
vn -0.3064401294328811 0.41083672286499073 -0.8586661948736038
vn 0.3064401294328811 -0.41083672286499073 0.8586661948736038
g Frond
f 156/460/115 159/459/115 157/458/115 154/457/115
f 155/464/116 156/463/116 154/462/116 153/461/116
f 160/468/117 155/467/117 153/466/117 158/465/117
f 159/472/118 160/471/118 158/470/118 157/469/118
f 158/476/119 153/475/119 154/474/119 157/473/119
f 159/480/120 156/479/120 155/478/120 160/477/120
o cube
v -0.3762086444984504 0.601636290033648 -0.0597213405313643
v -0.3134246056468703 0.7293916923362496 0.10637587241329605
v -0.3762086444984504 0.601636290033648 -0.0597213405313643
v -0.3134246056468703 0.7293916923362496 0.10637587241329605
v 0.27361881309067765 0.719455724133141 -0.10788168533624648
v 0.21083477423909758 0.5917003218305396 -0.2739788982809068
v 0.27361881309067765 0.719455724133141 -0.10788168533624648
v 0.21083477423909758 0.5917003218305396 -0.2739788982809068
vt 0 1
vt 0.125 1
vt 0.125 1
vt 0 1
vt 0 1
vt 0.3125 1
vt 0.3125 1
vt 0 1
vt 0 1
vt 0.125 1
vt 0.125 1
vt 0 1
vt 0 1
vt 0.3125 1
vt 0.3125 1
vt 0 1
vt 0 1
vt 1 1
vt 1 0.625
vt 0 0.625
vt 0 1
vt 0.0625 1
vt 0.0625 0.6875
vt 0 0.6875
vn 0.2870127490357944 0.5840246962404632 0.759301544889875
vn -0.939269469980077 0.01589754912497357 0.342812092399268
vn -0.2870127490357944 -0.5840246962404632 -0.759301544889875
vn 0.939269469980077 -0.01589754912497357 -0.342812092399268
vn -0.18813969452048507 0.8115802006659931 -0.5531193661703457
vn 0.18813969452048507 -0.8115802006659931 0.5531193661703457
g Frond
f 164/484/121 167/483/121 165/482/121 162/481/121
f 163/488/122 164/487/122 162/486/122 161/485/122
f 168/492/123 163/491/123 161/490/123 166/489/123
f 167/496/124 168/495/124 166/494/124 165/493/124
f 166/500/125 161/499/125 162/498/125 165/497/125
f 167/504/126 164/503/126 163/502/126 168/501/126
o cube
v 0.0014700013964386582 0.4387375066130101 -0.484316584934059
v -0.03808272666543622 0.6182493815419271 -0.4473393153976509
v 0.0014700013964386582 0.4387375066130101 -0.484316584934059
v -0.03808272666543622 0.6182493815419271 -0.4473393153976509
v 0.3640341935144249 0.6083134133388189 0.0310206526608498
v 0.4035869215762998 0.428801538409902 -0.005956616875558263
v 0.3640341935144249 0.6083134133388189 0.0310206526608498
v 0.4035869215762998 0.428801538409902 -0.005956616875558263
vt 0 1
vt 0.125 1
vt 0.125 1
vt 0 1
vt 0 1
vt 0.3125 1
vt 0.3125 1
vt 0 1
vt 0 1
vt 0.125 1
vt 0.125 1
vt 0 1
vt 0 1
vt 0.3125 1
vt 0.3125 1
vt 0 1
vt 0 0.3125
vt 1 0.3125
vt 1 0
vt 0 0
vt 0 1
vt 0.0625 1
vt 0.0625 0.6875
vt 0 0.6875
vn -0.21094788299666628 0.9573966662875583 0.19721210419417665
vn -0.6433870722877779 0.015897549124973095 -0.7653759488936015
vn 0.21094788299666628 -0.9573966662875583 -0.19721210419417665
vn 0.6433870722877779 -0.015897549124973095 0.7653759488936015
vn 0.7359035710418766 0.28833815445287336 -0.6126230838080823
vn -0.7359035710418766 -0.28833815445287336 0.6126230838080823
g Frond
f 172/508/127 175/507/127 173/506/127 170/505/127
f 171/512/128 172/511/128 170/510/128 169/509/128
f 176/516/129 171/515/129 169/514/129 174/513/129
f 175/520/130 176/519/130 174/518/130 173/517/130
f 174/524/131 169/523/131 170/522/131 173/521/131
f 175/528/132 172/527/132 171/526/132 176/525/132
o cube
v -0.038080784427196535 0.6182418574105737 -0.4473411043566906
v -0.09530538797418964 0.789161293107085 -0.39568705078801414
v -0.038080784427196535 0.6182418574105737 -0.4473411043566906
v -0.09530538797418964 0.789161293107085 -0.39568705078801414
v 0.3068115322056715 0.7792253249039769 0.08267291727048656
v 0.3640361357526646 0.6083058892074655 0.03101886370181009
v 0.3068115322056715 0.7792253249039769 0.08267291727048656
v 0.3640361357526646 0.6083058892074655 0.03101886370181009
vt 0 1
vt 0.125 1
vt 0.125 1
vt 0 1
vt 0 1
vt 0.3125 1
vt 0.3125 1
vt 0 1
vt 0 1
vt 0.125 1
vt 0.125 1
vt 0 1
vt 0 1
vt 0.3125 1
vt 0.3125 1
vt 0 1
vt 0 0.625
vt 1 0.625
vt 1 0.3125
vt 0 0.3125
vt 0 1
vt 0.0625 1
vt 0.0625 0.6875
vt 0 0.6875
vn -0.30519788558396294 0.9115703237147257 0.27548828569960737
vn -0.6433870722877779 0.015897549124973067 -0.7653759488936015
vn 0.30519788558396294 -0.9115703237147257 -0.27548828569960737
vn 0.6433870722877779 -0.015897549124973067 0.7653759488936015
vn 0.7020735900516696 0.4108367228649958 -0.5816406633803304
vn -0.7020735900516696 -0.4108367228649958 0.5816406633803304
g Frond
f 180/532/133 183/531/133 181/530/133 178/529/133
f 179/536/134 180/535/134 178/534/134 177/533/134
f 184/540/135 179/539/135 177/538/135 182/537/135
f 183/544/136 184/543/136 182/542/136 181/541/136
f 182/548/137 177/547/137 178/546/137 181/545/137
f 183/552/138 180/551/138 179/550/138 184/549/138
o cube
v -0.09529000881281086 0.7891362900336469 -0.3957004980895878
v -0.22989692818343305 0.9168916923362473 -0.27989420750029537
v -0.09529000881281086 0.7891362900336469 -0.3957004980895878
v -0.22989692818343305 0.9168916923362473 -0.27989420750029537
v 0.17221999199642812 0.9069557241331393 0.19846576055820528
v 0.3068269113670502 0.7792003218305388 0.08265946996891291
v 0.17221999199642812 0.9069557241331393 0.19846576055820528
v 0.3068269113670502 0.7792003218305388 0.08265946996891291
vt 0 1
vt 0.125 1
vt 0.125 1
vt 0 1
vt 0 1
vt 0.3125 1
vt 0.3125 1
vt 0 1
vt 0 1
vt 0.125 1
vt 0.125 1
vt 0 1
vt 0 1
vt 0.3125 1
vt 0.3125 1
vt 0 1
vt 0 1
vt 1 1
vt 1 0.625
vt 0 0.625
vt 0 1
vt 0.0625 1
vt 0.0625 0.6875
vt 0 0.6875
vn -0.6153459171228433 0.5840246962404588 0.5294001855510505
vn -0.6433870722877779 0.015897549124973067 -0.7653759488936015
vn 0.6153459171228433 -0.5840246962404588 -0.5294001855510505
vn 0.6433870722877779 -0.015897549124973067 0.7653759488936015
vn 0.4554146215189062 0.8115802006659965 -0.3659714475115957
vn -0.4554146215189062 -0.8115802006659965 0.3659714475115957
g Frond
f 188/556/139 191/555/139 189/554/139 186/553/139
f 187/560/140 188/559/140 186/558/140 185/557/140
f 192/564/141 187/563/141 185/562/141 190/561/141
f 191/568/142 192/567/142 190/566/142 189/565/142
f 190/572/143 185/571/143 186/570/143 189/569/143
f 191/576/144 188/575/144 187/574/144 192/573/144
