# Made in Blockbench 4.12.3

o cube
v -0.0558109029843685 -0.020221720750923072 -0.20135923266694683
v 0.009532327684548994 -0.08622155496181194 -0.2850209568296954
v -0.05061245697685671 -0.04231030677352415 -0.17987358567577766
v 0.014730773692060786 -0.108310140984413 -0.26353530983852624
v -0.01659581895784175 -0.10093237530877427 -0.29382290080549556
v -0.08193904962675924 -0.03493254109788542 -0.21016117664274694
v -0.011397372950329956 -0.12302096133137536 -0.2723372538143264
v -0.07674060361924745 -0.057021127120486514 -0.18867552965157777
vt 0.3125 0.28125
vt 0.34375 0.28125
vt 0.34375 0.25
vt 0.3125 0.25
vt 0.3125 0.28125
vt 0.59375 0.28125
vt 0.59375 0.25
vt 0.3125 0.25
vt 0.3125 0.03125
vt 0.34375 0.03125
vt 0.34375 0
vt 0.3125 0
vt 0.375 0.28125
vt 0.625 0.28125
vt 0.625 0.25
vt 0.375 0.25
vt 0.3125 0.75
vt 0.34375 0.75
vt 0.34375 0.625
vt 0.3125 0.625
vt 0.65625 0.25
vt 0.6875 0.25
vt 0.6875 0
vt 0.65625 0
vn 0.5227458453513399 -0.5279986736871107 -0.6692937933019885
vn 0.836100692556504 0.470746251102795 0.28166220722560364
vn -0.5227458453513399 0.5279986736871107 0.6692937933019885
vn -0.836100692556504 -0.470746251102795 -0.28166220722560364
vn -0.16635027224037707 0.7068347527232347 -0.6875407037174135
vn 0.16635027224037707 -0.7068347527232347 0.6875407037174135
g _
f 4/4/1 7/3/1 5/2/1 2/1/1
f 3/8/2 4/7/2 2/6/2 1/5/2
f 8/12/3 3/11/3 1/10/3 6/9/3
f 7/16/4 8/15/4 6/14/4 5/13/4
f 6/20/5 1/19/5 2/18/5 5/17/5
f 7/24/6 4/23/6 3/22/6 8/21/6
o cube
v 0.16366331370039755 0.19777158420535562 -0.013062536297786524
v 0.2476163775045888 0.09682231382425534 -0.09776903184218325
v 0.16710345976205132 0.179535193736988 0.012080294842713911
v 0.2510565235662426 0.0785859233558877 -0.0726262007016828
v 0.11696385952368044 0.01995126025625575 -0.1356480916060441
v 0.033010795719489165 0.12090053063735605 -0.050941596061647394
v 0.12040400558533419 0.0017148697878881097 -0.11050526046554368
v 0.03645094178114292 0.10266414016898842 -0.02579876492114696
vt 0.3125 0.28125
vt 0.65625 0.28125
vt 0.65625 0.25
vt 0.3125 0.25
vt 0.3125 0.28125
vt 0.59375 0.28125
vt 0.59375 0.25
vt 0.3125 0.25
vt 0.3125 0.03125
vt 0.46875 0.03125
vt 0.46875 0
vt 0.3125 0
vt 0.375 0.28125
vt 0.65625 0.28125
vt 0.65625 0.25
vt 0.375 0.25
vt 0.53125 0.65625
vt 0.6875 0.65625
vt 0.6875 0.5
vt 0.53125 0.5
vt 0.3125 0.15625
vt 0.46875 0.15625
vt 0.46875 0
vt 0.3125 0
vn 0.5372996083468242 -0.6460753304390419 -0.542121571484139
vn 0.8361761150778138 0.4919747428351973 0.2424259824887094
vn -0.5372996083468242 0.6460753304390419 0.542121571484139
vn -0.8361761150778138 -0.4919747428351973 -0.2424259824887094
vn -0.11008467397291993 0.5835644949877644 -0.804570596496014
vn 0.11008467397291993 -0.5835644949877644 0.804570596496014
g _
f 12/28/7 15/27/7 13/26/7 10/25/7
f 11/32/8 12/31/8 10/30/8 9/29/8
f 16/36/9 11/35/9 9/34/9 14/33/9
f 15/40/10 16/39/10 14/38/10 13/37/10
f 14/44/11 9/43/11 10/42/11 13/41/11
f 15/48/12 12/47/12 11/46/12 16/45/12
o cube
v 0.033010795719489165 0.12090053063735604 -0.05094159606164738
v 0.11696385952368044 0.01995126025625573 -0.1356480916060441
v 0.029570649657835422 0.09930639156956905 -0.028616250532505733
v 0.11352371346202669 -0.0016428788115312315 -0.11332274607690244
v -0.03981916205340966 -0.04083127186336401 -0.21859878740954594
v -0.12377222585760092 0.06011799851773629 -0.13389229186514923
v -0.0432593081150634 -0.06242541093115099 -0.19627344188040427
v -0.12721237191925466 0.03852385944994932 -0.11156694633600757
vt 0.3125 0.28125
vt 0.65625 0.28125
vt 0.65625 0.25
vt 0.3125 0.25
vt 0.3125 0.28125
vt 0.59375 0.28125
vt 0.59375 0.25
vt 0.3125 0.25
vt 0.46875 0.03125
vt 0.65625 0.03125
vt 0.65625 0
vt 0.46875 0
vt 0.375 0.28125
vt 0.65625 0.28125
vt 0.65625 0.25
vt 0.375 0.25
vt 0.34375 0.65625
vt 0.53125 0.65625
vt 0.53125 0.5
vt 0.34375 0.5
vt 0.46875 0.15625
vt 0.65625 0.15625
vt 0.65625 0
vt 0.46875 0
vn 0.5372996083468242 -0.6460753304390419 -0.542121571484139
vn 0.836176115077814 0.32417350463797207 0.4424037109520097
vn -0.5372996083468242 0.6460753304390419 0.542121571484139
vn -0.836176115077814 -0.32417350463797207 -0.4424037109520097
vn 0.11008467397291993 0.6910124501691831 -0.7144110569325325
vn -0.11008467397291993 -0.6910124501691831 0.7144110569325325
g _
f 20/52/13 23/51/13 21/50/13 18/49/13
f 19/56/14 20/55/14 18/54/14 17/53/14
f 24/60/15 19/59/15 17/58/15 22/57/15
f 23/64/16 24/63/16 22/62/16 21/61/16
f 22/68/17 17/67/17 18/66/17 21/65/17
f 23/72/18 20/71/18 19/70/18 24/69/18
o cube
v 0.2457135279682784 0.09891123084984202 -0.09561175287151345
v 0.27878457921767685 0.06612116226250808 -0.13729348713602788
v 0.25204438946819757 0.07750146036382599 -0.0737461538537651
v 0.28511544071759604 0.044711391776492054 -0.11542788811827953
v 0.1500349107730789 -0.012838808331078214 -0.17732982587055854
v 0.11696385952368045 0.019951260256255723 -0.1356480916060441
v 0.15636577227299808 -0.034248578817094255 -0.15546422685281017
v 0.12329472102359963 -0.001458510229760318 -0.11378249258829573
vt 0.3125 0.28125
vt 0.65625 0.28125
vt 0.65625 0.25
vt 0.3125 0.25
vt 0.3125 0.28125
vt 0.59375 0.28125
vt 0.59375 0.25
vt 0.3125 0.25
vt 0.3125 0.03125
vt 0.46875 0.03125
vt 0.46875 0
vt 0.3125 0
vt 0.375 0.28125
vt 0.65625 0.28125
vt 0.65625 0.25
vt 0.375 0.25
vt 0.53125 0.71875
vt 0.6875 0.71875
vt 0.6875 0.65625
vt 0.53125 0.65625
vt 0.3125 0.21875
vt 0.46875 0.21875
vt 0.46875 0.15625
vt 0.3125 0.15625
vn 0.5291368199903754 -0.5246410973973432 -0.6669077482322309
vn 0.8239978780454271 0.5053438117989526 0.256232567900996
vn -0.5291368199903754 0.5246410973973432 0.6669077482322309
vn -0.8239978780454271 -0.5053438117989526 -0.256232567900996
vn -0.20258756799741381 0.6851126555525131 -0.6996991685679472
vn 0.20258756799741381 -0.6851126555525131 0.6996991685679472
g _
f 28/76/19 31/75/19 29/74/19 26/73/19
f 27/80/20 28/79/20 26/78/20 25/77/20
f 32/84/21 27/83/21 25/82/21 30/81/21
f 31/88/22 32/87/22 30/86/22 29/85/22
f 30/92/23 25/91/23 26/90/23 29/89/23
f 31/96/24 28/95/24 27/94/24 32/93/24
o cube
v 0.11772499933820463 0.01911569344602103 -0.136511003194312
v 0.1507960505876031 -0.013674375141312908 -0.17819273745882647
v 0.11717556871481632 -0.00565182563941434 -0.11746288978792244
v 0.15024661996421476 -0.03844189422674828 -0.15914462405243687
v -0.008270390433059556 -0.07195020683022857 -0.25855469849752455
v -0.04134144168245802 -0.03916013824289463 -0.21687296423301014
v -0.008819821056447859 -0.09671772591566394 -0.239506585091135
v -0.04189087230584632 -0.06392765732833 -0.19782485082662057
vt 0.3125 0.28125
vt 0.65625 0.28125
vt 0.65625 0.25
vt 0.3125 0.25
vt 0.3125 0.28125
vt 0.59375 0.28125
vt 0.59375 0.25
vt 0.3125 0.25
vt 0.46875 0.03125
vt 0.65625 0.03125
vt 0.65625 0
vt 0.46875 0
vt 0.375 0.28125
vt 0.65625 0.28125
vt 0.65625 0.25
vt 0.375 0.25
vt 0.34375 0.71875
vt 0.53125 0.71875
vt 0.53125 0.65625
vt 0.34375 0.65625
vt 0.46875 0.21875
vt 0.65625 0.21875
vt 0.65625 0.15625
vt 0.46875 0.15625
vn 0.5291368199903753 -0.5246410973973432 -0.6669077482322309
vn 0.8483543521102008 0.31080443567421706 0.4285971255397231
vn -0.5291368199903753 0.5246410973973432 0.6669077482322309
vn -0.8483543521102008 -0.31080443567421706 -0.4285971255397231
vn 0.017581779948425996 0.792560610733932 -0.609539629004466
vn -0.017581779948425996 -0.792560610733932 0.609539629004466
g _
f 36/100/25 39/99/25 37/98/25 34/97/25
f 35/104/26 36/103/26 34/102/26 33/101/26
f 40/108/27 35/107/27 33/106/27 38/105/27
f 39/112/28 40/111/28 38/110/28 37/109/28
f 38/116/29 33/115/29 34/114/29 37/113/29
f 39/120/30 36/119/30 35/118/30 40/117/30
o cube
v 0.27878457921767685 0.06612116226250811 -0.13729348713602788
v 0.3118556304670753 0.03333109367517416 -0.1789752214005423
v 0.28511544071759604 0.04471139177649207 -0.11542788811827953
v 0.3181864919669945 0.011921323189158117 -0.15710962238279397
v 0.18310596202247734 -0.04562887691841215 -0.21901156013507297
v 0.15003491077307887 -0.012838808331078207 -0.17732982587055854
v 0.18943682352239652 -0.06703864740442819 -0.1971459611173246
v 0.15636577227299805 -0.03424857881709424 -0.15546422685281017
vt 0.3125 0.28125
vt 0.65625 0.28125
vt 0.65625 0.25
vt 0.3125 0.25
vt 0.3125 0.28125
vt 0.59375 0.28125
vt 0.59375 0.25
vt 0.3125 0.25
vt 0.3125 0.03125
vt 0.46875 0.03125
vt 0.46875 0
vt 0.3125 0
vt 0.375 0.28125
vt 0.65625 0.28125
vt 0.65625 0.25
vt 0.375 0.25
vt 0.53125 0.78125
vt 0.6875 0.78125
vt 0.6875 0.71875
vt 0.53125 0.71875
vt 0.3125 0.28125
vt 0.46875 0.28125
vt 0.46875 0.21875
vt 0.3125 0.21875
vn 0.5291368199903753 -0.524641097397343 -0.666907748232231
vn 0.8239978780454271 0.5053438117989524 0.256232567900996
vn -0.5291368199903753 0.524641097397343 0.666907748232231
vn -0.8239978780454271 -0.5053438117989524 -0.256232567900996
vn -0.20258756799741387 0.6851126555525132 -0.6996991685679473
vn 0.20258756799741387 -0.6851126555525132 0.6996991685679473
g _
f 44/124/31 47/123/31 45/122/31 42/121/31
f 43/128/32 44/127/32 42/126/32 41/125/32
f 48/132/33 43/131/33 41/130/33 46/129/33
f 47/136/34 48/135/34 46/134/34 45/133/34
f 46/140/35 41/139/35 42/138/35 45/137/35
f 47/144/36 44/143/36 43/142/36 48/141/36
o cube
v 0.15079605058760304 -0.013674375141312888 -0.1781927374588264
v 0.1838671018370015 -0.04646444372864684 -0.21987447172334085
v 0.15024661996421473 -0.038441894226748256 -0.15914462405243684
v 0.1833176712136132 -0.07123196281408223 -0.20082635831695128
v 0.024800660816338853 -0.1047402754175625 -0.30023643276203893
v -0.008270390433059611 -0.07195020683022857 -0.2585546984975245
v 0.02425123019295055 -0.12950779450299787 -0.28118831935564936
v -0.008819821056447914 -0.09671772591566394 -0.23950658509113495
vt 0.3125 0.28125
vt 0.65625 0.28125
vt 0.65625 0.25
vt 0.3125 0.25
vt 0.3125 0.28125
vt 0.59375 0.28125
vt 0.59375 0.25
vt 0.3125 0.25
vt 0.46875 0.03125
vt 0.65625 0.03125
vt 0.65625 0
vt 0.46875 0
vt 0.375 0.28125
vt 0.65625 0.28125
vt 0.65625 0.25
vt 0.375 0.25
vt 0.34375 0.78125
vt 0.53125 0.78125
vt 0.53125 0.71875
vt 0.34375 0.71875
vt 0.46875 0.28125
vt 0.65625 0.28125
vt 0.65625 0.21875
vt 0.46875 0.21875
vn 0.5291368199903754 -0.5246410973973431 -0.6669077482322309
vn 0.8483543521102007 0.310804435674217 0.4285971255397231
vn -0.5291368199903754 0.5246410973973431 0.6669077482322309
vn -0.8483543521102007 -0.310804435674217 -0.4285971255397231
vn 0.017581779948426 0.7925606107339321 -0.609539629004466
vn -0.017581779948426 -0.7925606107339321 0.609539629004466
g _
f 52/148/37 55/147/37 53/146/37 50/145/37
f 51/152/38 52/151/38 50/150/38 49/149/38
f 56/156/39 51/155/39 49/154/39 54/153/39
f 55/160/40 56/159/40 54/158/40 53/157/40
f 54/164/41 49/163/41 50/162/41 53/161/41
f 55/168/42 52/167/42 51/166/42 56/165/42
o cube
v 0.1838671018370015 -0.046464443728646845 -0.21987447172334085
v 0.20040262746170073 -0.0628594780223138 -0.24071533885559807
v 0.1833176712136132 -0.07123196281408223 -0.20082635831695128
v 0.19985319683831243 -0.08762699710774918 -0.2216672254492085
v 0.09435833344792566 -0.10171003248159091 -0.29428997954806346
v 0.07782280782322643 -0.08531499818792396 -0.2734491124158062
v 0.09380890282453734 -0.12647755156702628 -0.2752418661416739
v 0.07727337719983811 -0.11008251727335933 -0.2544009990094167
vt 0.53125 0.28125
vt 0.65625 0.28125
vt 0.65625 0.25
vt 0.53125 0.25
vt 0.3125 0.28125
vt 0.59375 0.28125
vt 0.59375 0.25
vt 0.3125 0.25
vt 0.46875 0.03125
vt 0.65625 0.03125
vt 0.65625 0
vt 0.46875 0
vt 0.375 0.28125
vt 0.40625 0.28125
vt 0.40625 0.25
vt 0.375 0.25
vt 0.40625 0.8125
vt 0.53125 0.8125
vt 0.53125 0.78125
vt 0.40625 0.78125
vt 0.46875 0.3125
vt 0.59375 0.3125
vt 0.59375 0.28125
vt 0.46875 0.28125
vn 0.5291368199903754 -0.5246410973973431 -0.6669077482322309
vn 0.8483543521102007 0.310804435674217 0.4285971255397231
vn -0.5291368199903754 0.5246410973973431 0.6669077482322309
vn -0.8483543521102007 -0.310804435674217 -0.4285971255397231
vn 0.017581779948426 0.7925606107339321 -0.609539629004466
vn -0.017581779948426 -0.7925606107339321 0.609539629004466
g _
f 60/172/43 63/171/43 61/170/43 58/169/43
f 59/176/44 60/175/44 58/174/44 57/173/44
f 64/180/45 59/179/45 57/178/45 62/177/45
f 63/184/46 64/183/46 62/182/46 61/181/46
f 62/188/47 57/187/47 58/186/47 61/185/47
f 63/192/48 60/191/48 59/190/48 64/189/48
o cube
v 0.26035576308923614 0.001747105437739635 -0.19498975689435458
v 0.27689128871393537 -0.01464792885592732 -0.2158306240266118
v 0.2666866245891553 -0.019662665048276406 -0.17312415787660623
v 0.28322215021385455 -0.03605769934194336 -0.19396502500886345
v 0.19964148764717657 -0.062023911212079105 -0.2398524272673302
v 0.18310596202247734 -0.04562887691841215 -0.21901156013507297
v 0.20597234914709575 -0.08343368169809516 -0.21798682824958185
v 0.18943682352239652 -0.06703864740442819 -0.1971459611173246
vt 0.3125 0.28125
vt 0.40625 0.28125
vt 0.40625 0.25
vt 0.3125 0.25
vt 0.3125 0.28125
vt 0.34375 0.28125
vt 0.34375 0.25
vt 0.3125 0.25
vt 0.3125 0.03125
vt 0.46875 0.03125
vt 0.46875 0
vt 0.3125 0
vt 0.375 0.28125
vt 0.65625 0.28125
vt 0.65625 0.25
vt 0.375 0.25
vt 0.53125 0.8125
vt 0.625 0.8125
vt 0.625 0.78125
vt 0.53125 0.78125
vt 0.375 0.3125
vt 0.46875 0.3125
vt 0.46875 0.28125
vt 0.375 0.28125
vn 0.5291368199903753 -0.524641097397343 -0.666907748232231
vn 0.8239978780454271 0.5053438117989524 0.256232567900996
vn -0.5291368199903753 0.524641097397343 0.666907748232231
vn -0.8239978780454271 -0.5053438117989524 -0.256232567900996
vn -0.20258756799741387 0.6851126555525132 -0.6996991685679473
vn 0.20258756799741387 -0.6851126555525132 0.6996991685679473
g _
f 68/196/49 71/195/49 69/194/49 66/193/49
f 67/200/50 68/199/50 66/198/50 65/197/50
f 72/204/51 67/203/51 65/202/51 70/201/51
f 71/208/52 72/207/52 70/206/52 69/205/52
f 70/212/53 65/211/53 66/210/53 69/209/53
f 71/216/54 68/215/54 67/214/54 72/213/54
o cube
v -0.12377222585760095 0.0601179985177363 -0.13389229186514925
v -0.05581090298436852 -0.020221720750923017 -0.20135923266694686
v -0.12148943915791982 0.04123017548386176 -0.10910113364442875
v -0.05352811628468739 -0.03910954378479756 -0.17656807444622635
v -0.08193904962675926 -0.03493254109788538 -0.21016117664274697
v -0.1499003724999917 0.04540717817077395 -0.14269423584094937
v -0.07965626292707813 -0.05382036413175992 -0.1853700184220265
v -0.14761758580031056 0.026519355136899403 -0.11790307762022889
vt 0.3125 0.28125
vt 0.34375 0.28125
vt 0.34375 0.25
vt 0.3125 0.25
vt 0.3125 0.28125
vt 0.59375 0.28125
vt 0.59375 0.25
vt 0.3125 0.25
vt 0.3125 0.03125
vt 0.34375 0.03125
vt 0.34375 0
vt 0.3125 0
vt 0.375 0.28125
vt 0.625 0.28125
vt 0.625 0.25
vt 0.375 0.25
vt 0.3125 0.625
vt 0.34375 0.625
vt 0.34375 0.5
vt 0.3125 0.5
vt 0.65625 0.25
vt 0.6875 0.25
vt 0.6875 0
vt 0.65625 0
vn 0.5436905829858596 -0.6427177541492747 -0.5397355264143808
vn 0.836100692556504 0.4707462511027951 0.2816622072256035
vn -0.5436905829858596 0.6427177541492747 0.5397355264143808
vn -0.836100692556504 -0.4707462511027951 -0.2816622072256035
vn -0.0730491743897958 0.6044103370839854 -0.7933170630630557
vn 0.0730491743897958 -0.6044103370839854 0.7933170630630557
g _
f 76/220/55 79/219/55 77/218/55 74/217/55
f 75/224/56 76/223/56 74/222/56 73/221/56
f 80/228/57 75/227/57 73/226/57 78/225/57
f 79/232/58 80/231/58 78/230/58 77/229/58
f 78/236/59 73/235/59 74/234/59 77/233/59
f 79/240/60 76/239/60 75/238/60 80/237/60
o cube
v 0.1899848291078201 0.20768230137990493 0.0005579633899235881
v 0.27243329472166344 0.10608257633920161 -0.08484583564487563
v 0.1865453019057568 0.18610824242123347 0.022902809164151564
v 0.26899376751960014 0.08450851738053014 -0.06250098987064766
v 0.2461117793142409 0.0961718591646523 -0.09846633533258575
v 0.16366331370039758 0.19777158420535562 -0.013062536297786531
v 0.2426722521121776 0.07459780020598084 -0.07612148955835778
v 0.16022378649833427 0.17619752524668414 0.009282309476441444
vt 0.3125 0.28125
vt 0.34375 0.28125
vt 0.34375 0.25
vt 0.3125 0.25
vt 0.3125 0.28125
vt 0.59375 0.28125
vt 0.59375 0.25
vt 0.3125 0.25
vt 0.3125 0.03125
vt 0.34375 0.03125
vt 0.34375 0
vt 0.3125 0
vt 0.375 0.28125
vt 0.625 0.28125
vt 0.625 0.25
vt 0.375 0.25
vt 0.6875 0.65625
vt 0.71875 0.65625
vt 0.71875 0.5
vt 0.6875 0.5
vt 0.28125 0.25
vt 0.3125 0.25
vt 0.3125 0
vt 0.28125 0
vn 0.5276701799285975 -0.6502382402605013 -0.546584313822715
vn 0.8422884930375213 0.3171429495855776 0.4358559900067237
vn -0.5276701799285975 0.6502382402605013 0.546584313822715
vn -0.8422884930375213 -0.3171429495855776 -0.4358559900067237
vn 0.11006487046602606 0.6903698866774872 -0.7150350647752951
vn -0.11006487046602606 -0.6903698866774872 0.7150350647752951
g _
f 84/244/61 87/243/61 85/242/61 82/241/61
f 83/248/62 84/247/62 82/246/62 81/245/62
f 88/252/63 83/251/63 81/250/63 86/249/63
f 87/256/64 88/255/64 86/254/64 85/253/64
f 86/260/65 81/259/65 82/258/65 85/257/65
f 87/264/66 84/263/66 83/262/66 88/261/66
o cube
v 0.27243329472166344 0.10608257633920157 -0.08484583564487565
v 0.32296310920407223 0.0605761757864467 -0.14938239781784532
v 0.2726443208613585 0.08062186766767515 -0.06672760499417402
v 0.32317413534376727 0.03511546711492027 -0.13126416716714367
v 0.2966415937966497 0.05066545861189741 -0.16300289750555544
v 0.24611177931424097 0.09617185916465229 -0.09846633533258577
v 0.29685261993634476 0.02520474994037098 -0.1448846668548538
v 0.246322805453936 0.07071115049312585 -0.08034810468188414
vt 0.3125 0.28125
vt 0.34375 0.28125
vt 0.34375 0.25
vt 0.3125 0.25
vt 0.3125 0.28125
vt 0.59375 0.28125
vt 0.59375 0.25
vt 0.3125 0.25
vt 0.3125 0.03125
vt 0.34375 0.03125
vt 0.34375 0
vt 0.3125 0
vt 0.375 0.28125
vt 0.625 0.28125
vt 0.625 0.25
vt 0.375 0.25
vt 0.6875 0.75
vt 0.71875 0.75
vt 0.71875 0.65625
vt 0.6875 0.65625
vt 0.28125 0.25
vt 0.3125 0.25
vt 0.3125 0
vt 0.28125 0
vn 0.5389846878123606 -0.48540160589605214 -0.6883899965116765
vn 0.8422884930375213 0.31714294958557765 0.4358559900067236
vn -0.5389846878123606 0.48540160589605214 0.6883899965116765
vn -0.8422884930375213 -0.31714294958557765 -0.4358559900067236
vn -0.006752836470241219 0.814742677488846 -0.5797833808224522
vn 0.006752836470241219 -0.814742677488846 0.5797833808224522
g _
f 92/268/67 95/267/67 93/266/67 90/265/67
f 91/272/68 92/271/68 90/270/68 89/269/68
f 96/276/69 91/275/69 89/274/69 94/273/69
f 95/280/70 96/279/70 94/278/70 93/277/70
f 94/284/71 89/283/71 90/282/71 93/281/71
f 95/288/72 92/287/72 91/286/72 96/285/72
o cube
v 0.2327960376380113 0.19727307354631354 -0.0029022967293261537
v 0.29875481012908595 0.11599329351375089 -0.07122533595716553
v 0.22935651043594799 0.1756990145876421 0.019442549044901822
v 0.29531528292702264 0.09441923455507942 -0.04888049018293755
v 0.2724332947216634 0.10608257633920161 -0.08484583564487565
v 0.20647452223058874 0.18736235637176427 -0.016522796417036273
v 0.2689937675196001 0.08450851738053013 -0.06250098987064767
v 0.20303499502852543 0.16578829741309278 0.005822049357191703
vt 0.3125 0.28125
vt 0.34375 0.28125
vt 0.34375 0.25
vt 0.3125 0.25
vt 0.3125 0.28125
vt 0.53125 0.28125
vt 0.53125 0.25
vt 0.3125 0.25
vt 0.3125 0.03125
vt 0.34375 0.03125
vt 0.34375 0
vt 0.3125 0
vt 0.375 0.28125
vt 0.625 0.28125
vt 0.625 0.25
vt 0.375 0.25
vt 0.71875 0.65625
vt 0.75 0.65625
vt 0.75 0.53125
vt 0.71875 0.53125
vt 0.25 0.21875
vt 0.28125 0.21875
vt 0.28125 0.03125
vt 0.25 0.03125
vn 0.5276701799285975 -0.6502382402605013 -0.546584313822715
vn 0.8422884930375213 0.3171429495855776 0.4358559900067237
vn -0.5276701799285975 0.6502382402605013 0.546584313822715
vn -0.8422884930375213 -0.3171429495855776 -0.4358559900067237
vn 0.11006487046602606 0.6903698866774872 -0.7150350647752951
vn -0.11006487046602606 -0.6903698866774872 0.7150350647752951
g _
f 100/292/73 103/291/73 101/290/73 98/289/73
f 99/296/74 100/295/74 98/294/74 97/293/74
f 104/300/75 99/299/75 97/298/75 102/297/75
f 103/304/76 104/303/76 102/302/76 101/301/76
f 102/308/77 97/307/77 98/306/77 101/305/77
f 103/312/78 100/311/78 99/310/78 104/309/78
o cube
v 0.29875481012908595 0.11599329351375093 -0.07122533595716551
v 0.3324413531173585 0.08565569314524765 -0.11424971073914528
v 0.298965836268781 0.09053258484222448 -0.05310710530646386
v 0.33265237925705354 0.060194984473721215 -0.09613148008844363
v 0.30611983770993595 0.07574497597069835 -0.1278702104268554
v 0.27243329472166344 0.1060825763392016 -0.08484583564487562
v 0.306330863849631 0.05028426729917191 -0.10975197977615375
v 0.2726443208613585 0.08062186766767518 -0.06672760499417399
vt 0.3125 0.28125
vt 0.34375 0.28125
vt 0.34375 0.25
vt 0.3125 0.25
vt 0.3125 0.28125
vt 0.53125 0.28125
vt 0.53125 0.25
vt 0.3125 0.25
vt 0.3125 0.03125
vt 0.34375 0.03125
vt 0.34375 0
vt 0.3125 0
vt 0.375 0.28125
vt 0.625 0.28125
vt 0.625 0.25
vt 0.375 0.25
vt 0.71875 0.71875
vt 0.75 0.71875
vt 0.75 0.65625
vt 0.71875 0.65625
vt 0.25 0.21875
vt 0.28125 0.21875
vt 0.28125 0.03125
vt 0.25 0.03125
vn 0.5389846878123606 -0.48540160589605214 -0.6883899965116765
vn 0.8422884930375213 0.31714294958557765 0.4358559900067236
vn -0.5389846878123606 0.48540160589605214 0.6883899965116765
vn -0.8422884930375213 -0.31714294958557765 -0.4358559900067236
vn -0.006752836470241219 0.814742677488846 -0.5797833808224522
vn 0.006752836470241219 -0.814742677488846 0.5797833808224522
g _
f 108/316/79 111/315/79 109/314/79 106/313/79
f 107/320/80 108/319/80 106/318/80 105/317/80
f 112/324/81 107/323/81 105/322/81 110/321/81
f 111/328/82 112/327/82 110/326/82 109/325/82
f 110/332/83 105/331/83 106/330/83 109/329/83
f 111/336/84 108/335/84 107/334/84 112/333/84
o cube
v -0.1499003724999917 0.04540717817077395 -0.14269423584094937
v -0.08193904962675926 -0.03493254109788538 -0.21016117664274697
v -0.14761758580031056 0.026519355136899403 -0.11790307762022889
v -0.07965626292707813 -0.05382036413175992 -0.1853700184220265
v -0.10806719626915 -0.04964336144484771 -0.2189631206185471
v -0.17602851914238243 0.03069635782381161 -0.15149617981674948
v -0.10578440956946887 -0.06853118447872225 -0.1941719623978266
v -0.1737457324427013 0.01180853478993707 -0.126705021596029
vt 0.3125 0.28125
vt 0.34375 0.28125
vt 0.34375 0.25
vt 0.3125 0.25
vt 0.3125 0.28125
vt 0.59375 0.28125
vt 0.59375 0.25
vt 0.3125 0.25
vt 0.3125 0.03125
vt 0.34375 0.03125
vt 0.34375 0
vt 0.3125 0
vt 0.375 0.28125
vt 0.59375 0.28125
vt 0.59375 0.25
vt 0.375 0.25
vt 0.28125 0.625
vt 0.3125 0.625
vt 0.3125 0.5
vt 0.28125 0.5
vt 0.6875 0.21875
vt 0.71875 0.21875
vt 0.71875 0
vt 0.6875 0
vn 0.5436905829858596 -0.6427177541492747 -0.5397355264143808
vn 0.836100692556504 0.4707462511027951 0.2816622072256035
vn -0.5436905829858596 0.6427177541492747 0.5397355264143808
vn -0.836100692556504 -0.4707462511027951 -0.2816622072256035
vn -0.0730491743897958 0.6044103370839854 -0.7933170630630557
vn 0.0730491743897958 -0.6044103370839854 0.7933170630630557
g _
f 116/340/85 119/339/85 117/338/85 114/337/85
f 115/344/86 116/343/86 114/342/86 113/341/86
f 120/348/87 115/347/87 113/346/87 118/345/87
f 119/352/88 120/351/88 118/350/88 117/349/88
f 118/356/89 113/355/89 114/354/89 117/353/89
f 119/360/90 116/359/90 115/358/90 120/357/90
o cube
v -0.15903818842407433 0.010611428006646773 -0.1683629150171989
v -0.10806719626915 -0.04964336144484771 -0.2189631206185471
v -0.1567554017243932 -0.008276395027227768 -0.1435717567964784
v -0.10578440956946887 -0.06853118447872225 -0.1941719623978266
v -0.13419534291154073 -0.06435418179181007 -0.2277650645943472
v -0.18516633506646507 -0.0040993923403155885 -0.177164858992999
v -0.1319125562118596 -0.08324200482568461 -0.20297390637362672
v -0.18288354836678394 -0.02298721537419013 -0.15237370077227852
vt 0.3125 0.28125
vt 0.34375 0.28125
vt 0.34375 0.25
vt 0.3125 0.25
vt 0.3125 0.28125
vt 0.59375 0.28125
vt 0.59375 0.25
vt 0.3125 0.25
vt 0.3125 0.03125
vt 0.34375 0.03125
vt 0.34375 0
vt 0.3125 0
vt 0.375 0.28125
vt 0.53125 0.28125
vt 0.53125 0.25
vt 0.375 0.25
vt 0.25 0.625
vt 0.28125 0.625
vt 0.28125 0.53125
vt 0.25 0.53125
vt 0.71875 0.1875
vt 0.75 0.1875
vt 0.75 0.03125
vt 0.71875 0.03125
vn 0.5436905829858596 -0.6427177541492747 -0.5397355264143808
vn 0.836100692556504 0.4707462511027951 0.2816622072256035
vn -0.5436905829858596 0.6427177541492747 0.5397355264143808
vn -0.836100692556504 -0.4707462511027951 -0.2816622072256035
vn -0.0730491743897958 0.6044103370839854 -0.7933170630630557
vn 0.0730491743897958 -0.6044103370839854 0.7933170630630557
g _
f 124/364/91 127/363/91 125/362/91 122/361/91
f 123/368/92 124/367/92 122/366/92 121/365/92
f 128/372/93 123/371/93 121/370/93 126/369/93
f 127/376/94 128/375/94 126/374/94 125/373/94
f 126/380/95 121/379/95 122/378/95 125/377/95
f 127/384/96 124/383/96 123/382/96 128/381/96
o cube
v -0.10806719626914997 -0.04964336144484775 -0.21896312061854709
v -0.07539558093469124 -0.08264327855029219 -0.2607939826999214
v -0.10286875026163819 -0.07173194746744882 -0.19747747362737791
v -0.07019713492717945 -0.10473186457289327 -0.23930833570875218
v -0.10152372757708199 -0.09735409889725455 -0.26959592667572146
v -0.13419534291154073 -0.0643541817918101 -0.22776506459434717
v -0.0963252815695702 -0.1194426849198556 -0.2481102796845523
v -0.12899689690402893 -0.08644276781441118 -0.206279417603178
vt 0.3125 0.28125
vt 0.34375 0.28125
vt 0.34375 0.25
vt 0.3125 0.25
vt 0.3125 0.28125
vt 0.59375 0.28125
vt 0.59375 0.25
vt 0.3125 0.25
vt 0.3125 0.03125
vt 0.34375 0.03125
vt 0.34375 0
vt 0.3125 0
vt 0.375 0.28125
vt 0.53125 0.28125
vt 0.53125 0.25
vt 0.375 0.25
vt 0.25 0.6875
vt 0.28125 0.6875
vt 0.28125 0.625
vt 0.25 0.625
vt 0.71875 0.1875
vt 0.75 0.1875
vt 0.75 0.03125
vt 0.71875 0.03125
vn 0.5227458453513399 -0.5279986736871107 -0.6692937933019885
vn 0.836100692556504 0.470746251102795 0.28166220722560364
vn -0.5227458453513399 0.5279986736871107 0.6692937933019885
vn -0.836100692556504 -0.470746251102795 -0.28166220722560364
vn -0.16635027224037707 0.7068347527232347 -0.6875407037174135
vn 0.16635027224037707 -0.7068347527232347 0.6875407037174135
g _
f 132/388/97 135/387/97 133/386/97 130/385/97
f 131/392/98 132/391/98 130/390/98 129/389/98
f 136/396/99 131/395/99 129/394/99 134/393/99
f 135/400/100 136/399/100 134/398/100 133/397/100
f 134/404/101 129/403/101 130/402/101 133/401/101
f 135/408/102 132/407/102 131/406/102 136/405/102
o cube
v -0.08193904962675924 -0.03493254109788542 -0.21016117664274694
v -0.032931626625071125 -0.08443241675605206 -0.2729074697648084
v -0.07674060361924745 -0.057021127120486514 -0.18867552965157777
v -0.027733180617559333 -0.10652100277865315 -0.2514218227736392
v -0.05905977326746187 -0.0991432371030144 -0.28170941374060854
v -0.10806719626914997 -0.04964336144484775 -0.21896312061854709
v -0.053861327259950076 -0.12123182312561548 -0.26022376674943937
v -0.10286875026163819 -0.07173194746744882 -0.19747747362737791
vt 0.3125 0.28125
vt 0.34375 0.28125
vt 0.34375 0.25
vt 0.3125 0.25
vt 0.3125 0.28125
vt 0.59375 0.28125
vt 0.59375 0.25
vt 0.3125 0.25
vt 0.3125 0.03125
vt 0.34375 0.03125
vt 0.34375 0
vt 0.3125 0
vt 0.375 0.28125
vt 0.59375 0.28125
vt 0.59375 0.25
vt 0.375 0.25
vt 0.28125 0.71875
vt 0.3125 0.71875
vt 0.3125 0.625
vt 0.28125 0.625
vt 0.6875 0.21875
vt 0.71875 0.21875
vt 0.71875 0
vt 0.6875 0
vn 0.5227458453513399 -0.5279986736871107 -0.6692937933019885
vn 0.836100692556504 0.470746251102795 0.28166220722560364
vn -0.5227458453513399 0.5279986736871107 0.6692937933019885
vn -0.836100692556504 -0.470746251102795 -0.28166220722560364
vn -0.16635027224037707 0.7068347527232347 -0.6875407037174135
vn 0.16635027224037707 -0.7068347527232347 0.6875407037174135
g _
f 140/412/103 143/411/103 141/410/103 138/409/103
f 139/416/104 140/415/104 138/414/104 137/413/104
f 144/420/105 139/419/105 137/418/105 142/417/105
f 143/424/106 144/423/106 142/422/106 141/421/106
f 142/428/107 137/427/107 138/426/107 141/425/107
f 143/432/108 140/431/108 139/430/108 144/429/108
o cube
v -0.24762320094754336 0.21225911952692483 -0.07476386081061849
v -0.3156301154439559 0.15470603658027438 -0.16244340360147486
v -0.2430425427812789 0.18490632375969865 -0.060362311085667114
v -0.31104945727769145 0.1273532408130482 -0.14804185387652347
v -0.3414471891463759 0.15932823615676506 -0.14545292166249202
v -0.27344027464996334 0.21688131910341552 -0.05777337887163564
v -0.33686653098011143 0.13197544038953885 -0.13105137193754063
v -0.26885961648369894 0.1895285233361893 -0.04337182914668426
vt 0.3125 0.28125
vt 0.34375 0.28125
vt 0.34375 0.25
vt 0.3125 0.25
vt 0.3125 0.28125
vt 0.59375 0.28125
vt 0.59375 0.25
vt 0.3125 0.25
vt 0.3125 0.03125
vt 0.34375 0.03125
vt 0.34375 0
vt 0.3125 0
vt 0.375 0.28125
vt 0.625 0.28125
vt 0.625 0.25
vt 0.375 0.25
vt 0.3125 0.75
vt 0.34375 0.75
vt 0.34375 0.625
vt 0.3125 0.625
vt 0.65625 0.25
vt 0.6875 0.25
vt 0.6875 0
vt 0.65625 0
vn -0.5440553159713002 -0.4604246635732036 -0.7014363423268508
vn 0.8261463584774404 -0.1479103864477013 -0.5436954220474511
vn 0.5440553159713002 0.4604246635732036 0.7014363423268508
vn -0.8261463584774404 0.1479103864477013 0.5436954220474511
vn -0.1465810613204621 0.8752894645512387 -0.46084959119844393
vn 0.1465810613204621 -0.8752894645512387 0.46084959119844393
g _
f 148/436/109 151/435/109 149/434/109 146/433/109
f 147/440/110 148/439/110 146/438/110 145/437/110
f 152/444/111 147/443/111 145/442/111 150/441/111
f 151/448/112 152/447/112 150/446/112 149/445/112
f 150/452/113 145/451/113 146/450/113 149/449/113
f 151/456/114 148/455/114 147/454/114 152/453/114
o cube
v 0.10308014647413269 0.20988660355778851 -0.1650256574573724
v 0.022349517688846403 0.1155080451898115 -0.25983765984269636
v 0.11166034634636623 0.18525577454267936 -0.14781330921022784
v 0.03092971756107995 0.09087721617470233 -0.24262531159555178
v -0.10436327696798928 0.1339418937053487 -0.17029368517571594
v -0.023632648182703005 0.2283204520733257 -0.075481682790392
v -0.09578307709575576 0.10931106469023955 -0.15308133692857137
v -0.015052448310469473 0.20368962305821656 -0.05826933454324743
vt 0.3125 0.28125
vt 0.65625 0.28125
vt 0.65625 0.25
vt 0.3125 0.25
vt 0.3125 0.28125
vt 0.59375 0.28125
vt 0.59375 0.25
vt 0.3125 0.25
vt 0.3125 0.03125
vt 0.46875 0.03125
vt 0.46875 0
vt 0.3125 0
vt 0.375 0.28125
vt 0.65625 0.28125
vt 0.65625 0.25
vt 0.375 0.25
vt 0.53125 0.65625
vt 0.6875 0.65625
vt 0.6875 0.5
vt 0.53125 0.5
vt 0.3125 0.15625
vt 0.46875 0.15625
vt 0.46875 0
vt 0.3125 0
vn -0.516676024225832 -0.6040227735550528 -0.606796815266073
vn 0.8109618858037484 -0.11797663049943821 -0.5730814378686745
vn 0.516676024225832 0.6040227735550528 0.606796815266073
vn -0.8109618858037484 0.11797663049943821 0.5730814378686745
vn -0.27456639591147314 0.7881865284834932 -0.5507951439086258
vn 0.27456639591147314 -0.7881865284834932 0.5507951439086258
g _
f 156/460/115 159/459/115 157/458/115 154/457/115
f 155/464/116 156/463/116 154/462/116 153/461/116
f 160/468/117 155/467/117 153/466/117 158/465/117
f 159/472/118 160/471/118 158/470/118 157/469/118
f 158/476/119 153/475/119 154/474/119 157/473/119
f 159/480/120 156/479/120 155/478/120 160/477/120
o cube
v -0.023632648182703005 0.22832045207332569 -0.07548168279039197
v -0.10436327696798928 0.1339418937053487 -0.17029368517571591
v -0.021903948434461272 0.2054831044187928 -0.05422069388379523
v -0.10263457721974756 0.11110454605081578 -0.14903269626911916
v -0.26456178485067205 0.19355833601086214 -0.09323158113621138
v -0.18383115606538578 0.2879368943788392 0.0015804212491125624
v -0.2628330851024303 0.17072098835632923 -0.07197059222961465
v -0.18210245631714406 0.26509954672430625 0.0228414101557093
vt 0.3125 0.28125
vt 0.65625 0.28125
vt 0.65625 0.25
vt 0.3125 0.25
vt 0.3125 0.28125
vt 0.59375 0.28125
vt 0.59375 0.25
vt 0.3125 0.25
vt 0.46875 0.03125
vt 0.65625 0.03125
vt 0.65625 0
vt 0.46875 0
vt 0.375 0.28125
vt 0.65625 0.28125
vt 0.65625 0.25
vt 0.375 0.25
vt 0.34375 0.65625
vt 0.53125 0.65625
vt 0.53125 0.5
vt 0.34375 0.5
vt 0.46875 0.15625
vt 0.65625 0.15625
vt 0.65625 0
vt 0.46875 0
vn -0.5166760242258321 -0.6040227735550528 -0.6067968152660731
vn 0.8543920420409749 -0.31795435896273844 -0.4109978882106908
vn 0.5166760242258321 0.6040227735550528 0.6067968152660731
vn -0.8543920420409749 0.31795435896273844 0.4109978882106908
vn -0.05531839194373554 0.730795124945053 -0.6803516450110955
vn 0.05531839194373554 -0.730795124945053 0.6803516450110955
g _
f 164/484/121 167/483/121 165/482/121 162/481/121
f 163/488/122 164/487/122 162/486/122 161/485/122
f 168/492/123 163/491/123 161/490/123 166/489/123
f 167/496/124 168/495/124 166/494/124 165/493/124
f 166/500/125 161/499/125 162/498/125 165/497/125
f 167/504/126 164/503/126 163/502/126 168/501/126
o cube
v 0.024230875692572887 0.11740984275972027 -0.2574963095229406
v -0.009376352482597647 0.08854583720762874 -0.3015834209941048
v 0.029953009005943623 0.08988989640197 -0.24384082553991904
v -0.0036542191692269105 0.06102589084987846 -0.2879279370110832
v -0.13797050514315984 0.10507788815325714 -0.2143807966468801
v -0.1043632769679893 0.13394189370534867 -0.17029368517571594
v -0.13224837182978907 0.07755794179550685 -0.2007253126638585
v -0.09864114365461854 0.10642194734759838 -0.15663820119269434
vt 0.3125 0.28125
vt 0.65625 0.28125
vt 0.65625 0.25
vt 0.3125 0.25
vt 0.3125 0.28125
vt 0.59375 0.28125
vt 0.59375 0.25
vt 0.3125 0.25
vt 0.3125 0.03125
vt 0.46875 0.03125
vt 0.46875 0
vt 0.3125 0
vt 0.375 0.28125
vt 0.65625 0.28125
vt 0.65625 0.25
vt 0.375 0.25
vt 0.53125 0.71875
vt 0.6875 0.71875
vt 0.6875 0.65625
vt 0.53125 0.65625
vt 0.3125 0.21875
vt 0.46875 0.21875
vt 0.46875 0.15625
vt 0.3125 0.15625
vn -0.5377156508027285 -0.4618240888334645 -0.7053937835386265
vn 0.8230025770275978 -0.10580512605202182 -0.5580967958222378
vn 0.5377156508027285 0.4618240888334645 0.7053937835386265
vn -0.8230025770275978 0.10580512605202182 0.5580967958222378
vn -0.1831082660278642 0.8806382834480094 -0.4369754874566911
vn 0.1831082660278642 -0.8806382834480094 0.4369754874566911
g _
f 172/508/127 175/507/127 173/506/127 170/505/127
f 171/512/128 172/511/128 170/510/128 169/509/128
f 176/516/129 171/515/129 169/514/129 174/513/129
f 175/520/130 176/519/130 174/518/130 173/517/130
f 174/524/131 169/523/131 170/522/131 173/521/131
f 175/528/132 172/527/132 171/526/132 176/525/132
o cube
v -0.10511582016947989 0.13318117467738516 -0.17123022530361823
v -0.13872304834465043 0.10431716912529361 -0.21531733677478238
v -0.10624518698010094 0.10745470968021112 -0.15352610066114444
v -0.13985241515527147 0.07859070412811958 -0.1976132121323086
v -0.2966639266228614 0.16621576851469766 -0.135445612351571
v -0.26305669844769086 0.19507977406678917 -0.09135850088040684
v -0.2977932934334825 0.1404893035175236 -0.11774148770909722
v -0.2641860652583119 0.16935330906961515 -0.07365437623793306
vt 0.3125 0.28125
vt 0.65625 0.28125
vt 0.65625 0.25
vt 0.3125 0.25
vt 0.3125 0.28125
vt 0.59375 0.28125
vt 0.59375 0.25
vt 0.3125 0.25
vt 0.46875 0.03125
vt 0.65625 0.03125
vt 0.65625 0
vt 0.46875 0
vt 0.375 0.28125
vt 0.65625 0.28125
vt 0.65625 0.25
vt 0.375 0.25
vt 0.34375 0.71875
vt 0.53125 0.71875
vt 0.53125 0.65625
vt 0.34375 0.65625
vt 0.46875 0.21875
vt 0.65625 0.21875
vt 0.65625 0.15625
vt 0.46875 0.15625
vn -0.5377156508027287 -0.46182408883346454 -0.7053937835386265
vn 0.8423513508171251 -0.33012586341015476 -0.4259825302571273
vn 0.5377156508027287 0.46182408883346454 0.7053937835386265
vn -0.8423513508171251 0.33012586341015476 0.4259825302571273
vn 0.03613973793987337 0.823246879909569 -0.5665319885591608
vn -0.03613973793987337 -0.823246879909569 0.5665319885591608
g _
f 180/532/133 183/531/133 181/530/133 178/529/133
f 179/536/134 180/535/134 178/534/134 177/533/134
f 184/540/135 179/539/135 177/538/135 182/537/135
f 183/544/136 184/543/136 182/542/136 181/541/136
f 182/548/137 177/547/137 178/546/137 181/545/137
f 183/552/138 180/551/138 179/550/138 184/549/138
o cube
v -0.009376352482597633 0.08854583720762879 -0.3015834209941048
v -0.04298358065776817 0.05968183165553728 -0.34567053246526896
v -0.0036542191692268966 0.0610258908498785 -0.2879279370110832
v -0.03726144734439743 0.03216188529778699 -0.3320150484822474
v -0.17157773331833034 0.07621388260116567 -0.25846790811804427
v -0.1379705051431598 0.10507788815325718 -0.2143807966468801
v -0.1658556000049596 0.04869393624341538 -0.2448124241350227
v -0.13224837182978905 0.07755794179550689 -0.2007253126638585
vt 0.3125 0.28125
vt 0.65625 0.28125
vt 0.65625 0.25
vt 0.3125 0.25
vt 0.3125 0.28125
vt 0.59375 0.28125
vt 0.59375 0.25
vt 0.3125 0.25
vt 0.3125 0.03125
vt 0.46875 0.03125
vt 0.46875 0
vt 0.3125 0
vt 0.375 0.28125
vt 0.65625 0.28125
vt 0.65625 0.25
vt 0.375 0.25
vt 0.53125 0.78125
vt 0.6875 0.78125
vt 0.6875 0.71875
vt 0.53125 0.71875
vt 0.3125 0.28125
vt 0.46875 0.28125
vt 0.46875 0.21875
vt 0.3125 0.21875
vn -0.5377156508027285 -0.4618240888334644 -0.7053937835386264
vn 0.8230025770275979 -0.10580512605202179 -0.5580967958222378
vn 0.5377156508027285 0.4618240888334644 0.7053937835386264
vn -0.8230025770275979 0.10580512605202179 0.5580967958222378
vn -0.18310826602786412 0.8806382834480093 -0.436975487456691
vn 0.18310826602786412 -0.8806382834480093 0.436975487456691
g _
f 188/556/139 191/555/139 189/554/139 186/553/139
f 187/560/140 188/559/140 186/558/140 185/557/140
f 192/564/141 187/563/141 185/562/141 190/561/141
f 191/568/142 192/567/142 190/566/142 189/565/142
f 190/572/143 185/571/143 186/570/143 189/569/143
f 191/576/144 188/575/144 187/574/144 192/573/144
o cube
v -0.13872304834465038 0.10431716912529365 -0.21531733677478235
v -0.1723302765198209 0.07545316357320214 -0.25940444824594644
v -0.13985241515527141 0.07859070412811962 -0.19761321213230856
v -0.17345964333044195 0.049726698576028114 -0.2417003236034727
v -0.3302711547980319 0.13735176296260618 -0.17953272382273508
v -0.29666392662286134 0.1662157685146977 -0.13544561235157093
v -0.33140052160865296 0.11162529796543214 -0.16182859918026132
v -0.29779329343348243 0.14048930351752364 -0.11774148770909718
vt 0.3125 0.28125
vt 0.65625 0.28125
vt 0.65625 0.25
vt 0.3125 0.25
vt 0.3125 0.28125
vt 0.59375 0.28125
vt 0.59375 0.25
vt 0.3125 0.25
vt 0.46875 0.03125
vt 0.65625 0.03125
vt 0.65625 0
vt 0.46875 0
vt 0.375 0.28125
vt 0.65625 0.28125
vt 0.65625 0.25
vt 0.375 0.25
vt 0.34375 0.78125
vt 0.53125 0.78125
vt 0.53125 0.71875
vt 0.34375 0.71875
vt 0.46875 0.28125
vt 0.65625 0.28125
vt 0.65625 0.21875
vt 0.46875 0.21875
vn -0.5377156508027287 -0.4618240888334645 -0.7053937835386265
vn 0.8423513508171253 -0.3301258634101548 -0.4259825302571273
vn 0.5377156508027287 0.4618240888334645 0.7053937835386265
vn -0.8423513508171253 0.3301258634101548 0.4259825302571273
vn 0.03613973793987343 0.823246879909569 -0.5665319885591608
vn -0.03613973793987343 -0.823246879909569 0.5665319885591608
g _
f 196/580/145 199/579/145 197/578/145 194/577/145
f 195/584/146 196/583/146 194/582/146 193/581/146
f 200/588/147 195/587/147 193/586/147 198/585/147
f 199/592/148 200/591/148 198/590/148 197/589/148
f 198/596/149 193/595/149 194/594/149 197/593/149
f 199/600/150 196/599/150 195/598/150 200/597/150
o cube
v -0.1723302765198209 0.07545316357320211 -0.2594044482459465
v -0.1891338906074062 0.06102116079715636 -0.2814480039815286
v -0.17345964333044198 0.049726698576028086 -0.24170032360347274
v -0.19026325741802724 0.03529469579998232 -0.2637438793390548
v -0.29442780945954683 0.10228689372342571 -0.22820018769938766
v -0.2776241953719616 0.11671889649947147 -0.20615663196380557
v -0.29555717627016787 0.07656042872625168 -0.2104960630569139
v -0.2787535621825826 0.09099243150229744 -0.1884525073213318
vt 0.53125 0.28125
vt 0.65625 0.28125
vt 0.65625 0.25
vt 0.53125 0.25
vt 0.3125 0.28125
vt 0.59375 0.28125
vt 0.59375 0.25
vt 0.3125 0.25
vt 0.46875 0.03125
vt 0.65625 0.03125
vt 0.65625 0
vt 0.46875 0
vt 0.375 0.28125
vt 0.40625 0.28125
vt 0.40625 0.25
vt 0.375 0.25
vt 0.40625 0.8125
vt 0.53125 0.8125
vt 0.53125 0.78125
vt 0.40625 0.78125
vt 0.46875 0.3125
vt 0.59375 0.3125
vt 0.59375 0.28125
vt 0.46875 0.28125
vn -0.5377156508027287 -0.4618240888334645 -0.7053937835386265
vn 0.8423513508171253 -0.3301258634101548 -0.4259825302571273
vn 0.5377156508027287 0.4618240888334645 0.7053937835386265
