# Made in Blockbench 4.12.3

o cube
v 0.40398333879605997 0.21631088353025774 0.07470719198701509
v 0.1944699873086573 0.1440441371539386 -0.4988809529154897
v 0.39596394493435394 -0.050107260585302765 0.11120261596282005
v 0.18645059344695133 -0.12237400696162193 -0.4623855289396847
v -0.38336204029453036 0.1895643441954693 -0.29355256792479933
v -0.1738486888071277 0.26183109057178844 0.2800355769777054
v -0.3913814341562363 -0.07685379992009123 -0.25705714394899437
v -0.18186808266883367 -0.004587053543772063 0.3165310009535104
vt 0.75 0.25
vt 0.75 0.75
vt 1 0.75
vt 1 0.25
vt 0.25 0.75
vt 0.75 0.75
vt 0.75 1
vt 0.25 1
vt 0.25 0.75
vt 0.25 0.25
vt 0 0.25
vt 0 0.75
vt 0.25 0.25
vt 0.75 0.25
vt 0.75 0
vt 0.25 0
vt 0.25 0.75
vt 0.75 0.75
vt 0.75 0.25
vt 0.25 0.25
vt 0.25 0.75
vt 0.75 0.75
vt 0.75 0.25
vt 0.25 0.25
vn -0.3407186534216099 -0.11752295659296419 -0.9327910558556044
vn 0.9396926207859084 -0.07402670778046222 -0.33391290028343756
vn 0.3407186534216099 0.11752295659296419 0.9327910558556044
vn -0.9396926207859084 0.07402670778046222 0.33391290028343756
vn 0.029809019626210416 0.9903072256672847 -0.13565773527554517
vn -0.029809019626210416 -0.9903072256672847 0.13565773527554517
g Cushion
f 4/4/1 7/3/1 5/2/1 2/1/1
f 3/8/2 4/7/2 2/6/2 1/5/2
f 8/12/3 3/11/3 1/10/3 6/9/3
f 7/16/4 8/15/4 6/14/4 5/13/4
f 6/20/5 1/19/5 2/18/5 5/17/5
f 7/24/6 4/23/6 3/22/6 8/21/6
o cube
v -0.20702080488166433 0.18009682047148473 0.2859573480269007
v 0.21241870305192034 0.2009032364533067 -0.03752928575944875
v -0.18222386724828338 -0.049837832472252694 0.3033203506823101
v 0.23721564068530127 -0.029031416490430687 -0.020166283104039368
v -0.10674274903274386 0.1349137156695543 -0.4556050691408105
v -0.5261822569663285 0.11410729968773231 -0.13211843535446105
v -0.08194581139936291 -0.09502093727418308 -0.4382420664854011
v -0.5013853193329476 -0.1158273532560051 -0.11475543269905167
vt 0.75 0.25
vt 0.75 0.75
vt 1 0.75
vt 1 0.25
vt 0.25 0.75
vt 0.75 0.75
vt 0.75 1
vt 0.25 1
vt 0.25 0.75
vt 0.25 0.25
vt 0 0.25
vt 0 0.75
vt 0.25 0.25
vt 0.75 0.25
vt 0.75 0
vt 0.25 0
vt 0.25 0.75
vt 0.75 0.75
vt 0.75 0.25
vt 0.25 0.25
vt 0.25 0.75
vt 0.75 0.75
vt 0.75 0.25
vt 0.25 0.25
vn 0.7912460062885959 0.03924998298777971 -0.6102370001628926
vn 0.6020778194390949 0.1244850420368844 0.7886734264881378
vn -0.7912460062885959 -0.03924998298777971 0.6102370001628926
vn -0.6020778194390949 -0.1244850420368844 -0.7886734264881378
vn -0.10692079719031326 0.9914448613738105 -0.07486674818404877
vn 0.10692079719031326 -0.9914448613738105 0.07486674818404877
g Cushion
f 12/28/7 15/27/7 13/26/7 10/25/7
f 11/32/8 12/31/8 10/30/8 9/29/8
f 16/36/9 11/35/9 9/34/9 14/33/9
f 15/40/10 16/39/10 14/38/10 13/37/10
f 14/44/11 9/43/11 10/42/11 13/41/11
f 15/48/12 12/47/12 11/46/12 16/45/12
o cube
v 0.41085331074259807 0.09888981614924781 0.1867225578271177
v 0.1522897434334139 0.17378242756038453 -0.15024404358254578
v 0.3909069274917313 -0.08693266751560916 0.16072792507817324
v 0.13234336018254708 -0.012040056104472466 -0.17623867633149026
v -0.18987511095465498 0.17378242756038453 0.11230828352731087
v 0.06868845635452919 0.09888981614924781 0.4492748849369743
v -0.20982149420552176 -0.01204005610447248 0.08631365077836642
v 0.04874207310366238 -0.08693266751560919 0.4232802521880299
vt 0.75 0.25
vt 0.75 0.75
vt 1 0.75
vt 1 0.25
vt 0.25 0.75
vt 0.75 0.75
vt 0.75 1
vt 0.25 1
vt 0.25 0.75
vt 0.25 0.25
vt 0 0.25
vt 0 0.75
vt 0.25 0.25
vt 0.75 0.25
vt 0.75 0
vt 0.25 0
vt 0.25 0.75
vt 0.75 0.75
vt 0.75 0.25
vt 0.25 0.25
vt 0.25 0.75
vt 0.75 0.75
vt 0.75 0.25
vt 0.25 0.25
vn -0.5995129750225793 0.17364817766693041 -0.7813005203969408
vn 0.7933533402912349 0 -0.6087614290087209
vn 0.5995129750225793 -0.17364817766693041 0.7813005203969408
vn -0.7933533402912349 0 0.6087614290087209
vn 0.1057103127812808 0.9848077530122081 0.1377643617875451
vn -0.1057103127812808 -0.9848077530122081 -0.1377643617875451
g Cushion
f 20/52/13 23/51/13 21/50/13 18/49/13
f 19/56/14 20/55/14 18/54/14 17/53/14
f 24/60/15 19/59/15 17/58/15 22/57/15
f 23/64/16 24/63/16 22/62/16 21/61/16
f 22/68/17 17/67/17 18/66/17 21/65/17
f 23/72/18 20/71/18 19/70/18 24/69/18
