# Made in Blockbench 4.12.3

o cube
v 0.09375 0.01351905731194275 -0.0665454782641836
v 0.09375 0.01351905731194275 -0.0665454782641836
v 0.09375 -0.14007195099224323 -0.17409106008000474
v 0.09375 -0.14007195099224323 -0.17409106008000474
v -0.09375 0.01351905731194275 -0.0665454782641836
v -0.09375 0.01351905731194275 -0.0665454782641836
v -0.09375 -0.14007195099224323 -0.17409106008000474
v -0.09375 -0.14007195099224323 -0.17409106008000474
vt 0 1
vt 1 1
vt 1 0
vt 0 0
vt 0 0.0625
vt 0.0625 0.0625
vt 0.0625 0
vt 0 0
vt 0 0.0625
vt 0.0625 0.0625
vt 0.0625 0
vt 0 0
vt 0 0.0625
vt 0.0625 0.0625
vt 0.0625 0
vt 0 0
vt 0 0.0625
vt 0.0625 0.0625
vt 0.0625 0
vt 0 0
vt 0 0.0625
vt 0.0625 0.0625
vt 0.0625 0
vt 0 0
vn 0 0.573576436351046 -0.8191520442889918
vn 1 0 0
vn 0 -0.573576436351046 0.8191520442889918
vn -1 0 0
vn 0 0.8191520442889918 0.573576436351046
vn 0 -0.8191520442889918 -0.573576436351046
g Shag
f 4/4/1 7/3/1 5/2/1 2/1/1
f 3/8/2 4/7/2 2/6/2 1/5/2
f 8/12/3 3/11/3 1/10/3 6/9/3
f 7/16/4 8/15/4 6/14/4 5/13/4
f 6/20/5 1/19/5 2/18/5 5/17/5
f 7/24/6 4/23/6 3/22/6 8/21/6
o cube
v 0.09375 0.055986138929939866 -0.031241098440885857
v 0.09375 0.055986138929939866 -0.031241098440885857
v 0.09375 -0.044757537635089606 -0.18937699453080192
v 0.09375 -0.044757537635089606 -0.18937699453080192
v -0.09375 0.055986138929939866 -0.031241098440885857
v -0.09375 0.055986138929939866 -0.031241098440885857
v -0.09375 -0.044757537635089606 -0.18937699453080192
v -0.09375 -0.044757537635089606 -0.18937699453080192
vt 0 1
vt 1 1
vt 1 0
vt 0 0
vt 0 0.0625
vt 0.0625 0.0625
vt 0.0625 0
vt 0 0
vt 0 0.0625
vt 0.0625 0.0625
vt 0.0625 0
vt 0 0
vt 0 0.0625
vt 0.0625 0.0625
vt 0.0625 0
vt 0 0
vt 0 0.0625
vt 0.0625 0.0625
vt 0.0625 0
vt 0 0
vt 0 0.0625
vt 0.0625 0.0625
vt 0.0625 0
vt 0 0
vn 0 0.8433914458128856 -0.5372996083468238
vn 1 0 0
vn 0 -0.8433914458128856 0.5372996083468238
vn -1 0 0
vn 0 0.5372996083468238 0.8433914458128856
vn 0 -0.5372996083468238 -0.8433914458128856
g Shag
f 12/28/7 15/27/7 13/26/7 10/25/7
f 11/32/8 12/31/8 10/30/8 9/29/8
f 16/36/9 11/35/9 9/34/9 14/33/9
f 15/40/10 16/39/10 14/38/10 13/37/10
f 14/44/11 9/43/11 10/42/11 13/41/11
f 15/48/12 12/47/12 11/46/12 16/45/12
o cube
v -0.06654547826418285 0.013519057311943111 -0.09375000000000001
v -0.06654547826418285 0.013519057311943111 -0.09375000000000001
v -0.17409106008000486 -0.14007195099224223 -0.09375000000000001
v -0.17409106008000486 -0.14007195099224223 -0.09375000000000001
v -0.0665454782641829 0.013519057311943139 0.09374999999999993
v -0.0665454782641829 0.013519057311943139 0.09374999999999993
v -0.1740910600800049 -0.14007195099224223 0.09374999999999993
v -0.1740910600800049 -0.14007195099224223 0.09374999999999993
vt 0 1
vt 1 1
vt 1 0
vt 0 0
vt 0 0.0625
vt 0.0625 0.0625
vt 0.0625 0
vt 0 0
vt 0 0.0625
vt 0.0625 0.0625
vt 0.0625 0
vt 0 0
vt 0 0.0625
vt 0.0625 0.0625
vt 0.0625 0
vt 0 0
vt 0 0.0625
vt 0.0625 0.0625
vt 0.0625 0
vt 0 0
vt 0 0.0625
vt 0.0625 0.0625
vt 0.0625 0
vt 0 0
vn -0.8191520442889885 0.5735764363510507 0
vn 0 0 -1
vn 0.8191520442889885 -0.5735764363510507 0
vn 0 0 1
vn 0.5735764363510508 0.8191520442889885 0
vn -0.5735764363510508 -0.8191520442889885 0
g Shag
f 20/52/13 23/51/13 21/50/13 18/49/13
f 19/56/14 20/55/14 18/54/14 17/53/14
f 24/60/15 19/59/15 17/58/15 22/57/15
f 23/64/16 24/63/16 22/62/16 21/61/16
f 22/68/17 17/67/17 18/66/17 21/65/17
f 23/72/18 20/71/18 19/70/18 24/69/18
o cube
v -0.09375000329272244 0.055986137263707186 0.031241097379380224
v -0.09375000329272244 0.055986137263707186 0.031241097379380224
v -0.09375000329272415 -0.04475753930132456 0.18937699346929485
v -0.09375000329272415 -0.04475753930132456 0.18937699346929485
v 0.0937499967072775 0.0559861405961716 0.031241099502396223
v 0.0937499967072775 0.0559861405961716 0.031241099502396223
v 0.0937499967072758 -0.044757535968860146 0.18937699559231083
v 0.0937499967072758 -0.044757535968860146 0.18937699559231083
vt 0 1
vt 1 1
vt 1 0
vt 0 0
vt 0 0.0625
vt 0.0625 0.0625
vt 0.0625 0
vt 0 0
vt 0 0.0625
vt 0.0625 0.0625
vt 0.0625 0
vt 0 0
vt 0 0.0625
vt 0.0625 0.0625
vt 0.0625 0
vt 0 0
vt 0 0.0625
vt 0.0625 0.0625
vt 0.0625 0
vt 0 0
vt 0 0.0625
vt 0.0625 0.0625
vt 0.0625 0
vt 0 0
vn 0 0.8433914458128777 0.5372996083468359
vn -0.9999999999999999 0 0
vn 0 -0.8433914458128777 -0.5372996083468359
vn 0.9999999999999999 0 0
vn 0 0.537299608346836 -0.8433914458128781
vn 0 -0.537299608346836 0.8433914458128781
g Shag
f 28/76/19 31/75/19 29/74/19 26/73/19
f 27/80/20 28/79/20 26/78/20 25/77/20
f 32/84/21 27/83/21 25/82/21 30/81/21
f 31/88/22 32/87/22 30/86/22 29/85/22
f 30/92/23 25/91/23 26/90/23 29/89/23
f 31/96/24 28/95/24 27/94/24 32/93/24
o cube
v -0.031241098440885018 0.05598613892994003 -0.09375000000000003
v -0.031241098440885018 0.05598613892994003 -0.09375000000000003
v -0.1893769945308016 -0.04475753763508861 -0.09375000000000003
v -0.1893769945308016 -0.04475753763508861 -0.09375000000000003
v -0.031241098440885032 0.05598613892994006 0.09374999999999997
v -0.031241098440885032 0.05598613892994006 0.09374999999999997
v -0.18937699453080165 -0.04475753763508858 0.09374999999999997
v -0.18937699453080165 -0.04475753763508858 0.09374999999999997
vt 0 1
vt 1 1
vt 1 0
vt 0 0
vt 0 0.0625
vt 0.0625 0.0625
vt 0.0625 0
vt 0 0
vt 0 0.0625
vt 0.0625 0.0625
vt 0.0625 0
vt 0 0
vt 0 0.0625
vt 0.0625 0.0625
vt 0.0625 0
vt 0 0
vt 0 0.0625
vt 0.0625 0.0625
vt 0.0625 0
vt 0 0
vt 0 0.0625
vt 0.0625 0.0625
vt 0.0625 0
vt 0 0
vn -0.5372996083468194 0.8433914458128885 0
vn 0 0 -1
vn 0.5372996083468194 -0.8433914458128885 0
vn 0 0 1
vn 0.8433914458128885 0.5372996083468196 0
vn -0.8433914458128885 -0.5372996083468196 0
g Shag
f 36/100/25 39/99/25 37/98/25 34/97/25
f 35/104/26 36/103/26 34/102/26 33/101/26
f 40/108/27 35/107/27 33/106/27 38/105/27
f 39/112/28 40/111/28 38/110/28 37/109/28
f 38/116/29 33/115/29 34/114/29 37/113/29
f 39/120/30 36/119/30 35/118/30 40/117/30
o cube
v -0.09375 0.013519057311943125 0.06654547826418283
v -0.09375 0.013519057311943125 0.06654547826418283
v -0.09375000000000008 -0.14007195099224223 0.1740910600800048
v -0.09375000000000008 -0.14007195099224223 0.1740910600800048
v 0.09374999999999994 0.013519057311943097 0.06654547826418294
v 0.09374999999999994 0.013519057311943097 0.06654547826418294
v 0.09374999999999986 -0.14007195099224226 0.1740910600800049
v 0.09374999999999986 -0.14007195099224226 0.1740910600800049
vt 0 1
vt 1 1
vt 1 0
vt 0 0
vt 0 0.0625
vt 0.0625 0.0625
vt 0.0625 0
vt 0 0
vt 0 0.0625
vt 0.0625 0.0625
vt 0.0625 0
vt 0 0
vt 0 0.0625
vt 0.0625 0.0625
vt 0.0625 0
vt 0 0
vt 0 0.0625
vt 0.0625 0.0625
vt 0.0625 0
vt 0 0
vt 0 0.0625
vt 0.0625 0.0625
vt 0.0625 0
vt 0 0
vn 0 0.5735764363510507 0.8191520442889887
vn -1 0 0
vn 0 -0.5735764363510507 -0.8191520442889887
vn 1 0 0
vn 0 0.8191520442889885 -0.5735764363510507
vn 0 -0.8191520442889885 0.5735764363510507
g Shag
f 44/124/31 47/123/31 45/122/31 42/121/31
f 43/128/32 44/127/32 42/126/32 41/125/32
f 48/132/33 43/131/33 41/130/33 46/129/33
f 47/136/34 48/135/34 46/134/34 45/133/34
f 46/140/35 41/139/35 42/138/35 45/137/35
f 47/144/36 44/143/36 43/142/36 48/141/36
o cube
v 0.06654548082301118 0.013519059103652226 0.09374999583499877
v 0.06654548082301118 0.013519059103652226 0.09374999583499877
v 0.17409106263883145 -0.14007194920053437 0.09374999583499878
v 0.17409106263883145 -0.14007194920053437 0.09374999583499878
v 0.06654547570535735 0.013519055520232401 -0.09375000416500115
v 0.06654547570535735 0.013519055520232401 -0.09375000416500115
v 0.1740910575211776 -0.14007195278395418 -0.09375000416500114
v 0.1740910575211776 -0.14007195278395418 -0.09375000416500114
vt 0 1
vt 1 1
vt 1 0
vt 0 0
vt 0 0.0625
vt 0.0625 0.0625
vt 0.0625 0
vt 0 0
vt 0 0.0625
vt 0.0625 0.0625
vt 0.0625 0
vt 0 0
vt 0 0.0625
vt 0.0625 0.0625
vt 0.0625 0
vt 0 0
vt 0 0.0625
vt 0.0625 0.0625
vt 0.0625 0
vt 0 0
vt 0 0.0625
vt 0.0625 0.0625
vt 0.0625 0
vt 0 0
vn 0.8191520442889948 0.5735764363510412 0
vn 0 0 0.9999999999999996
vn -0.8191520442889948 -0.5735764363510412 0
vn 0 0 -0.9999999999999996
vn -0.5735764363510413 0.8191520442889951 0
vn 0.5735764363510413 -0.8191520442889951 0
g Shag
f 52/148/37 55/147/37 53/146/37 50/145/37
f 51/152/38 52/151/38 50/150/38 49/149/38
f 56/156/39 51/155/39 49/154/39 54/153/39
f 55/160/40 56/159/40 54/158/40 53/157/40
f 54/164/41 49/163/41 50/162/41 53/161/41
f 55/168/42 52/167/42 51/166/42 56/165/42
o cube
v 0.031241098440887585 0.04036113892993959 0.09374999999999999
v 0.031241098440887585 0.04036113892993959 0.09374999999999999
v 0.18937699453080262 -0.06038253763509152 0.09374999999999999
v 0.18937699453080262 -0.06038253763509152 0.09374999999999999
v 0.031241098440887585 0.04036113892993956 -0.09375000000000001
v 0.031241098440887585 0.04036113892993956 -0.09375000000000001
v 0.18937699453080262 -0.06038253763509155 -0.09375000000000001
v 0.18937699453080262 -0.06038253763509155 -0.09375000000000001
vt 0 1
vt 1 1
vt 1 0
vt 0 0
vt 0 0.0625
vt 0.0625 0.0625
vt 0.0625 0
vt 0 0
vt 0 0.0625
vt 0.0625 0.0625
vt 0.0625 0
vt 0 0
vt 0 0.0625
vt 0.0625 0.0625
vt 0.0625 0
vt 0 0
vt 0 0.0625
vt 0.0625 0.0625
vt 0.0625 0
vt 0 0
vt 0 0.0625
vt 0.0625 0.0625
vt 0.0625 0
vt 0 0
vn 0.5372996083468325 0.8433914458128802 0
vn 0 0 1
vn -0.5372996083468325 -0.8433914458128802 0
vn 0 0 -1
vn -0.8433914458128802 0.5372996083468327 0
vn 0.8433914458128802 -0.5372996083468327 0
g Shag
f 60/172/43 63/171/43 61/170/43 58/169/43
f 59/176/44 60/175/44 58/174/44 57/173/44
f 64/180/45 59/179/45 57/178/45 62/177/45
f 63/184/46 64/183/46 62/182/46 61/181/46
f 62/188/47 57/187/47 58/186/47 61/185/47
f 63/192/48 60/191/48 59/190/48 64/189/48
o cube
v 0.25 0.3915535366187986 -0.22728679277955152
v 0.25 0.6890610392280119 -0.45557232865782177
v 0.25 0.3915535366187986 -0.22728679277955152
v 0.25 0.6890610392280119 -0.45557232865782177
v -0.25 0.6890610392280119 -0.45557232865782177
v -0.25 0.3915535366187986 -0.22728679277955152
v -0.25 0.6890610392280119 -0.45557232865782177
v -0.25 0.3915535366187986 -0.22728679277955152
vt 0 1
vt 0 1
vt 0 0.9375
vt 0 0.9375
vt 0 1
vt 0.03125 1
vt 0.03125 0.96875
vt 0 0.96875
vt 0 1
vt 0 1
vt 0 0.5625
vt 0 0.5625
vt 0 1
vt 0 1
vt 0 1
vt 0 1
vt 0 0.37303395262287375
vt 0.46874999999999994 0.37303395262287375
vt 0.46874999999999994 -0.0031456758034020815
vt 0 -0.0031456758034020815
vt 0 1
vt 0.0625 1
vt 0.0625 0.78125
vt 0 0.78125
vn 0 0.7933533402912352 -0.6087614290087207
vn 1 0 0
vn 0 -0.7933533402912352 0.6087614290087207
vn -1 0 0
vn 0 0.6087614290087207 0.7933533402912352
vn 0 -0.6087614290087207 -0.7933533402912352
g Frond
f 68/196/49 71/195/49 69/194/49 66/193/49
f 67/200/50 68/199/50 66/198/50 65/197/50
f 72/204/51 67/203/51 65/202/51 70/201/51
f 71/208/52 72/207/52 70/206/52 69/205/52
f 70/212/53 65/211/53 66/210/53 69/209/53
f 71/216/54 68/215/54 67/214/54 72/213/54
o cube
v 0.25 0.6890149593944611 -0.4556145530457979
v 0.25 0.8579125112983761 -0.6399338872483289
v 0.25 0.6890149593944611 -0.4556145530457979
v 0.25 0.8579125112983761 -0.6399338872483289
v -0.25 0.8579125112983761 -0.6399338872483289
v -0.25 0.6890149593944611 -0.4556145530457979
v -0.25 0.8579125112983761 -0.6399338872483289
v -0.25 0.6890149593944611 -0.4556145530457979
vt 0 1
vt 0 1
vt 0 0.9375
vt 0 0.9375
vt 0 1
vt 0.03125 1
vt 0.03125 0.96875
vt 0 0.96875
vt 0 1
vt 0 1
vt 0 0.5625
vt 0 0.5625
vt 0 1
vt 0 1
vt 0 1
vt 0 1
vt 0 0.623820371573724
vt 0.46874999999999994 0.623820371573724
vt 0.46874999999999994 0.37303395262287375
vt 0 0.37303395262287375
vt 0 1
vt 0.0625 1
vt 0.0625 0.78125
vt 0 0.78125
vn 0 0.6755902076156604 -0.737277336810124
vn 1 0 0
vn 0 -0.6755902076156604 0.737277336810124
vn -1 0 0
vn 0 0.737277336810124 0.6755902076156604
vn 0 -0.737277336810124 -0.6755902076156604
g Frond
f 76/220/55 79/219/55 77/218/55 74/217/55
f 75/224/56 76/223/56 74/222/56 73/221/56
f 80/228/57 75/227/57 73/226/57 78/225/57
f 79/232/58 80/231/58 78/230/58 77/229/58
f 78/236/59 73/235/59 74/234/59 77/233/59
f 79/240/60 76/239/60 75/238/60 80/237/60
o cube
v 0.25 0.8579058791665636 -0.6399252440858746
v 0.25 1.0593932322966224 -0.9561970362657067
v 0.25 0.8579058791665636 -0.6399252440858746
v 0.25 1.0593932322966224 -0.9561970362657067
v -0.25 1.0593932322966224 -0.9561970362657067
v -0.25 0.8579058791665636 -0.6399252440858746
v -0.25 1.0593932322966224 -0.9561970362657067
v -0.25 0.8579058791665636 -0.6399252440858746
vt 0 1
vt 0 1
vt 0 0.9375
vt 0 0.9375
vt 0 1
vt 0.03125 1
vt 0.03125 0.96875
vt 0 0.96875
vt 0 1
vt 0 1
vt 0 0.5625
vt 0 0.5625
vt 0 1
vt 0 1
vt 0 1
vt 0 1
vt 0 1
vt 0.46874999999999994 1
vt 0.46874999999999994 0.623820371573724
vt 0 0.623820371573724
vt 0 1
vt 0.0625 1
vt 0.0625 0.78125
vt 0 0.78125
vn 0 0.5372996083468239 -0.8433914458128857
vn 1 0 0
vn 0 -0.5372996083468239 0.8433914458128857
vn -1 0 0
vn 0 0.8433914458128857 0.5372996083468239
vn 0 -0.8433914458128857 -0.5372996083468239
g Frond
f 84/244/61 87/243/61 85/242/61 82/241/61
f 83/248/62 84/247/62 82/246/62 81/245/62
f 88/252/63 83/251/63 81/250/63 86/249/63
f 87/256/64 88/255/64 86/254/64 85/253/64
f 86/260/65 81/259/65 82/258/65 85/257/65
f 87/264/66 84/263/66 83/262/66 88/261/66
o cube
v 0.25 0.051688116480054835 -0.06880494462678924
v 0.25 0.3915535366187986 -0.22728679277955152
v 0.25 0.051688116480054835 -0.06880494462678924
v 0.25 0.3915535366187986 -0.22728679277955152
v -0.25 0.3915535366187986 -0.22728679277955152
v -0.25 0.051688116480054835 -0.06880494462678924
v -0.25 0.3915535366187986 -0.22728679277955152
v -0.25 0.051688116480054835 -0.06880494462678924
vt 0 1
vt 0 1
vt 0 0.9375
vt 0 0.9375
vt 0 1
vt 0.03125 1
vt 0.03125 0.96875
vt 0 0.96875
vt 0 1
vt 0 1
vt 0 0.5625
vt 0 0.5625
vt 0 1
vt 0 1
vt 0 1
vt 0 1
vt 0 0.37303395262287375
vt 0.46874999999999994 0.37303395262287375
vt 0.46874999999999994 -0.0031456758034020815
vt 0 -0.0031456758034020815
vt 0 1
vt 0.0625 1
vt 0.0625 0.78125
vt 0 0.78125
vn 0 0.90630778703665 -0.4226182617406994
vn 1 0 0
vn 0 -0.90630778703665 0.4226182617406994
vn -1 0 0
vn 0 0.4226182617406994 0.90630778703665
vn 0 -0.4226182617406994 -0.90630778703665
g Stem
f 92/268/67 95/267/67 93/266/67 90/265/67
f 91/272/68 92/271/68 90/270/68 89/269/68
f 96/276/69 91/275/69 89/274/69 94/273/69
f 95/280/70 96/279/70 94/278/70 93/277/70
f 94/284/71 89/283/71 90/282/71 93/281/71
f 95/288/72 92/287/72 91/286/72 96/285/72
o cube
v -0.21516551439125992 0.7717238936659918 -0.33481037842906014
v -0.3519229068656987 0.9765119047382392 -0.3779298186464995
v -0.21516551439125992 0.7717238936659918 -0.33481037842906014
v -0.3519229068656987 0.9765119047382392 -0.3779298186464995
v -0.5022758066178382 0.9765119047382395 0.09892865672761313
v -0.3655184141433994 0.7717238936659919 0.14204809694505244
v -0.5022758066178382 0.9765119047382395 0.09892865672761313
v -0.3655184141433994 0.7717238936659919 0.14204809694505244
vt 0 1
vt 0 1
vt 0 0.9375
vt 0 0.9375
vt 0 1
vt 0.03125 1
vt 0.03125 0.96875
vt 0 0.96875
vt 0 1
vt 0 1
vt 0 0.5625
vt 0 0.5625
vt 0 1
vt 0 1
vt 0 1
vt 0 1
vt 0 0.623820371573724
vt 0.46874999999999994 0.623820371573724
vt 0.46874999999999994 0.37303395262287375
vt 0 0.37303395262287375
vt 0 1
vt 0.0625 1
vt 0.0625 0.78125
vt 0 0.78125
vn -0.5470295698977553 0.8191520442889902 -0.1724777608697573
vn 0.300705799504279 0 -0.9537169507482253
vn 0.5470295698977553 -0.8191520442889902 0.1724777608697573
vn -0.300705799504279 0 0.9537169507482253
vn 0.7812391898784709 0.5735764363510484 0.24632377039348521
vn -0.7812391898784709 -0.5735764363510484 -0.24632377039348521
g Frond
f 100/292/73 103/291/73 101/290/73 98/289/73
f 99/296/74 100/295/74 98/294/74 97/293/74
f 104/300/75 99/299/75 97/298/75 102/297/75
f 103/304/76 104/303/76 102/302/76 101/301/76
f 102/308/77 97/307/77 98/306/77 101/305/77
f 103/312/78 100/311/78 99/310/78 104/309/78
o cube
v -0.06396986197269566 0.4318943220545203 -0.28713857233771806
v -0.21511668694189237 0.7717597421932638 -0.33479498319341056
v -0.06396986197269566 0.4318943220545203 -0.28713857233771806
v -0.21511668694189237 0.7717597421932638 -0.33479498319341056
v -0.36546958669403184 0.7717597421932638 0.14206349218070208
v -0.21432276172483516 0.4318943220545204 0.18971990303639458
v -0.36546958669403184 0.7717597421932638 0.14206349218070208
v -0.21432276172483516 0.4318943220545204 0.18971990303639458
vt 0 1
vt 0 1
vt 0 0.9375
vt 0 0.9375
vt 0 1
vt 0.03125 1
vt 0.03125 0.96875
vt 0 0.96875
vt 0 1
vt 0 1
vt 0 0.5625
vt 0 0.5625
vt 0 1
vt 0 1
vt 0 1
vt 0 1
vt 0 0.37303395262287375
vt 0.46874999999999994 0.37303395262287375
vt 0.46874999999999994 -0.0031456758034020815
vt 0 -0.0031456758034020815
vt 0 1
vt 0.0625 1
vt 0.0625 0.78125
vt 0 0.78125
vn -0.4030581999178575 0.9063077870366489 -0.1270837622818466
vn 0.300705799504279 0 -0.9537169507482253
vn 0.4030581999178575 -0.9063077870366489 0.1270837622818466
vn -0.300705799504279 0 0.9537169507482253
vn 0.8643610990919646 0.4226182617407021 0.27253200769780916
vn -0.8643610990919646 -0.4226182617407021 -0.27253200769780916
g Frond
f 108/316/79 111/315/79 109/314/79 106/313/79
f 107/320/80 108/319/80 106/318/80 105/317/80
f 112/324/81 107/323/81 105/322/81 110/321/81
f 111/328/82 112/327/82 110/326/82 109/325/82
f 110/332/83 105/331/83 106/330/83 109/329/83
f 111/336/84 108/335/84 107/334/84 112/333/84
o cube
v 0.013438436262119241 0.06578331938454546 -0.26273182965509717
v -0.06396986197269566 0.4318943220545203 -0.28713857233771806
v 0.013438436262119241 0.06578331938454546 -0.26273182965509717
v -0.06396986197269566 0.4318943220545203 -0.28713857233771806
v -0.21432276172483516 0.4318943220545204 0.18971990303639458
v -0.13691446349002026 0.06578331938454557 0.21412664571901546
v -0.21432276172483516 0.4318943220545204 0.18971990303639458
v -0.13691446349002026 0.06578331938454557 0.21412664571901546
vt 0 1
vt 0 1
vt 0 0.9375
vt 0 0.9375
vt 0 1
vt 0.03125 1
vt 0.03125 0.96875
vt 0 0.96875
vt 0 1
vt 0 1
vt 0 0.5625
vt 0 0.5625
vt 0 1
vt 0 1
vt 0 1
vt 0 1
vt 0 0.37303395262287375
vt 0.46874999999999994 0.37303395262287375
vt 0.46874999999999994 -0.0031456758034020815
vt 0 -0.0031456758034020815
vt 0 1
vt 0.0625 1
vt 0.0625 0.78125
vt 0 0.78125
vn -0.20642212862617293 0.9762960071199328 -0.06508464715365568
vn 0.300705799504279 0 -0.9537169507482253
vn 0.20642212862617293 -0.9762960071199328 0.06508464715365568
vn -0.300705799504279 0 0.9537169507482253
vn 0.9311100509380899 0.21643961393810562 0.29357787137383456
vn -0.9311100509380899 -0.21643961393810562 -0.29357787137383456
g Stem
f 116/340/85 119/339/85 117/338/85 114/337/85
f 115/344/86 116/343/86 114/342/86 113/341/86
f 120/348/87 115/347/87 113/346/87 118/345/87
f 119/352/88 120/351/88 118/350/88 117/349/88
f 118/356/89 113/355/89 114/354/89 117/353/89
f 119/360/90 116/359/90 115/358/90 120/357/90
o cube
v -0.3519162281490318 0.9765035590916873 -0.37792771285522314
v -0.6048086243515176 1.241668602036642 -0.45766437909457264
v -0.3519162281490318 0.9765035590916873 -0.37792771285522314
v -0.6048086243515176 1.241668602036642 -0.45766437909457264
v -0.7551615241036571 1.241668602036642 0.019194096279539972
v -0.5022691279011713 0.9765035590916873 0.09893076251888949
v -0.7551615241036571 1.241668602036642 0.019194096279539972
v -0.5022691279011713 0.9765035590916873 0.09893076251888949
vt 0 1
vt 0 1
vt 0 0.9375
vt 0 0.9375
vt 0 1
vt 0.03125 1
vt 0.03125 0.96875
vt 0 0.96875
vt 0 1
vt 0 1
vt 0 0.5625
vt 0 0.5625
vt 0 1
vt 0 1
vt 0 1
vt 0 1
vt 0 1
vt 0.46874999999999994 1
vt 0.46874999999999994 0.623820371573724
vt 0 0.623820371573724
vt 0 1
vt 0.0625 1
vt 0.0625 0.78125
vt 0 0.78125
vn -0.6743797232066283 0.7071067811865455 -0.21263110997159873
vn 0.300705799504279 0 -0.9537169507482253
vn 0.6743797232066283 -0.7071067811865455 0.21263110997159873
vn -0.300705799504279 0 0.9537169507482253
vn 0.6743797232066246 0.7071067811865495 0.21263110997159732
vn -0.6743797232066246 -0.7071067811865495 -0.21263110997159732
g Frond
f 124/364/91 127/363/91 125/362/91 122/361/91
f 123/368/92 124/367/92 122/366/92 121/365/92
f 128/372/93 123/371/93 121/370/93 126/369/93
f 127/376/94 128/375/94 126/374/94 125/373/94
f 126/380/95 121/379/95 122/378/95 125/377/95
f 127/384/96 124/383/96 123/382/96 128/381/96
o cube
v -0.2717207248044451 0.8263413480154612 -0.03420257021702812
v -0.3144732427201552 1.0612645032119377 0.03984696296447876
v -0.2717207248044451 0.8263413480154612 -0.03420257021702812
v -0.3144732427201552 1.0612645032119377 0.03984696296447876
v 0.11853945917206031 1.0612645032119368 0.2898469629644854
v 0.16129197708777038 0.8263413480154602 0.21579742978297853
v 0.11853945917206031 1.0612645032119368 0.2898469629644854
v 0.16129197708777038 0.8263413480154602 0.21579742978297853
vt 0 1
vt 0 1
vt 0 0.9375
vt 0 0.9375
vt 0 1
vt 0.03125 1
vt 0.03125 0.96875
vt 0 0.96875
vt 0 1
vt 0 1
vt 0 0.5625
vt 0 0.5625
vt 0 1
vt 0 1
vt 0 1
vt 0 1
vt 0 0.623820371573724
vt 0.46874999999999994 0.623820371573724
vt 0.46874999999999994 0.37303395262287375
vt 0 0.37303395262287375
vt 0 1
vt 0.0625 1
vt 0.0625 0.78125
vt 0 0.78125
vn -0.1710100716628404 0.9396926207859061 0.2961981327260276
vn -0.8660254037844312 0 -0.5000000000000133
vn 0.1710100716628404 -0.9396926207859061 -0.2961981327260276
vn 0.8660254037844312 0 0.5000000000000133
vn 0.4698463103929662 0.342020143325675 -0.8137976813493643
vn -0.4698463103929662 -0.342020143325675 0.8137976813493643
g Frond
f 132/388/97 135/387/97 133/386/97 130/385/97
f 131/392/98 132/391/98 130/390/98 129/389/98
f 136/396/99 131/395/99 129/394/99 134/393/99
f 135/400/100 136/399/100 134/398/100 133/397/100
f 134/404/101 129/403/101 130/402/101 133/401/101
f 135/408/102 132/407/102 131/406/102 136/405/102
o cube
v -0.23913232609749452 0.45705981689484126 -0.09064733251477795
v -0.27169135941004546 0.8263627242744191 -0.03425343257211265
v -0.23913232609749452 0.45705981689484126 -0.09064733251477795
v -0.27169135941004546 0.8263627242744191 -0.03425343257211265
v 0.16132134248217006 0.826362724274418 0.215746567427894
v 0.193880375794721 0.45705981689484027 0.1593526674852287
v 0.16132134248217006 0.826362724274418 0.215746567427894
v 0.193880375794721 0.45705981689484027 0.1593526674852287
vt 0 1
vt 0 1
vt 0 0.9375
vt 0 0.9375
vt 0 1
vt 0.03125 1
vt 0.03125 0.96875
vt 0 0.96875
vt 0 1
vt 0 1
vt 0 0.5625
vt 0 0.5625
vt 0 1
vt 0 1
vt 0 1
vt 0 1
vt 0 0.37303395262287375
vt 0.46874999999999994 0.37303395262287375
vt 0.46874999999999994 -0.0031456758034020815
vt 0 -0.0031456758034020815
vt 0 1
vt 0.0625 1
vt 0.0625 0.78125
vt 0 0.78125
vn -0.08682408883346915 0.984807753012207 0.15038373318044074
vn -0.8660254037844312 0 -0.5000000000000132
vn 0.08682408883346915 -0.984807753012207 -0.15038373318044074
vn 0.8660254037844312 0 0.5000000000000132
vn 0.4924038765061168 0.17364817766693696 -0.8528685319524345
vn -0.4924038765061168 -0.17364817766693696 0.8528685319524345
g Frond
f 140/412/103 143/411/103 141/410/103 138/409/103
f 139/416/104 140/415/104 138/414/104 137/413/104
f 144/420/105 139/419/105 137/418/105 142/417/105
f 143/424/106 144/423/106 142/422/106 141/421/106
f 142/428/107 137/427/107 138/426/107 141/425/107
f 143/432/108 140/431/108 139/430/108 144/429/108
o cube
v -0.24731096122849466 0.08241673380164449 -0.07648152093131998
v -0.23913232609749452 0.45705981689484126 -0.09064733251477795
v -0.24731096122849466 0.08241673380164449 -0.07648152093131998
v -0.23913232609749452 0.45705981689484126 -0.09064733251477795
v 0.193880375794721 0.45705981689484027 0.1593526674852287
v 0.18570174066372086 0.0824167338016435 0.17351847906868667
v 0.193880375794721 0.45705981689484027 0.1593526674852287
v 0.18570174066372086 0.0824167338016435 0.17351847906868667
vt 0 1
vt 0 1
vt 0 0.9375
vt 0 0.9375
vt 0 1
vt 0.03125 1
vt 0.03125 0.96875
vt 0 0.96875
vt 0 1
vt 0 1
vt 0 0.5625
vt 0 0.5625
vt 0 1
vt 0 1
vt 0 1
vt 0 1
vt 0 0.37303395262287375
vt 0.46874999999999994 0.37303395262287375
vt 0.46874999999999994 -0.0031456758034020815
vt 0 -0.0031456758034020815
vt 0 1
vt 0.0625 1
vt 0.0625 0.78125
vt 0 0.78125
vn 0.02180969368266697 0.9990482215818581 -0.0377754975558879
vn -0.8660254037844312 0 -0.5000000000000132
vn -0.02180969368266697 -0.9990482215818581 0.0377754975558879
vn 0.8660254037844312 0 0.5000000000000132
vn 0.49952411079094233 -0.04361938736532946 -0.8652011394955464
vn -0.49952411079094233 0.04361938736532946 0.8652011394955464
g Stem
f 148/436/109 151/435/109 149/434/109 146/433/109
f 147/440/110 148/439/110 146/438/110 145/437/110
f 152/444/111 147/443/111 145/442/111 150/441/111
f 151/448/112 152/447/112 150/446/112 149/445/112
f 150/452/113 145/451/113 146/450/113 149/449/113
f 151/456/114 148/455/114 147/454/114 152/453/114
o cube
v -0.31447094061962394 1.0612546294708958 0.03984297560939451
v -0.408220940619627 1.386014155890059 0.20222273881897754
v -0.31447094061962394 1.0612546294708958 0.03984297560939451
v -0.408220940619627 1.386014155890059 0.20222273881897754
v 0.024791761272588534 1.386014155890058 0.45222273881898417
v 0.11854176127259156 1.0612546294708949 0.28984297560940114
v 0.024791761272588534 1.386014155890058 0.45222273881898417
v 0.11854176127259156 1.0612546294708949 0.28984297560940114
vt 0 1
vt 0 1
vt 0 0.9375
vt 0 0.9375
vt 0 1
vt 0.03125 1
vt 0.03125 0.96875
vt 0 0.96875
vt 0 1
vt 0 1
vt 0 0.5625
vt 0 0.5625
vt 0 1
vt 0 1
vt 0 1
vt 0 1
vt 0 1
vt 0.46874999999999994 1
vt 0.46874999999999994 0.623820371573724
vt 0 0.623820371573724
vt 0 1
vt 0.0625 1
vt 0.0625 0.78125
vt 0 0.78125
vn -0.250000000000008 0.8660254037844354 0.4330127018922213
vn -0.8660254037844312 0 -0.5000000000000132
vn 0.250000000000008 -0.8660254037844354 -0.4330127018922213
vn 0.8660254037844312 0 0.5000000000000132
vn 0.43301270189223007 0.5000000000000058 -0.7499999999999901
vn -0.43301270189223007 -0.5000000000000058 0.7499999999999901
g Frond
f 156/460/115 159/459/115 157/458/115 154/457/115
f 155/464/116 156/463/116 154/462/116 153/461/116
f 160/468/117 155/467/117 153/466/117 158/465/117
f 159/472/118 160/471/118 158/470/118 157/469/118
f 158/476/119 153/475/119 154/474/119 157/473/119
f 159/480/120 156/479/120 155/478/120 160/477/120
o cube
v 0.36997615093203134 0.7843277522739216 0.01106829949384501
v 0.4728749957480533 0.995175613727143 -0.07527408323984709
v 0.36997615093203134 0.7843277522739216 0.01106829949384501
v 0.4728749957480533 0.995175613727143 -0.07527408323984709
v 0.1514811909047839 0.995175613727143 -0.45829630479933625
v 0.048582346088761955 0.7843277522739216 -0.37195392206564415
v 0.1514811909047839 0.995175613727143 -0.45829630479933625
v 0.048582346088761955 0.7843277522739216 -0.37195392206564415
vt 0 1
vt 0 1
vt 0 0.9375
vt 0 0.9375
vt 0 1
vt 0.03125 1
vt 0.03125 0.96875
vt 0 0.96875
vt 0 1
vt 0 1
vt 0 0.5625
vt 0 0.5625
vt 0 1
vt 0 1
vt 0 1
vt 0 1
vt 0 0.623820371573724
vt 0.46874999999999994 0.623820371573724
vt 0.46874999999999994 0.37303395262287375
vt 0 0.37303395262287375
vt 0 1
vt 0.0625 1
vt 0.0625 0.78125
vt 0 0.78125
vn 0.41159537926408796 0.8433914458128857 -0.34536953093476835
vn 0.6427876096865388 0 0.7660444431189786
vn -0.41159537926408796 -0.8433914458128857 0.34536953093476835
vn -0.6427876096865388 0 -0.7660444431189786
vn -0.6460753304390421 0.5372996083468239 0.5421215714841389
vn 0.6460753304390421 -0.5372996083468239 -0.5421215714841389
g Frond
f 164/484/121 167/483/121 165/482/121 162/481/121
f 163/488/122 164/487/122 162/486/122 161/485/122
f 168/492/123 163/491/123 161/490/123 166/489/123
f 167/496/124 168/495/124 166/494/124 165/493/124
f 166/500/125 161/499/125 162/498/125 165/497/125
f 167/504/126 164/503/126 163/502/126 168/501/126
o cube
v 0.26000357741001334 0.4379065088077108 0.10334624537578649
v 0.36993577122387883 0.7843613334994434 0.011102182092062873
v 0.26000357741001334 0.4379065088077108 0.10334624537578649
v 0.36993577122387883 0.7843613334994434 0.011102182092062873
v 0.04854196638060938 0.7843613334994434 -0.37192003946742624
v -0.06139022743325605 0.4379065088077108 -0.27967597618370266
v 0.04854196638060938 0.7843613334994434 -0.37192003946742624
v -0.06139022743325605 0.4379065088077108 -0.27967597618370266
vt 0 1
vt 0 1
vt 0 0.9375
vt 0 0.9375
vt 0 1
vt 0.03125 1
vt 0.03125 0.96875
vt 0 0.96875
vt 0 1
vt 0 1
vt 0 0.5625
vt 0 0.5625
vt 0 1
vt 0 1
vt 0 1
vt 0 1
vt 0 0.37303395262287375
vt 0.46874999999999994 0.37303395262287375
vt 0.46874999999999994 -0.0031456758034020815
vt 0 -0.0031456758034020815
vt 0 1
vt 0.0625 1
vt 0.0625 0.78125
vt 0 0.78125
vn 0.2931525168369746 0.9238795325112868 -0.24598416875659637
vn 0.6427876096865389 0 0.7660444431189783
vn -0.2931525168369746 -0.9238795325112868 0.24598416875659637
vn -0.6427876096865389 0 -0.7660444431189783
vn -0.7077327819916308 0.3826834323650899 0.5938583163412471
vn 0.7077327819916308 -0.3826834323650899 -0.5938583163412471
g Frond
f 172/508/127 175/507/127 173/506/127 170/505/127
f 171/512/128 172/511/128 170/510/128 169/509/128
f 176/516/129 171/515/129 169/514/129 174/513/129
f 175/520/130 176/519/130 174/518/130 173/517/130
f 174/524/131 169/523/131 170/522/131 173/521/131
f 175/528/132 172/527/132 171/526/132 176/525/132
o cube
v 0.21012024432520499 0.06860360142813288 0.14520333176914257
v 0.2600035774100134 0.43790650880771087 0.10334624537578649
v 0.21012024432520499 0.06860360142813288 0.14520333176914257
v 0.2600035774100134 0.43790650880771087 0.10334624537578649
v -0.06139022743325602 0.43790650880771087 -0.27967597618370266
v -0.1112735605180644 0.06860360142813288 -0.2378188897903466
v -0.06139022743325602 0.43790650880771087 -0.27967597618370266
v -0.1112735605180644 0.06860360142813288 -0.2378188897903466
vt 0 1
vt 0 1
vt 0 0.9375
vt 0 0.9375
vt 0 1
vt 0.03125 1
vt 0.03125 0.96875
vt 0 0.96875
vt 0 1
vt 0 1
vt 0 0.5625
vt 0 0.5625
vt 0 1
vt 0 1
vt 0 1
vt 0 1
vt 0 0.37303395262287375
vt 0.46874999999999994 0.37303395262287375
vt 0.46874999999999994 -0.0031456758034020815
vt 0 -0.0031456758034020815
vt 0 1
vt 0.0625 1
vt 0.0625 0.78125
vt 0 0.78125
vn 0.13302222155948917 0.9848077530122081 -0.1116188970489496
vn 0.6427876096865388 0 0.7660444431189785
vn -0.13302222155948917 -0.9848077530122081 0.1116188970489496
vn -0.6427876096865388 0 -0.7660444431189785
vn -0.7544065067354895 0.17364817766693028 0.6330222215594886
vn 0.7544065067354895 -0.17364817766693028 -0.6330222215594886
g Stem
f 180/532/133 183/531/133 181/530/133 178/529/133
f 179/536/134 180/535/134 178/534/134 177/533/134
f 184/540/135 179/539/135 177/538/135 182/537/135
f 183/544/136 184/543/136 182/542/136 181/541/136
f 182/548/137 177/547/137 178/546/137 181/545/137
f 183/552/138 180/551/138 179/550/138 184/549/138
o cube
v 0.472869915240332 0.9951669705646887 -0.07526982018769199
v 0.6669444618789223 1.2716459718684856 -0.23811770069303076
v 0.472869915240332 0.9951669705646887 -0.07526982018769199
v 0.6669444618789223 1.2716459718684856 -0.23811770069303076
v 0.34555065703565285 1.2716459718684856 -0.6211399222525199
v 0.1514761103970626 0.9951669705646887 -0.45829204174718113
v 0.34555065703565285 1.2716459718684856 -0.6211399222525199
v 0.1514761103970626 0.9951669705646887 -0.45829204174718113
vt 0 1
vt 0 1
vt 0 0.9375
vt 0 0.9375
vt 0 1
vt 0.03125 1
vt 0.03125 0.96875
vt 0 0.96875
vt 0 1
vt 0 1
vt 0 0.5625
vt 0 0.5625
vt 0 1
vt 0 1
vt 0 1
vt 0 1
vt 0 1
vt 0.46874999999999994 1
vt 0.46874999999999994 0.623820371573724
vt 0 0.623820371573724
vt 0 1
vt 0.0625 1
vt 0.0625 0.78125
vt 0 0.78125
vn 0.5175321243695735 0.7372773368101241 -0.4342610146809028
vn 0.6427876096865388 0 0.7660444431189783
vn -0.5175321243695735 -0.7372773368101241 0.4342610146809028
vn -0.6427876096865388 0 -0.7660444431189783
vn -0.564787206900955 0.6755902076156602 0.473912737004237
vn 0.564787206900955 -0.6755902076156602 -0.473912737004237
g Frond
f 188/556/139 191/555/139 189/554/139 186/553/139
f 187/560/140 188/559/140 186/558/140 185/557/140
f 192/564/141 187/563/141 185/562/141 190/561/141
f 191/568/142 192/567/142 190/566/142 189/565/142
f 190/572/143 185/571/143 186/570/143 189/569/143
f 191/576/144 188/575/144 187/574/144 192/573/144
o cube
v -0.43205739765551887 0.7419563694382003 -0.06176731259775253
v -0.5745972909616914 0.933467480217945 0.012434259246604448
v -0.43205739765551887 0.7419563694382003 -0.06176731259775253
v -0.5745972909616914 0.933467480217945 0.012434259246604448
v -0.3437229843441697 0.9334674802179448 0.4559396758357129
v -0.20118309103799706 0.7419563694382001 0.3817381039913559
v -0.3437229843441697 0.9334674802179448 0.4559396758357129
v -0.20118309103799706 0.7419563694382001 0.3817381039913559
vt 0 1
vt 0 1
vt 0 0.9375
vt 0 0.9375
vt 0 1
vt 0.03125 1
vt 0.03125 0.96875
vt 0 0.96875
vt 0 1
vt 0 1
vt 0 0.5625
vt 0 0.5625
vt 0 1
vt 0 1
vt 0 1
vt 0 1
vt 0 0.623820371573724
vt 0.46874999999999994 0.623820371573724
vt 0.46874999999999994 0.37303395262287375
vt 0 0.37303395262287375
vt 0 1
vt 0.0625 1
vt 0.0625 0.78125
vt 0 0.78125
vn -0.5701595732246907 0.7660444431189787 0.296806287377428
vn -0.46174861323504357 0 -0.8870108331782168
vn 0.5701595732246907 -0.7660444431189787 -0.296806287377428
vn 0.46174861323504357 0 0.8870108331782168
vn 0.6794897197425086 0.6427876096865385 -0.35371995928659933
vn -0.6794897197425086 -0.6427876096865385 0.35371995928659933
g Frond
f 196/580/145 199/579/145 197/578/145 194/577/145
f 195/584/146 196/583/146 194/582/146 193/581/146
f 200/588/147 195/587/147 193/586/147 198/585/147
f 199/592/148 200/591/148 198/590/148 197/589/148
f 198/596/149 193/595/149 194/594/149 197/593/149
f 199/600/150 196/599/150 195/598/150 200/597/150
o cube
v -0.2657003983271195 0.4172370172446411 -0.14836728507677868
v -0.43201492954803467 0.7419965436638059 -0.06178942009520805
v -0.2657003983271195 0.4172370172446411 -0.14836728507677868
v -0.43201492954803467 0.7419965436638059 -0.06178942009520805
v -0.20114062293051294 0.7419965436638055 0.38171599649390037
v -0.03482609170959772 0.4172370172446408 0.2951381315123297
v -0.20114062293051294 0.7419965436638055 0.38171599649390037
v -0.03482609170959772 0.4172370172446408 0.2951381315123297
vt 0 1
vt 0 1
vt 0 0.9375
vt 0 0.9375
vt 0 1
vt 0.03125 1
vt 0.03125 0.96875
vt 0 0.96875
vt 0 1
vt 0 1
vt 0 0.5625
vt 0 0.5625
vt 0 1
vt 0 1
vt 0 1
vt 0 1
vt 0 0.37303395262287375
vt 0.46874999999999994 0.37303395262287375
vt 0.46874999999999994 -0.0031456758034020815
vt 0 -0.0031456758034020815
vt 0 1
vt 0.0625 1
vt 0.0625 0.78125
vt 0 0.78125
vn -0.4435054165891074 0.866025403784439 0.23087430661752179
vn -0.4617486132350435 0 -0.8870108331782167
vn 0.4435054165891074 -0.866025403784439 -0.23087430661752179
vn 0.4617486132350435 0 0.8870108331782167
vn 0.7681739149643371 0.499999999999999 -0.3998860292237832
vn -0.7681739149643371 -0.499999999999999 0.3998860292237832
g Frond
f 204/604/151 207/603/151 205/602/151 202/601/151
f 203/608/152 204/607/152 202/606/152 201/605/152
f 208/612/153 203/611/153 201/610/153 206/609/153
f 207/616/154 208/615/154 206/614/154 205/613/154
f 206/620/155 201/619/155 202/618/155 205/617/155
f 207/624/156 204/623/156 203/622/156 208/621/156
o cube
v -0.1656769101671923 0.05959316071405585 -0.20043621729409106
v -0.26570039832711945 0.4172370172446411 -0.14836728507677868
v -0.1656769101671923 0.05959316071405585 -0.20043621729409106
v -0.26570039832711945 0.4172370172446411 -0.14836728507677868
v -0.03482609170959769 0.4172370172446408 0.2951381315123297
v 0.06519739645032949 0.059593160714055515 0.24306919929501736
v -0.03482609170959769 0.4172370172446408 0.2951381315123297
v 0.06519739645032949 0.059593160714055515 0.24306919929501736
vt 0 1
vt 0 1
vt 0 0.9375
vt 0 0.9375
vt 0 1
vt 0.03125 1
vt 0.03125 0.96875
vt 0 0.96875
vt 0 1
vt 0 1
vt 0 0.5625
vt 0 0.5625
vt 0 1
vt 0 1
vt 0 1
vt 0 1
vt 0 0.37303395262287375
vt 0.46874999999999994 0.37303395262287375
vt 0.46874999999999994 -0.0031456758034020815
vt 0 -0.0031456758034020815
vt 0 1
vt 0.0625 1
vt 0.0625 0.78125
vt 0 0.78125
vn -0.26672930175980597 0.9537169507482273 0.13885048591283314
vn -0.4617486132350435 0 -0.8870108331782167
vn 0.26672930175980597 -0.9537169507482273 -0.13885048591283314
vn 0.4617486132350435 0 0.8870108331782167
vn 0.8459572670993736 0.30070579950427195 -0.44037747942674815
vn -0.8459572670993736 -0.30070579950427195 0.44037747942674815
g Stem
f 212/628/157 215/627/157 213/626/157 210/625/157
f 211/632/158 212/631/158 210/630/158 209/629/158
f 216/636/159 211/635/159 209/634/159 214/633/159
f 215/640/160 216/639/160 214/638/160 213/637/160
f 214/644/161 209/643/161 210/642/161 213/641/161
f 215/648/162 212/647/162 211/646/162 216/645/162
o cube
v -0.5745904578275338 0.9334597766658553 0.012430702142110006
v -0.829399102730974 1.1745051302983078 0.1450756868745847
v -0.5745904578275338 0.9334597766658553 0.012430702142110006
v -0.829399102730974 1.1745051302983078 0.1450756868745847
v -0.5985247961134521 1.1745051302983076 0.5885811034636932
v -0.34371615121001214 0.933459776665855 0.4559361187312184
v -0.5985247961134521 1.1745051302983076 0.5885811034636932
v -0.34371615121001214 0.933459776665855 0.4559361187312184
vt 0 1
vt 0 1
vt 0 0.9375
vt 0 0.9375
vt 0 1
vt 0.03125 1
vt 0.03125 0.96875
vt 0 0.96875
vt 0 1
vt 0 1
vt 0 0.5625
vt 0 0.5625
vt 0 1
vt 0 1
vt 0 1
vt 0 1
vt 0 1
vt 0.46874999999999994 1
vt 0.46874999999999994 0.623820371573724
vt 0 0.623820371573724
vt 0 1
vt 0.0625 1
vt 0.0625 0.78125
vt 0 0.78125
vn -0.6794897197425069 0.64278760968654 0.3537199592865993
vn -0.46174861323504357 0 -0.8870108331782167
vn 0.6794897197425069 -0.64278760968654 -0.3537199592865993
vn 0.46174861323504357 0 0.8870108331782167
vn 0.5701595732246926 0.7660444431189772 -0.296806287377428
vn -0.5701595732246926 -0.7660444431189772 0.296806287377428
g Frond
f 220/652/163 223/651/163 221/650/163 218/649/163
f 219/656/164 220/655/164 218/654/164 217/653/164
f 224/660/165 219/659/165 217/658/165 222/657/165
f 223/664/166 224/663/166 222/662/166 221/661/166
f 222/668/167 217/667/167 218/666/167 221/665/167
f 223/672/168 220/671/168 219/670/168 224/669/168
o cube
v -0.18756584002482865 0.6075520389853075 0.5661297656447255
v -0.16575434225829486 0.7421507629685817 0.7756707928142393
v -0.18756584002482865 0.6075520389853075 0.5661297656447255
v -0.16575434225829486 0.7421507629685817 0.7756707928142393
v 0.33212840840913915 0.7308179452601753 0.7311249307099138
v 0.3103169106426054 0.5962192212769011 0.5215839035404001
v 0.33212840840913915 0.7308179452601753 0.7311249307099138
v 0.3103169106426054 0.5962192212769011 0.5215839035404001
vt 0 1
vt 0 1
vt 0 0.9375
vt 0 0.9375
vt 0 1
vt 0.03125 1
vt 0.03125 0.96875
vt 0 0.96875
vt 0 1
vt 0 1
vt 0 0.5625
vt 0 0.5625
vt 0 1
vt 0 1
vt 0 1
vt 0 1
vt 0 0.623820371573724
vt 0.46874999999999994 0.623820371573724
vt 0.46874999999999994 0.37303395262287375
vt 0 0.37303395262287375
vt 0 1
vt 0.0625 1
vt 0.0625 0.78125
vt 0 0.78125
vn 0.0872459910661351 0.5383948959330964 0.8381641086780548
vn -0.9957655013348685 0.022665635416812956 0.08909172420865089
vn -0.0872459910661351 -0.5383948959330964 -0.8381641086780548
vn 0.9957655013348685 -0.022665635416812956 -0.08909172420865089
vn -0.02896900747706195 0.8423877996530709 -0.5380925492900377
vn 0.02896900747706195 -0.8423877996530709 0.5380925492900377
g Frond
f 228/676/169 231/675/169 229/674/169 226/673/169
f 227/680/170 228/679/170 226/678/170 225/677/170
f 232/684/171 227/683/171 225/682/171 230/681/171
f 231/688/172 232/687/172 230/686/172 229/685/172
f 230/692/173 225/691/173 226/690/173 229/689/173
f 231/696/174 228/695/174 227/694/174 232/693/174
o cube
v -0.21790144298677805 0.3539192229743888 0.2915992391395143
v -0.18756765058779595 0.6076046882227859 0.5660961348603947
v -0.21790144298677805 0.3539192229743888 0.2915992391395143
v -0.18756765058779595 0.6076046882227859 0.5660961348603947
v 0.3103151000796381 0.5962718705143795 0.5215502727560692
v 0.279981307680656 0.3425864052659824 0.24705337703518887
v 0.3103151000796381 0.5962718705143795 0.5215502727560692
v 0.279981307680656 0.3425864052659824 0.24705337703518887
vt 0 1
vt 0 1
vt 0 0.9375
vt 0 0.9375
vt 0 1
vt 0.03125 1
vt 0.03125 0.96875
vt 0 0.96875
vt 0 1
vt 0 1
vt 0 0.5625
vt 0 0.5625
vt 0 1
vt 0 1
vt 0 1
vt 0 1
vt 0 0.37303395262287375
