# Made in Blockbench 4.12.3

o cube
v -0.8944702864097999 0.13353062500000018 0.05572098933910785
v -0.8944702864097998 0.13353062500000018 -0.07427901066089199
v -0.20384528640980004 0.13353062500000018 0.05572098933910796
v -0.20384528640979993 0.13353062500000018 -0.07427901066089188
v -0.8944702864097998 0.007593125000000214 -0.07427901066089199
v -0.8944702864097999 0.007593125000000214 0.05572098933910785
v -0.20384528640979993 0.0075931250000002 -0.07427901066089188
v -0.20384528640980004 0.0075931250000002 0.05572098933910796
vt 0 1
vt 0.19375 1
vt 0.19375 0
vt 0 0
vt 0 1
vt 0.2 1
vt 0.2 0
vt 0 0
vt 0 1
vt 0.19375 1
vt 0.19375 0
vt 0 0
vt 0 1
vt 0.2 1
vt 0.2 0
vt 0 0
vt 0 1
vt 1 1
vt 1 0
vt 0 0
vt 0 1
vt 0.19375 1
vt 0.19375 0.8
vt 0 0.8
vn 0 0 -1
vn 0 1 0
vn 0 0 1
vn 0 -1 0
vn -1 0 0
vn 1 0 0
g Side
f 4/4/1 7/3/1 5/2/1 2/1/1
f 3/8/2 4/7/2 2/6/2 1/5/2
f 8/12/3 3/11/3 1/10/3 6/9/3
f 7/16/4 8/15/4 6/14/4 5/13/4
g Top
f 6/20/5 1/19/5 2/18/5 5/17/5
g Side
f 7/24/6 4/23/6 3/22/6 8/21/6
o cube
v -0.31135711555877243 0.1274368750000004 -0.007392305390094389
v -0.23092371919880264 0.12743687500000034 -0.08782570175006421
v 0.17698850519818687 0.12743687500000023 0.4809533153668648
v 0.2574219015581567 0.1274368750000002 0.4005199190068951
v -0.2309237191988027 0.013686875000000376 -0.08782570175006421
v -0.3113571155587725 0.013686875000000404 -0.007392305390094389
v 0.2574219015581567 0.013686875000000237 0.4005199190068951
v 0.17698850519818687 0.013686875000000265 0.4809533153668648
vt 0 1
vt 0.175 1
vt 0.175 0
vt 0 0
vt 0 1
vt 0.175 1
vt 0.175 0
vt 0 0
vt 0 1
vt 0.175 1
vt 0.175 0
vt 0 0
vt 0 1
vt 0.175 1
vt 0.175 0
vt 0 0
vt 0 1
vt 0.175 1
vt 0.175 0.825
vt 0 0.825
vt 0 1
vt 0.175 1
vt 0.175 0.825
vt 0 0.825
vn 0.7071067811865476 0 -0.7071067811865476
vn 0 1 0
vn -0.7071067811865476 0 0.7071067811865476
vn 0 -1 0
vn -0.7071067811865475 0 -0.7071067811865476
vn 0.7071067811865475 0 0.7071067811865476
g Side
f 12/28/7 15/27/7 13/26/7 10/25/7
f 11/32/8 12/31/8 10/30/8 9/29/8
f 16/36/9 11/35/9 9/34/9 14/33/9
f 15/40/10 16/39/10 14/38/10 13/37/10
f 14/44/11 9/43/11 10/42/11 13/41/11
f 15/48/12 12/47/12 11/46/12 16/45/12
o cube
v 0.16262531275137532 0.10712437500000027 0.46484820158399137
v 0.16262531275137532 0.10712437500000027 0.3917232015839913
v 0.8532503127513754 0.10712437500000024 0.4648482015839915
v 0.8532503127513754 0.10712437500000024 0.39172320158399143
v 0.16262531275137532 0.033999375000000276 0.3917232015839913
v 0.16262531275137532 0.033999375000000276 0.46484820158399137
v 0.8532503127513754 0.03399937500000026 0.39172320158399143
v 0.8532503127513754 0.03399937500000026 0.4648482015839915
vt 0 1
vt 0.1125 1
vt 0.1125 0
vt 0 0
vt 0 1
vt 0.1125 1
vt 0.1125 0
vt 0 0
vt 0 1
vt 0.1125 1
vt 0.1125 0
vt 0 0
vt 0 1
vt 0.1125 1
vt 0.1125 0
vt 0 0
vt 0 1
vt 0.1125 1
vt 0.1125 0.8875
vt 0 0.8875
vt 0 1
vt 0.1125 1
vt 0.1125 0.8875
vt 0 0.8875
vn 0 0 -1
vn 0 1 0
vn 0 0 1
vn 0 -1 0
vn -1 0 0
vn 1 0 0
g Side
f 20/52/13 23/51/13 21/50/13 18/49/13
f 19/56/14 20/55/14 18/54/14 17/53/14
f 24/60/15 19/59/15 17/58/15 22/57/15
f 23/64/16 24/63/16 22/62/16 21/61/16
f 22/68/17 17/67/17 18/66/17 21/65/17
f 23/72/18 20/71/18 19/70/18 24/69/18
o cube
v -0.1412237403916551 0.11728062500000025 -0.009306321628287137
v -0.20729403025877333 0.11728062500000026 -0.07537661149540537
v 0.11731217647967646 0.11728062500000024 -0.2678422384996186
v 0.051241886612558185 0.11728062500000025 -0.33391252836673685
v -0.20729403025877333 0.01368687500000032 -0.07537661149540537
v -0.1412237403916551 0.01368687500000032 -0.009306321628287137
v 0.051241886612558185 0.01368687500000032 -0.33391252836673685
v 0.11731217647967646 0.01368687500000032 -0.2678422384996186
vt 0 1
vt 0.159375 1
vt 0.159375 0.4375
vt 0 0.4375
vt 0 1
vt 0.14375 1
vt 0.14375 0.4375
vt 0 0.4375
vt 0 1
vt 0.159375 1
vt 0.159375 0.4375
vt 0 0.4375
vt 0 1
vt 0.14375 1
vt 0.14375 0.4375
vt 0 0.4375
vt 0 1
vt 0.159375 1
vt 0.159375 0.85625
vt 0 0.85625
vt 0 1
vt 0.159375 1
vt 0.159375 0.85625
vt 0 0.85625
vn -0.7071067811865475 0 -0.7071067811865477
vn 0 1 0
vn 0.7071067811865475 0 0.7071067811865477
vn 0 -1 0
vn -0.7071067811865476 0 0.7071067811865475
vn 0.7071067811865476 0 -0.7071067811865475
g Side
f 28/76/19 31/75/19 29/74/19 26/73/19
f 27/80/20 28/79/20 26/78/20 25/77/20
f 32/84/21 27/83/21 25/82/21 30/81/21
f 31/88/22 32/87/22 30/86/22 29/85/22
f 30/92/23 25/91/23 26/90/23 29/89/23
f 31/96/24 28/95/24 27/94/24 32/93/24
o cube
v 0.05124167999196466 0.09696812500000046 -0.2506314080810557
v 0.05124167999196466 0.09696812500000046 -0.32375640808105577
v 0.41686667999196425 0.09696812500000045 -0.25063140808105566
v 0.41686667999196425 0.09696812500000045 -0.3237564080810557
v 0.05124167999196466 0.02384312500000038 -0.32375640808105577
v 0.05124167999196466 0.02384312500000038 -0.2506314080810557
v 0.41686667999196425 0.023843125000000354 -0.3237564080810557
v 0.41686667999196425 0.023843125000000354 -0.25063140808105566
vt 0 1
vt 0.1125 1
vt 0.1125 0.4375
vt 0 0.4375
vt 0 1
vt 0.1125 1
vt 0.1125 0.4375
vt 0 0.4375
vt 0 1
vt 0.1125 1
vt 0.1125 0.4375
vt 0 0.4375
vt 0 1
vt 0.1125 1
vt 0.1125 0.4375
vt 0 0.4375
vt 0 1
vt 0.1125 1
vt 0.1125 0.8875
vt 0 0.8875
vt 0 1
vt 0.1125 1
vt 0.1125 0.8875
vt 0 0.8875
vn 0 0 -1
vn 0 1 0
vn 0 0 1
vn 0 -1 0
vn -1 0 0
vn 1 0 0
g Side
f 36/100/25 39/99/25 37/98/25 34/97/25
f 35/104/26 36/103/26 34/102/26 33/101/26
f 40/108/27 35/107/27 33/106/27 38/105/27
f 39/112/28 40/111/28 38/110/28 37/109/28
f 38/116/29 33/115/29 34/114/29 37/113/29
f 39/120/30 36/119/30 35/118/30 40/117/30
o cube
v 0.40393979431796245 0.08681187499999996 -0.2792307789322043
v 0.36659571743654795 0.08681187499999996 -0.3165748558136188
v 0.6624757111892939 0.08681187499999996 -0.5377666958035359
v 0.6251316343078795 0.08681187499999996 -0.5751107726849503
v 0.36659571743654795 0.033999375000000054 -0.3165748558136188
v 0.40393979431796245 0.033999375000000026 -0.2792307789322043
v 0.6251316343078795 0.033999375000000026 -0.5751107726849503
v 0.6624757111892939 0.033999375 -0.5377666958035359
vt 0 1
vt 0.08125 1
vt 0.08125 0.4375
vt 0 0.4375
vt 0 1
vt 0.08125 1
vt 0.08125 0.4375
vt 0 0.4375
vt 0 1
vt 0.08125 1
vt 0.08125 0.4375
vt 0 0.4375
vt 0 1
vt 0.08125 1
vt 0.08125 0.4375
vt 0 0.4375
vt 0 1
vt 0.08125 1
vt 0.08125 0.91875
vt 0 0.91875
vt 0 1
vt 0.08125 1
vt 0.08125 0.91875
vt 0 0.91875
vn -0.7071067811865475 0 -0.7071067811865477
vn 0 1 0
vn 0.7071067811865475 0 0.7071067811865477
vn 0 -1 0
vn -0.7071067811865476 0 0.7071067811865475
vn 0.7071067811865476 0 -0.7071067811865475
g Side
f 44/124/31 47/123/31 45/122/31 42/121/31
f 43/128/32 44/127/32 42/126/32 41/125/32
f 48/132/33 43/131/33 41/130/33 46/129/33
f 47/136/34 48/135/34 46/134/34 45/133/34
f 46/140/35 41/139/35 42/138/35 45/137/35
f 47/144/36 44/143/36 43/142/36 48/141/36
o cube
v 0.36044217805051104 0.10984018194785564 -0.2671329852062866
v 0.39778625493192554 0.08343393194785567 -0.29353923520628655
v 0.6189780949218425 0.2926526819478556 -0.08432048520628654
v 0.656322171803257 0.26624643194785563 -0.11072673520628651
v 0.39778625493192554 0.04608985506644118 -0.25619515832487205
v 0.36044217805051104 0.07249610506644114 -0.22978890832487212
v 0.656322171803257 0.22890235506644113 -0.07338265832487201
v 0.6189780949218425 0.2553086050664411 -0.04697640832487204
vt 0 1
vt 0.08125 1
vt 0.08125 0.4375
vt 0 0.4375
vt 0 1
vt 0.08125 1
vt 0.08125 0.4375
vt 0 0.4375
vt 0 1
vt 0.08125 1
vt 0.08125 0.4375
vt 0 0.4375
vt 0 1
vt 0.08125 1
vt 0.08125 0.4375
vt 0 0.4375
vt 0 1
vt 0.08125 1
vt 0.08125 0.91875
vt 0 0.91875
vt 0 1
vt 0.08125 1
vt 0.08125 0.91875
vt 0 0.91875
vn 0.7071067811865475 -0.5 -0.5
vn 0 0.7071067811865477 -0.7071067811865475
vn -0.7071067811865475 0.5 0.5
vn 0 -0.7071067811865477 0.7071067811865475
vn -0.7071067811865475 -0.4999999999999999 -0.5000000000000003
vn 0.7071067811865475 0.4999999999999999 0.5000000000000003
g Side
f 52/148/37 55/147/37 53/146/37 50/145/37
f 51/152/38 52/151/38 50/150/38 49/149/38
f 56/156/39 51/155/39 49/154/39 54/153/39
f 55/160/40 56/159/40 54/158/40 53/157/40
f 54/164/41 49/163/41 50/162/41 53/161/41
f 55/168/42 52/167/42 51/166/42 56/165/42
o cube
v 0.6189781460079083 0.29265276877020097 -0.08432061718066036
v 0.6189781460079083 0.25530869188878647 -0.12166469406207486
v 0.9846031460079083 0.2926527687702009 -0.08432061718066028
v 0.9846031460079083 0.2553086918887864 -0.12166469406207478
v 0.6189781460079083 0.21796461500737196 -0.08432061718066038
v 0.6189781460079083 0.25530869188878647 -0.04697654029924589
v 0.9846031460079083 0.21796461500737194 -0.0843206171806603
v 0.9846031460079083 0.2553086918887864 -0.04697654029924581
vt 0 1
vt 0.08125 1
vt 0.08125 0.4375
vt 0 0.4375
vt 0 1
vt 0.08125 1
vt 0.08125 0.4375
vt 0 0.4375
vt 0 1
vt 0.08125 1
vt 0.08125 0.4375
vt 0 0.4375
vt 0 1
vt 0.08125 1
vt 0.08125 0.4375
vt 0 0.4375
vt 0 1
vt 0.08125 1
vt 0.08125 0.91875
vt 0 0.91875
vt 0 1
vt 0.08125 1
vt 0.08125 0.91875
vt 0 0.91875
vn 0 -0.7071067811865475 -0.7071067811865478
vn 0 0.7071067811865477 -0.7071067811865476
vn 0 0.7071067811865475 0.7071067811865478
vn 0 -0.7071067811865477 0.7071067811865476
vn -1 0 0
vn 1 0 0
g Side
f 60/172/43 63/171/43 61/170/43 58/169/43
f 59/176/44 60/175/44 58/174/44 57/173/44
f 64/180/45 59/179/45 57/178/45 62/177/45
f 63/184/46 64/183/46 62/182/46 61/181/46
f 62/188/47 57/187/47 58/186/47 61/185/47
f 63/192/48 60/191/48 59/190/48 64/189/48
o cube
v 0.29888493983707676 0.10062219231468456 0.4467884851799991
v 0.29888493983707676 0.10062219231468456 0.39397598517999916
v 0.4425160047655943 0.24425325724320202 0.4467884851799991
v 0.4425160047655943 0.24425325724320202 0.39397598517999916
v 0.33622901671849115 0.0632781154332701 0.39397598517999916
v 0.33622901671849115 0.06327811543327011 0.4467884851799991
v 0.47986008164700866 0.20690918036178757 0.3939759851799992
v 0.47986008164700866 0.20690918036178757 0.44678848517999914
vt 0 1
vt 0.08125 1
vt 0.08125 0.6875
vt 0 0.6875
vt 0 1
vt 0.08125 1
vt 0.08125 0.6875
vt 0 0.6875
vt 0 1
vt 0.08125 1
vt 0.08125 0.6875
vt 0 0.6875
vt 0 1
vt 0.08125 1
vt 0.08125 0.6875
vt 0 0.6875
vt 0 1
vt 0.08125 1
vt 0.08125 0.91875
vt 0 0.91875
vt 0 1
vt 0.08125 1
vt 0.08125 0.91875
vt 0 0.91875
vn 0 0 -1
vn -0.7071067811865475 0.7071067811865476 0
vn 0 0 1
vn 0.7071067811865475 -0.7071067811865476 0
vn -0.7071067811865476 -0.7071067811865475 0
vn 0.7071067811865476 0.7071067811865475 0
g Side
f 68/196/49 71/195/49 69/194/49 66/193/49
f 67/200/50 68/199/50 66/198/50 65/197/50
f 72/204/51 67/203/51 65/202/51 70/201/51
f 71/208/52 72/207/52 70/206/52 69/205/52
f 70/212/53 65/211/53 66/210/53 69/209/53
f 71/216/54 68/215/54 67/214/54 72/213/54
