# Made in Blockbench 4.12.3

o cube
v 0.12562500000000001 0.30264304080972876 0.31733154945079295
v 0.12562500000000001 0.16805938503160955 0.15694099417275692
v 0.12562500000000001 0.30264304080972876 0.31733154945079295
v 0.12562500000000001 0.16805938503160955 0.15694099417275692
v -0.12562500000000001 0.16805938503160955 0.15694099417275692
v -0.12562500000000001 0.30264304080972876 0.31733154945079295
v -0.12562500000000001 0.16805938503160955 0.15694099417275692
v -0.12562500000000001 0.30264304080972876 0.31733154945079295
vt 0 1
vt 0.1875 1
vt 0.1875 1
vt 0 1
vt 0 1
vt 0.15625 1
vt 0.15625 1
vt 0 1
vt 0 1
vt 0.1875 1
vt 0.1875 1
vt 0 1
vt 0 1
vt 0.15625 1
vt 0.15625 1
vt 0 1
vt 0 1
vt 0 1
vt 0 1
vt 0 1
vt 0.0625 0.5625
vt 0.40625 0.5625
vt 0.40625 0.28125
vt 0.0625 0.28125
vn 0 -0.6427876096865394 -0.766044443118978
vn 1 0 0
vn 0 0.6427876096865394 0.766044443118978
vn -1 0 0
vn 0 0.766044443118978 -0.6427876096865394
vn 0 -0.766044443118978 0.6427876096865394
g Frond
f 4/4/1 7/3/1 5/2/1 2/1/1
f 3/8/2 4/7/2 2/6/2 1/5/2
f 8/12/3 3/11/3 1/10/3 6/9/3
f 7/16/4 8/15/4 6/14/4 5/13/4
f 6/20/5 1/19/5 2/18/5 5/17/5
f 7/24/6 4/23/6 3/22/6 8/21/6
o cube
v 0 0.20640870764290709 0.3980817429176644
v 0 0.07182505186478788 0.23769118763962838
v 0 0.20640870764290709 0.3980817429176644
v 0 0.07182505186478788 0.23769118763962838
v 0 0.26429371819843117 0.07619080070588542
v 0 0.3988773739765503 0.2365813559839215
v 0 0.26429371819843117 0.07619080070588542
v 0 0.3988773739765503 0.2365813559839215
vt 0 1
vt 0.1875 1
vt 0.1875 1
vt 0 1
vt 0 1
vt 0.15625 1
vt 0.15625 1
vt 0 1
vt 0 1
vt 0.1875 1
vt 0.1875 1
vt 0 1
vt 0 1
vt 0.15625 1
vt 0.15625 1
vt 0 1
vt 0 1
vt 0 1
vt 0 1
vt 0 1
vt 0.0625 0.5625
vt 0.40625 0.5625
vt 0.40625 0.28125
vt 0.0625 0.28125
vn 0 -0.6427876096865391 -0.7660444431189782
vn 0 -0.7660444431189782 0.6427876096865393
vn 0 0.6427876096865391 0.7660444431189782
vn 0 0.7660444431189782 -0.6427876096865393
vn 1 0 0
vn -1 0 0
g Frond
f 12/28/7 15/27/7 13/26/7 10/25/7
f 11/32/8 12/31/8 10/30/8 9/29/8
f 16/36/9 11/35/9 9/34/9 14/33/9
f 15/40/10 16/39/10 14/38/10 13/37/10
f 14/44/11 9/43/11 10/42/11 13/41/11
f 15/48/12 12/47/12 11/46/12 16/45/12
o cube
v 0.12562500000000001 0.16806597125813824 0.15694729911302546
v 0.12562500000000001 0.0019576156346608475 0.029487874914324537
v 0.12562500000000001 0.16806597125813824 0.15694729911302546
v 0.12562500000000001 0.0019576156346608475 0.029487874914324537
v -0.12562500000000001 0.0019576156346608475 0.029487874914324537
v -0.12562500000000001 0.16806597125813824 0.15694729911302546
v -0.12562500000000001 0.0019576156346608475 0.029487874914324537
v -0.12562500000000001 0.16806597125813824 0.15694729911302546
vt 0 1
vt 0.1875 1
vt 0.1875 1
vt 0 1
vt 0 1
vt 0.15625 1
vt 0.15625 1
vt 0 1
vt 0 1
vt 0.1875 1
vt 0.1875 1
vt 0 1
vt 0 1
vt 0.15625 1
vt 0.15625 1
vt 0 1
vt 0 1
vt 0 1
vt 0 1
vt 0 1
vt 0.0625 0.28125
vt 0.40625 0.28125
vt 0.40625 0
vt 0.0625 0
vn 0 -0.7933533402912352 -0.6087614290087207
vn 1 0 0
vn 0 0.7933533402912352 0.6087614290087207
vn -1 0 0
vn 0 0.6087614290087207 -0.7933533402912352
vn 0 -0.6087614290087207 0.7933533402912352
g Frond
f 20/52/13 23/51/13 21/50/13 18/49/13
f 19/56/14 20/55/14 18/54/14 17/53/14
f 24/60/15 19/59/15 17/58/15 22/57/15
f 23/64/16 24/63/16 22/62/16 21/61/16
f 22/68/17 17/67/17 18/66/17 21/65/17
f 23/72/18 20/71/18 19/70/18 24/69/18
o cube
v 0 0.09159031673891771 0.25661231248711186
v 0 -0.0745180388845597 0.12915288828841098
v 0 0.09159031673891771 0.25661231248711186
v 0 -0.0745180388845597 0.12915288828841098
v 0 0.0784332701538814 -0.07017713845976188
v 0 0.24454162577735877 0.05728228573893902
v 0 0.0784332701538814 -0.07017713845976188
v 0 0.24454162577735877 0.05728228573893902
vt 0 1
vt 0.1875 1
vt 0.1875 1
vt 0 1
vt 0 1
vt 0.15625 1
vt 0.15625 1
vt 0 1
vt 0 1
vt 0.1875 1
vt 0.1875 1
vt 0 1
vt 0 1
vt 0.15625 1
vt 0.15625 1
vt 0 1
vt 0 1
vt 0 1
vt 0 1
vt 0 1
vt 0.0625 0.28125
vt 0.40625 0.28125
vt 0.40625 0
vt 0.0625 0
vn 0 -0.7933533402912352 -0.6087614290087207
vn 0 -0.6087614290087207 0.7933533402912352
vn 0 0.7933533402912352 0.6087614290087207
vn 0 0.6087614290087207 -0.7933533402912352
vn 1 0 0
vn -1 0 0
g Frond
f 28/76/19 31/75/19 29/74/19 26/73/19
f 27/80/20 28/79/20 26/78/20 25/77/20
f 32/84/21 27/83/21 25/82/21 30/81/21
f 31/88/22 32/87/22 30/86/22 29/85/22
f 30/92/23 25/91/23 26/90/23 29/89/23
f 31/96/24 28/95/24 27/94/24 32/93/24
o cube
v 0.12562500000000001 0.526479620053219 0.5224404708016209
v 0.12562500000000001 0.30264682858102027 0.317335506208304
v 0.12562500000000001 0.526479620053219 0.5224404708016209
v 0.12562500000000001 0.30264682858102027 0.317335506208304
v -0.12562500000000001 0.30264682858102027 0.317335506208304
v -0.12562500000000001 0.526479620053219 0.5224404708016209
v -0.12562500000000001 0.30264682858102027 0.317335506208304
v -0.12562500000000001 0.526479620053219 0.5224404708016209
vt 0 1
vt 0.1875 1
vt 0.1875 1
vt 0 1
vt 0 1
vt 0.15625 1
vt 0.15625 1
vt 0 1
vt 0 1
vt 0.1875 1
vt 0.1875 1
vt 0 1
vt 0 1
vt 0.15625 1
vt 0.15625 1
vt 0 1
vt 0 1
vt 0.0625 1
vt 0.0625 0.90625
vt 0 0.90625
vt 0.0625 1
vt 0.40625 1
vt 0.40625 0.5625
vt 0.0625 0.5625
vn 0 -0.7372773368101241 -0.6755902076156604
vn 1 0 0
vn 0 0.7372773368101241 0.6755902076156604
vn -1 0 0
vn 0 0.6755902076156604 -0.7372773368101241
vn 0 -0.6755902076156604 0.7372773368101241
g Frond
f 36/100/25 39/99/25 37/98/25 34/97/25
f 35/104/26 36/103/26 34/102/26 33/101/26
f 40/108/27 35/107/27 33/106/27 38/105/27
f 39/112/28 40/111/28 38/110/28 37/109/28
f 38/116/29 33/115/29 34/114/29 37/113/29
f 39/120/30 36/119/30 35/118/30 40/117/30
o cube
v 0 0.44160860022150167 0.6150609362383928
v 0 0.21777580874930297 0.40995597164507586
v 0 0.44160860022150167 0.6150609362383928
v 0 0.21777580874930297 0.40995597164507586
v 0 0.38751784841273756 0.22471504077153218
v 0 0.6113506398849363 0.42982000536484916
v 0 0.38751784841273756 0.22471504077153218
v 0 0.6113506398849363 0.42982000536484916
vt 0 1
vt 0.1875 1
vt 0.1875 1
vt 0 1
vt 0 1
vt 0.15625 1
vt 0.15625 1
vt 0 1
vt 0 1
vt 0.1875 1
vt 0.1875 1
vt 0 1
vt 0 1
vt 0.15625 1
vt 0.15625 1
vt 0 1
vt 0 1
vt 0.0625 1
vt 0.0625 0.90625
vt 0 0.90625
vt 0.0625 1
vt 0.40625 1
vt 0.40625 0.5625
vt 0.0625 0.5625
vn 0 -0.7372773368101241 -0.6755902076156604
vn 0 -0.6755902076156604 0.737277336810124
vn 0 0.7372773368101241 0.6755902076156604
vn 0 0.6755902076156604 -0.737277336810124
vn 1 0 0
vn -1 0 0
g Frond
f 44/124/31 47/123/31 45/122/31 42/121/31
f 43/128/32 44/127/32 42/126/32 41/125/32
f 48/132/33 43/131/33 41/130/33 46/129/33
f 47/136/34 48/135/34 46/134/34 45/133/34
f 46/140/35 41/139/35 42/138/35 45/137/35
f 47/144/36 44/143/36 43/142/36 48/141/36
o cube
v -0.24888984122380592 0.32853806618998294 0.19087378032296407
v -0.1043487464914615 0.1804875838790493 0.15882979108823556
v -0.24888984122380592 0.32853806618998294 0.19087378032296407
v -0.1043487464914615 0.1804875838790493 0.15882979108823556
v -0.15872919949341008 0.18048758387904942 -0.08646458070064766
v -0.3032702942257545 0.32853806618998305 -0.05442059146591917
v -0.15872919949341008 0.18048758387904942 -0.08646458070064766
v -0.3032702942257545 0.32853806618998305 -0.05442059146591917
vt 0 1
vt 0.1875 1
vt 0.1875 1
vt 0 1
vt 0 1
vt 0.15625 1
vt 0.15625 1
vt 0 1
vt 0 1
vt 0.1875 1
vt 0.1875 1
vt 0 1
vt 0 1
vt 0.15625 1
vt 0.15625 1
vt 0 1
vt 0 1
vt 0 1
vt 0 1
vt 0 1
vt 0.0625 0.5625
vt 0.40625 0.5625
vt 0.40625 0.28125
vt 0.0625 0.28125
vn 0.6903455270798537 -0.7071067811865485 -0.15304591873303167
vn 0.21643961393810374 0 0.9762960071199331
vn -0.6903455270798537 0.7071067811865485 0.15304591873303167
vn -0.21643961393810374 0 -0.9762960071199331
vn 0.6903455270798556 0.7071067811865467 -0.15304591873303147
vn -0.6903455270798556 -0.7071067811865467 0.15304591873303147
g Frond
f 52/148/37 55/147/37 53/146/37 50/145/37
f 51/152/38 52/151/38 50/150/38 49/149/38
f 56/156/39 51/155/39 49/154/39 54/153/39
f 55/160/40 56/159/40 54/158/40 53/157/40
f 54/164/41 49/163/41 50/162/41 53/161/41
f 55/168/42 52/167/42 51/166/42 56/165/42
o cube
v -0.36280472456418705 0.23970777680342306 0.08745298796935944
v -0.21826362983184264 0.09165729449248944 0.055408998734631024
v -0.36280472456418705 0.23970777680342306 0.08745298796935944
v -0.21826362983184264 0.09165729449248944 0.055408998734631024
v -0.04481431615302896 0.2693178732656093 0.016956211652956722
v -0.1893554108853734 0.4173683555765429 0.04900020088768514
v -0.04481431615302896 0.2693178732656093 0.016956211652956722
v -0.1893554108853734 0.4173683555765429 0.04900020088768514
vt 0 1
vt 0.1875 1
vt 0.1875 1
vt 0 1
vt 0 1
vt 0.15625 1
vt 0.15625 1
vt 0 1
vt 0 1
vt 0.1875 1
vt 0.1875 1
vt 0 1
vt 0 1
vt 0.15625 1
vt 0.15625 1
vt 0 1
vt 0 1
vt 0 1
vt 0 1
vt 0 1
vt 0.0625 0.5625
vt 0.40625 0.5625
vt 0.40625 0.28125
vt 0.0625 0.28125
vn 0.6903455270798539 -0.7071067811865485 -0.1530459187330313
vn -0.6903455270798555 -0.7071067811865466 0.15304591873303205
vn -0.6903455270798539 0.7071067811865485 0.1530459187330313
vn 0.6903455270798555 0.7071067811865466 -0.15304591873303205
vn 0.21643961393810385 0 0.9762960071199331
vn -0.21643961393810385 0 -0.9762960071199331
g Frond
f 60/172/43 63/171/43 61/170/43 58/169/43
f 59/176/44 60/175/44 58/174/44 57/173/44
f 64/180/45 59/179/45 57/178/45 62/177/45
f 63/184/46 64/183/46 62/182/46 61/181/46
f 62/188/47 57/187/47 58/186/47 61/185/47
f 63/192/48 60/191/48 59/190/48 64/189/48
o cube
v -0.1043543181352585 0.18049469455474976 0.1588310262919275
v 0.005476156774613879 0.003909610587676669 0.1344821962088693
v -0.1043543181352585 0.18049469455474976 0.1588310262919275
v 0.005476156774613879 0.003909610587676669 0.1344821962088693
v -0.04890429622733469 0.003909610587676766 -0.11081217558001391
v -0.15873477113720705 0.18049469455474987 -0.08646334549695571
v -0.04890429622733469 0.003909610587676766 -0.11081217558001391
v -0.15873477113720705 0.18049469455474987 -0.08646334549695571
vt 0 1
vt 0.1875 1
vt 0.1875 1
vt 0 1
vt 0 1
vt 0.15625 1
vt 0.15625 1
vt 0 1
vt 0 1
vt 0.1875 1
vt 0.1875 1
vt 0 1
vt 0 1
vt 0.15625 1
vt 0.15625 1
vt 0 1
vt 0 1
vt 0 1
vt 0 1
vt 0 1
vt 0.0625 0.28125
vt 0.40625 0.28125
vt 0.40625 0
vt 0.0625 0
vn 0.524563462256107 -0.8433914458128865 -0.11629291979968101
vn 0.21643961393810376 0 0.9762960071199331
vn -0.524563462256107 0.8433914458128865 0.11629291979968101
vn -0.21643961393810376 0 -0.9762960071199331
vn 0.8233997009862285 0.5372996083468228 -0.18254331893044007
vn -0.8233997009862285 -0.5372996083468228 0.18254331893044007
g Frond
f 68/196/49 71/195/49 69/194/49 66/193/49
f 67/200/50 68/199/50 66/198/50 65/197/50
f 72/204/51 67/203/51 65/202/51 70/201/51
f 71/208/52 72/207/52 70/206/52 69/205/52
f 70/212/53 65/211/53 66/210/53 69/209/53
f 71/216/54 68/215/54 67/214/54 72/213/54
o cube
v -0.23498413207262772 0.11299643125618018 0.05911584483812246
v -0.12515365716275534 -0.0635886527108929 0.03476701475506426
v -0.23498413207262772 0.11299643125618018 0.05911584483812246
v -0.12515365716275534 -0.0635886527108929 0.03476701475506426
v 0.08172551771003456 0.07140787388624634 -0.011096994126208867
v -0.028104957199837834 0.24799295785331943 0.01325183595684933
v 0.08172551771003456 0.07140787388624634 -0.011096994126208867
v -0.028104957199837834 0.24799295785331943 0.01325183595684933
vt 0 1
vt 0.1875 1
vt 0.1875 1
vt 0 1
vt 0 1
vt 0.15625 1
vt 0.15625 1
vt 0 1
vt 0 1
vt 0.1875 1
vt 0.1875 1
vt 0 1
vt 0 1
vt 0.15625 1
vt 0.15625 1
vt 0 1
vt 0 1
vt 0 1
vt 0 1
vt 0 1
vt 0.0625 0.28125
vt 0.40625 0.28125
vt 0.40625 0
vt 0.0625 0
vn 0.524563462256107 -0.8433914458128864 -0.11629291979968098
vn -0.8233997009862285 -0.5372996083468228 0.1825433189304403
vn -0.524563462256107 0.8433914458128864 0.11629291979968098
vn 0.8233997009862285 0.5372996083468228 -0.1825433189304403
vn 0.21643961393810396 0 0.9762960071199331
vn -0.21643961393810396 0 -0.9762960071199331
g Frond
f 76/220/55 79/219/55 77/218/55 74/217/55
f 75/224/56 76/223/56 74/222/56 73/221/56
f 80/228/57 75/227/57 73/226/57 78/225/57
f 79/232/58 80/231/58 78/230/58 77/229/58
f 78/236/59 73/235/59 74/234/59 77/233/59
f 79/240/60 76/239/60 75/238/60 80/237/60
o cube
v -0.4759407668135447 0.5236818990535453 0.24120975867434868
v -0.2488872117018864 0.3285355981752722 0.19087319737198918
v -0.4759407668135447 0.5236818990535453 0.24120975867434868
v -0.2488872117018864 0.3285355981752722 0.19087319737198918
v -0.3032676647038349 0.32853559817527234 -0.054421174416893994
v -0.5303212198154932 0.5236818990535455 -0.004084613114534483
v -0.3032676647038349 0.32853559817527234 -0.054421174416893994
v -0.5303212198154932 0.5236818990535455 -0.004084613114534483
vt 0 1
vt 0.1875 1
vt 0.1875 1
vt 0 1
vt 0 1
vt 0.15625 1
vt 0.15625 1
vt 0 1
vt 0 1
vt 0.1875 1
vt 0.1875 1
vt 0 1
vt 0 1
vt 0.15625 1
vt 0.15625 1
vt 0 1
vt 0 1
vt 0.0625 1
vt 0.0625 0.90625
vt 0 0.90625
vt 0.0625 1
vt 0.40625 1
vt 0.40625 0.5625
vt 0.0625 0.5625
vn 0.7478861310934702 -0.6427876096865403 -0.16580236352810135
vn 0.21643961393810376 0 0.9762960071199331
vn -0.7478861310934702 0.6427876096865403 0.16580236352810135
vn -0.21643961393810376 0 -0.9762960071199331
vn 0.6275509767631355 0.7660444431189773 -0.13912470208475103
vn -0.6275509767631355 -0.7660444431189773 0.13912470208475103
g Frond
f 84/244/61 87/243/61 85/242/61 82/241/61
f 83/248/62 84/247/62 82/246/62 81/245/62
f 88/252/63 83/251/63 81/250/63 86/249/63
f 87/256/64 88/255/64 86/254/64 85/253/64
f 86/260/65 81/259/65 82/258/65 85/257/65
f 87/264/66 84/263/66 83/262/66 88/261/66
o cube
v -0.5819670847703875 0.4274475658867244 0.13604011347930398
v -0.35491352965872947 0.2323012650084511 0.0857035521769445
v -0.5819670847703875 0.4274475658867244 0.13604011347930398
v -0.35491352965872947 0.2323012650084511 0.0857035521769445
v -0.19724134674699154 0.42476993134209395 0.05074847077815063
v -0.4242949018586496 0.6199162322203673 0.10108503208051012
v -0.19724134674699154 0.42476993134209395 0.05074847077815063
v -0.4242949018586496 0.6199162322203673 0.10108503208051012
vt 0 1
vt 0.1875 1
vt 0.1875 1
vt 0 1
vt 0 1
vt 0.15625 1
vt 0.15625 1
vt 0 1
vt 0 1
vt 0.1875 1
vt 0.1875 1
vt 0 1
vt 0 1
vt 0.15625 1
vt 0.15625 1
vt 0 1
vt 0 1
vt 0.0625 1
vt 0.0625 0.90625
vt 0 0.90625
vt 0.0625 1
vt 0.40625 1
vt 0.40625 0.5625
vt 0.0625 0.5625
vn 0.7478861310934698 -0.642787609686541 -0.1658023635281013
vn -0.6275509767631361 -0.7660444431189768 0.13912470208475158
vn -0.7478861310934698 0.642787609686541 0.1658023635281013
vn 0.6275509767631361 0.7660444431189768 -0.13912470208475158
vn 0.2164396139381041 0 0.9762960071199331
vn -0.2164396139381041 0 -0.9762960071199331
g Frond
f 92/268/67 95/267/67 93/266/67 90/265/67
f 91/272/68 92/271/68 90/270/68 89/269/68
f 96/276/69 91/275/69 89/274/69 94/273/69
f 95/280/70 96/279/70 94/278/70 93/277/70
f 94/284/71 89/283/71 90/282/71 93/281/71
f 95/288/72 92/287/72 91/286/72 96/285/72
o cube
v -0.1945306392235112 0.3819642099599246 -0.13434344563348527
v -0.15147986076054593 0.20537912599285246 -0.030409672397473147
v -0.1945306392235112 0.3819642099599246 -0.13434344563348527
v -0.15147986076054593 0.20537912599285246 -0.030409672397473147
v 0.08064487178291528 0.20537912599285224 -0.1265588847792008
v 0.03759409331995001 0.38196420995992436 -0.23049265801521296
v 0.08064487178291528 0.20537912599285224 -0.1265588847792008
v 0.03759409331995001 0.38196420995992436 -0.23049265801521296
vt 0 1
vt 0.1875 1
vt 0.1875 1
vt 0 1
vt 0 1
vt 0.15625 1
vt 0.15625 1
vt 0 1
vt 0 1
vt 0.1875 1
vt 0.1875 1
vt 0 1
vt 0 1
vt 0.15625 1
vt 0.15625 1
vt 0 1
vt 0 1
vt 0 1
vt 0 1
vt 0 1
vt 0.0625 0.5625
vt 0.40625 0.5625
vt 0.40625 0.28125
vt 0.0625 0.28125
vn 0.20561565833058054 -0.8433914458128815 0.4964001109779687
vn -0.9238795325112887 0 0.3826834323650853
vn -0.20561565833058054 0.8433914458128815 -0.4964001109779687
vn 0.9238795325112887 0 -0.3826834323650853
vn 0.32275193331102586 0.5372996083468303 0.7791920946816248
vn -0.32275193331102586 -0.5372996083468303 -0.7791920946816248
g Frond
f 100/292/73 103/291/73 101/290/73 98/289/73
f 99/296/74 100/295/74 98/294/74 97/293/74
f 104/300/75 99/299/75 97/298/75 102/297/75
f 103/304/76 104/303/76 102/302/76 101/301/76
f 102/308/77 97/307/77 98/306/77 101/305/77
f 103/312/78 100/311/78 99/310/78 104/309/78
o cube
v -0.03792256132958318 0.44946247325849503 -0.08453204492997018
v 0.005128217133382147 0.27287738929142297 0.01940172830604202
v -0.03792256132958318 0.44946247325849503 -0.08453204492997018
v 0.005128217133382147 0.27287738929142297 0.01940172830604202
v -0.07596320611101291 0.13788086269428168 -0.1763702854827161
v -0.11901398457397826 0.3144659466613537 -0.2803040587187283
v -0.07596320611101291 0.13788086269428168 -0.1763702854827161
v -0.11901398457397826 0.3144659466613537 -0.2803040587187283
vt 0 1
vt 0.1875 1
vt 0.1875 1
vt 0 1
vt 0 1
vt 0.15625 1
vt 0.15625 1
vt 0 1
vt 0 1
vt 0.1875 1
vt 0.1875 1
vt 0 1
vt 0 1
vt 0.15625 1
vt 0.15625 1
vt 0 1
vt 0 1
vt 0 1
vt 0 1
vt 0 1
vt 0.0625 0.5625
vt 0.40625 0.5625
vt 0.40625 0.28125
vt 0.0625 0.28125
vn 0.20561565833058082 -0.8433914458128812 0.4964001109779691
vn 0.32275193331102525 0.5372996083468307 0.7791920946816246
vn -0.20561565833058082 0.8433914458128812 -0.4964001109779691
vn -0.32275193331102525 -0.5372996083468307 -0.7791920946816246
vn 0.9238795325112888 0 -0.3826834323650851
vn -0.9238795325112888 0 0.3826834323650851
g Frond
f 108/316/79 111/315/79 109/314/79 106/313/79
f 107/320/80 108/319/80 106/318/80 105/317/80
f 112/324/81 107/323/81 105/322/81 110/321/81
f 111/328/82 112/327/82 110/326/82 109/325/82
f 110/332/83 105/331/83 106/330/83 109/329/83
f 111/336/84 108/335/84 107/334/84 112/333/84
o cube
v -0.15148140397430673 0.20538730332083868 -0.03041339804506416
v -0.12407726447476577 0.008639160843789705 0.03574604719989323
v -0.15148140397430673 0.20538730332083868 -0.03041339804506416
v -0.12407726447476577 0.008639160843789705 0.03574604719989323
v 0.10804746806869545 0.008639160843789481 -0.06040316518183443
v 0.08064332856915447 0.20538730332083846 -0.12656261042679182
v 0.10804746806869545 0.008639160843789481 -0.06040316518183443
v 0.08064332856915447 0.20538730332083846 -0.12656261042679182
vt 0 1
vt 0.1875 1
vt 0.1875 1
vt 0 1
vt 0 1
vt 0.15625 1
vt 0.15625 1
vt 0 1
vt 0 1
vt 0.1875 1
vt 0.1875 1
vt 0 1
vt 0 1
vt 0.15625 1
vt 0.15625 1
vt 0 1
vt 0 1
vt 0 1
vt 0 1
vt 0 1
vt 0.0625 0.28125
vt 0.40625 0.28125
vt 0.40625 0
vt 0.0625 0
vn 0.13088544238586747 -0.9396926207859055 0.3159854101251701
vn -0.9238795325112885 0 0.3826834323650853
vn -0.13088544238586747 0.9396926207859055 -0.3159854101251701
vn 0.9238795325112885 0 -0.3826834323650853
vn 0.3596047974904933 0.3420201433256759 0.8681627791959902
vn -0.3596047974904933 -0.3420201433256759 -0.8681627791959902
g Frond
f 116/340/85 119/339/85 117/338/85 114/337/85
f 115/344/86 116/343/86 114/342/86 113/341/86
f 120/348/87 115/347/87 113/346/87 118/345/87
f 119/352/88 120/351/88 118/350/88 117/349/88
f 118/356/89 113/355/89 114/354/89 117/353/89
f 119/360/90 116/359/90 115/358/90 120/357/90
o cube
v 0.009756314982167025 0.24835358382612666 0.030574944900568262
v 0.037160454481707995 0.051605441349077685 0.09673439014552565
v 0.009756314982167025 0.24835358382612666 0.030574944900568262
v 0.037160454481707995 0.051605441349077685 0.09673439014552565
v -0.05319025088777834 -0.0343271196614985 -0.12139150812746685
v -0.0805943903873193 0.1624210228155505 -0.18755095337242425
v -0.05319025088777834 -0.0343271196614985 -0.12139150812746685
v -0.0805943903873193 0.1624210228155505 -0.18755095337242425
vt 0 1
vt 0.1875 1
vt 0.1875 1
vt 0 1
vt 0 1
vt 0.15625 1
vt 0.15625 1
vt 0 1
vt 0 1
vt 0.1875 1
vt 0.1875 1
vt 0 1
vt 0 1
vt 0.15625 1
vt 0.15625 1
vt 0 1
vt 0 1
vt 0 1
vt 0 1
vt 0 1
vt 0.0625 0.28125
vt 0.40625 0.28125
vt 0.40625 0
vt 0.0625 0
vn 0.1308854423858675 -0.9396926207859057 0.3159854101251701
vn 0.35960479749049307 0.34202014332567593 0.8681627791959903
vn -0.1308854423858675 0.9396926207859057 -0.3159854101251701
vn -0.35960479749049307 -0.34202014332567593 -0.8681627791959903
vn 0.9238795325112887 0 -0.3826834323650851
vn -0.9238795325112887 0 0.3826834323650851
g Frond
f 124/364/91 127/363/91 125/362/91 122/361/91
f 123/368/92 124/367/92 122/366/92 121/365/92
f 128/372/93 123/371/93 121/370/93 126/369/93
f 127/376/94 128/375/94 126/374/94 125/373/94
f 126/380/95 121/379/95 122/378/95 125/377/95
f 127/384/96 124/383/96 123/382/96 128/381/96
o cube
v -0.25262115107702804 0.6448856718112789 -0.2745863471954434
v -0.1945310019297337 0.38196577188109804 -0.1343443212837669
v -0.25262115107702804 0.6448856718112789 -0.2745863471954434
v -0.1945310019297337 0.38196577188109804 -0.1343443212837669
v 0.03759373061372748 0.3819657718810978 -0.23049353366549452
v -0.020496418533566905 0.6448856718112786 -0.370735559577171
v 0.03759373061372748 0.3819657718810978 -0.23049353366549452
v -0.020496418533566905 0.6448856718112786 -0.370735559577171
vt 0 1
vt 0.1875 1
vt 0.1875 1
vt 0 1
vt 0 1
vt 0.15625 1
vt 0.15625 1
vt 0 1
vt 0 1
vt 0.1875 1
vt 0.1875 1
vt 0 1
vt 0 1
vt 0.15625 1
vt 0.15625 1
vt 0 1
vt 0 1
vt 0.0625 1
vt 0.0625 0.90625
vt 0 0.90625
vt 0.0625 1
vt 0.40625 1
vt 0.40625 0.5625
vt 0.0625 0.5625
vn 0.1913417161825446 -0.8660254037844347 0.46193976625565103
vn -0.9238795325112886 0 0.3826834323650853
vn -0.1913417161825446 0.8660254037844347 -0.46193976625565103
vn 0.9238795325112886 0 -0.3826834323650853
vn 0.33141357403558686 0.5000000000000067 0.8001031451912635
vn -0.33141357403558686 -0.5000000000000067 -0.8001031451912635
g Frond
f 132/388/97 135/387/97 133/386/97 130/385/97
f 131/392/98 132/391/98 130/390/98 129/389/98
f 136/396/99 131/395/99 129/394/99 134/393/99
f 135/400/100 136/399/100 134/398/100 133/397/100
f 134/404/101 129/403/101 130/402/101 133/401/101
f 135/408/102 132/407/102 131/406/102 136/405/102
o cube
v -0.17819261504351797 0.5820731718112779 -0.4231739110009596
v -0.12010246589622367 0.3191532718810971 -0.28293188508928313
v -0.17819261504351797 0.5820731718112779 -0.4231739110009596
v -0.12010246589622367 0.3191532718810971 -0.28293188508928313
v -0.03683480541978236 0.4447782718810988 -0.08190596985997835
v -0.09492495456707666 0.7076981718112796 -0.22214799577165484
v -0.03683480541978236 0.4447782718810988 -0.08190596985997835
v -0.09492495456707666 0.7076981718112796 -0.22214799577165484
vt 0 1
vt 0.1875 1
vt 0.1875 1
vt 0 1
vt 0 1
vt 0.15625 1
vt 0.15625 1
vt 0 1
vt 0 1
vt 0.1875 1
vt 0.1875 1
vt 0 1
vt 0 1
vt 0.15625 1
vt 0.15625 1
vt 0 1
vt 0 1
vt 0.0625 1
vt 0.0625 0.90625
vt 0 0.90625
vt 0.0625 1
vt 0.40625 1
vt 0.40625 0.5625
vt 0.0625 0.5625
vn 0.1913417161825444 -0.8660254037844347 0.4619397662556512
vn -0.3314135740355875 -0.5000000000000066 -0.8001031451912632
vn -0.1913417161825444 0.8660254037844347 -0.4619397662556512
vn 0.3314135740355875 0.5000000000000066 0.8001031451912632
vn -0.9238795325112884 0 0.3826834323650857
vn 0.9238795325112884 0 -0.3826834323650857
g Frond
f 140/412/103 143/411/103 141/410/103 138/409/103
f 139/416/104 140/415/104 138/414/104 137/413/104
f 144/420/105 139/419/105 137/418/105 142/417/105
f 143/424/106 144/423/106 142/422/106 141/421/106
f 142/428/107 137/427/107 138/426/107 141/425/107
f 143/432/108 140/431/108 139/430/108 144/429/108
o cube
v 0.27482719705355535 0.5440365288145262 0.4384134043664283
v 0.14541476314509266 0.3592203637264101 0.23527657336064423
v 0.27482719705355535 0.5440365288145262 0.4384134043664283
v 0.14541476314509266 0.3592203637264101 0.23527657336064423
v 0.22759544158758077 0.15989033697823715 0.3642743990295486
v 0.35700787549604346 0.3447065020663534 0.5674112300353327
v 0.22759544158758077 0.15989033697823715 0.3642743990295486
v 0.35700787549604346 0.3447065020663534 0.5674112300353327
vt 0 1
vt 0.1875 1
vt 0.1875 1
vt 0 1
vt 0 1
vt 0.15625 1
vt 0.15625 1
vt 0 1
vt 0 1
vt 0.1875 1
vt 0.1875 1
vt 0 1
vt 0 1
vt 0.15625 1
vt 0.15625 1
vt 0 1
vt 0 1
vt 0.0625 1
vt 0.0625 0.90625
vt 0 0.90625
vt 0.0625 1
vt 0.40625 1
vt 0.40625 0.5625
vt 0.0625 0.5625
vn -0.4262684390191257 -0.6087614290087203 -0.6691074207087072
vn -0.3270872773830372 0.7933533402912355 -0.5134241817667837
vn 0.4262684390191257 0.6087614290087203 0.6691074207087072
vn 0.3270872773830372 -0.7933533402912355 0.5134241817667837
vn -0.843391445812886 0 0.5372996083468236
vn 0.843391445812886 0 -0.5372996083468236
g Frond
f 148/436/109 151/435/109 149/434/109 146/433/109
f 147/440/110 148/439/110 146/438/110 145/437/110
f 152/444/111 147/443/111 145/442/111 150/441/111
f 151/448/112 152/447/112 150/446/112 149/445/112
f 150/452/113 145/451/113 146/450/113 149/449/113
f 151/456/114 148/455/114 147/454/114 152/453/114
o cube
v 0.2924545448969086 0.25955325500655535 0.23227469907808648
v 0.19757544844150918 0.14705614950893914 0.08334434980210692
v 0.2924545448969086 0.25955325500655535 0.23227469907808648
v 0.19757544844150918 0.14705614950893914 0.08334434980210692
v -0.014326652318978415 0.14705614950893936 0.21834087639924643
v 0.08055244413642104 0.25955325500655557 0.36727122567522597
v -0.014326652318978415 0.14705614950893936 0.21834087639924643
v 0.08055244413642104 0.25955325500655557 0.36727122567522597
vt 0 1
vt 0.1875 1
vt 0.1875 1
vt 0 1
vt 0 1
vt 0.15625 1
vt 0.15625 1
vt 0 1
vt 0 1
vt 0.1875 1
vt 0.1875 1
vt 0 1
vt 0 1
vt 0.15625 1
vt 0.15625 1
vt 0 1
vt 0 1
vt 0 1
vt 0 1
vt 0 1
vt 0.0625 0.5625
vt 0.40625 0.5625
vt 0.40625 0.28125
vt 0.0625 0.28125
vn -0.4531538935183255 -0.5372996083468234 -0.7113091308703497
vn 0.8433914458128858 0 -0.5372996083468239
vn 0.4531538935183255 0.5372996083468234 0.7113091308703497
vn -0.8433914458128858 0 0.5372996083468239
vn -0.2886908691296495 0.8433914458128862 -0.4531538935183251
vn 0.2886908691296495 -0.8433914458128862 0.4531538935183251
g Frond
f 156/460/115 159/459/115 157/458/115 154/457/115
f 155/464/116 156/463/116 154/462/116 153/461/116
f 160/468/117 155/467/117 153/466/117 158/465/117
f 159/472/118 160/471/118 158/470/118 157/469/118
f 158/476/119 153/475/119 154/474/119 157/473/119
f 159/480/120 156/479/120 155/478/120 160/477/120
o cube
v 0.15023670408225273 0.36550430538679923 0.24284550450341663
v 0.055357607626853246 0.2530071998891831 0.09391515522743707
v 0.15023670408225273 0.36550430538679923 0.24284550450341663
v 0.055357607626853246 0.2530071998891831 0.09391515522743707
v 0.12789118849567757 0.041105099128695435 0.20777007097391628
v 0.22277028495107706 0.15360220462631163 0.35670042024989584
v 0.12789118849567757 0.041105099128695435 0.20777007097391628
v 0.22277028495107706 0.15360220462631163 0.35670042024989584
vt 0 1
vt 0.1875 1
vt 0.1875 1
vt 0 1
vt 0 1
vt 0.15625 1
vt 0.15625 1
vt 0 1
vt 0 1
vt 0.1875 1
vt 0.1875 1
vt 0 1
vt 0 1
vt 0.15625 1
vt 0.15625 1
vt 0 1
vt 0 1
vt 0 1
vt 0 1
vt 0 1
vt 0.0625 0.5625
vt 0.40625 0.5625
vt 0.40625 0.28125
vt 0.0625 0.28125
vn -0.45315389351832575 -0.5372996083468233 -0.7113091308703496
vn -0.28869086912964886 0.8433914458128859 -0.45315389351832525
vn 0.45315389351832575 0.5372996083468233 0.7113091308703496
vn 0.28869086912964886 -0.8433914458128859 0.45315389351832525
vn -0.8433914458128857 0 0.5372996083468238
vn 0.8433914458128857 0 -0.5372996083468238
g Frond
f 164/484/121 167/483/121 165/482/121 162/481/121
f 163/488/122 164/487/122 162/486/122 161/485/122
f 168/492/123 163/491/123 161/490/123 166/489/123
f 167/496/124 168/495/124 166/494/124 165/493/124
f 166/500/125 161/499/125 162/498/125 165/497/125
f 167/504/126 164/503/126 163/502/126 168/501/126
o cube
v 0.19757926900477807 0.14706185642954145 0.08335034688516665
v 0.11803180284355505 -0.0009886258813918483 -0.04151416344434654
v 0.19757926900477807 0.14706185642954145 0.08335034688516665
v 0.11803180284355505 -0.0009886258813918483 -0.04151416344434654
v -0.09387029791693252 -0.0009886258813916393 0.09348236315279297
v -0.014322831755709493 0.14706185642954167 0.21834687348230616
v -0.09387029791693252 -0.0009886258813916393 0.09348236315279297
v -0.014322831755709493 0.14706185642954167 0.21834687348230616
vt 0 1
vt 0.1875 1
vt 0.1875 1
vt 0 1
vt 0 1
vt 0.15625 1
vt 0.15625 1
vt 0 1
vt 0 1
vt 0.1875 1
vt 0.1875 1
vt 0 1
vt 0 1
vt 0.15625 1
vt 0.15625 1
vt 0 1
vt 0 1
vt 0 1
vt 0 1
vt 0 1
vt 0.0625 0.28125
vt 0.40625 0.28125
vt 0.40625 0
vt 0.0625 0
vn -0.379928196590916 -0.7071067811865471 -0.5963678105290181
vn 0.8433914458128857 0 -0.5372996083468238
vn 0.379928196590916 0.7071067811865471 0.5963678105290181
vn -0.8433914458128857 0 0.5372996083468238
vn -0.3799281965909146 0.7071067811865479 -0.5963678105290181
vn 0.3799281965909146 -0.7071067811865479 0.5963678105290181
g Frond
f 172/508/127 175/507/127 173/506/127 170/505/127
f 171/512/128 172/511/128 170/510/128 169/509/128
f 176/516/129 171/515/129 169/514/129 174/513/129
f 175/520/130 176/519/130 174/518/130 173/517/130
f 174/524/131 169/523/131 170/522/131 173/521/131
f 175/528/132 172/527/132 171/526/132 176/525/132
o cube
v 0.04389973892780066 0.23589214581610166 0.07592990398602849
v -0.03564772723342237 0.08784166350516837 -0.048934606343484705
v 0.04389973892780066 0.23589214581610166 0.07592990398602849
v -0.03564772723342237 0.08784166350516837 -0.048934606343484705
v 0.0598092321600449 -0.08981891526795183 0.10090280605193114
v 0.1393566983212679 0.05823156704298147 0.22576731638144432
v 0.0598092321600449 -0.08981891526795183 0.10090280605193114
v 0.1393566983212679 0.05823156704298147 0.22576731638144432
vt 0 1
vt 0.1875 1
vt 0.1875 1
vt 0 1
vt 0 1
vt 0.15625 1
vt 0.15625 1
vt 0 1
vt 0 1
vt 0.1875 1
vt 0.1875 1
vt 0 1
vt 0 1
vt 0.15625 1
vt 0.15625 1
vt 0 1
vt 0 1
vt 0 1
vt 0 1
vt 0 1
vt 0.0625 0.28125
vt 0.40625 0.28125
vt 0.40625 0
vt 0.0625 0
vn -0.3799281965909159 -0.7071067811865471 -0.5963678105290181
vn -0.37992819659091437 0.7071067811865479 -0.5963678105290182
vn 0.3799281965909159 0.7071067811865471 0.5963678105290181
vn 0.37992819659091437 -0.7071067811865479 0.5963678105290182
vn -0.8433914458128857 0 0.5372996083468238
vn 0.8433914458128857 0 -0.5372996083468238
g Frond
f 180/532/133 183/531/133 181/530/133 178/529/133
f 179/536/134 180/535/134 178/534/134 177/533/134
f 184/540/135 179/539/135 177/538/135 182/537/135
f 183/544/136 184/543/136 182/542/136 181/541/136
f 182/548/137 177/547/137 178/546/137 181/545/137
f 183/552/138 180/551/138 179/550/138 184/549/138
o cube
v 0.42186858665504323 0.44437151544043973 0.4354140539023107
v 0.29245615274658054 0.2595553503523235 0.23227722289652666
v 0.42186858665504323 0.44437151544043973 0.4354140539023107
v 0.29245615274658054 0.2595553503523235 0.23227722289652666
v 0.08055405198609299 0.25955535035232374 0.3672737494936662
v 0.2099664858945557 0.44437151544043996 0.5704105804994503
v 0.08055405198609299 0.25955535035232374 0.3672737494936662
v 0.2099664858945557 0.44437151544043996 0.5704105804994503
vt 0 1
vt 0.1875 1
vt 0.1875 1
vt 0 1
vt 0 1
vt 0.15625 1
vt 0.15625 1
vt 0 1
vt 0 1
vt 0.1875 1
vt 0.1875 1
vt 0 1
vt 0 1
vt 0.15625 1
vt 0.15625 1
vt 0 1
vt 0 1
vt 0.0625 1
vt 0.0625 0.90625
vt 0 0.90625
vt 0.0625 1
vt 0.40625 1
vt 0.40625 0.5625
vt 0.0625 0.5625
vn -0.4262684390191257 -0.6087614290087202 -0.6691074207087071
vn 0.8433914458128857 0 -0.5372996083468239
vn 0.4262684390191257 0.6087614290087202 0.6691074207087071
vn -0.8433914458128857 0 0.5372996083468239
vn -0.32708727738303767 0.7933533402912355 -0.5134241817667833
vn 0.32708727738303767 -0.7933533402912355 0.5134241817667833
g Frond
f 188/556/139 191/555/139 189/554/139 186/553/139
f 187/560/140 188/559/140 186/558/140 185/557/140
f 192/564/141 187/563/141 185/562/141 190/561/141
f 191/568/142 192/567/142 190/566/142 189/565/142
f 190/572/143 185/571/143 186/570/143 189/569/143
f 191/576/144 188/575/144 187/574/144 192/573/144
o cube
v 0.11931128439481394 0.37265695374882796 -0.2179407406987594
v 0.01802624122023065 0.2011469944758195 -0.15341505182763004
v 0.11931128439481394 0.37265695374882796 -0.2179407406987594
v 0.01802624122023065 0.2011469944758195 -0.15341505182763004
v 0.1530227678173695 0.20114699447581927 0.058487048932857846
v 0.25430781099195277 0.37265695374882774 -0.006038639938271542
v 0.1530227678173695 0.20114699447581927 0.058487048932857846
v 0.25430781099195277 0.37265695374882774 -0.006038639938271542
vt 0 1
vt 0.1875 1
vt 0.1875 1
vt 0 1
vt 0 1
vt 0.15625 1
vt 0.15625 1
vt 0 1
vt 0 1
vt 0.1875 1
vt 0.1875 1
vt 0 1
vt 0 1
vt 0.15625 1
vt 0.15625 1
vt 0 1
vt 0 1
vt 0 1
vt 0 1
vt 0 1
vt 0.0625 0.5625
vt 0.40625 0.5625
vt 0.40625 0.28125
vt 0.0625 0.28125
vn -0.48374945993830804 -0.8191520442889956 0.3081823946083792
vn -0.5372996083468216 0 -0.8433914458128872
vn 0.48374945993830804 0.8191520442889956 -0.3081823946083792
vn 0.5372996083468216 0 0.8433914458128872
vn -0.6908658269734781 0.5735764363510406 0.440130072572976
vn 0.6908658269734781 -0.5735764363510406 -0.440130072572976
g Frond
f 196/580/145 199/579/145 197/578/145 194/577/145
f 195/584/146 196/583/146 194/582/146 193/581/146
f 200/588/147 195/587/147 193/586/147 198/585/147
f 199/592/148 200/591/148 198/590/148 197/589/148
f 198/596/149 193/595/149 194/594/149 197/593/149
f 199/600/150 196/599/150 195/598/150 200/597/150
o cube
v 0.10001952817984033 0.4447124935654273 -0.056698349951535526
v -0.0012655149947430056 0.27320253429241886 0.00782733891959389
v 0.10001952817984033 0.4447124935654273 -0.056698349951535526
v -0.0012655149947430056 0.27320253429241886 0.00782733891959389
v 0.17231452403234332 0.12909145465921978 -0.10275534181436619
v 0.27359956720692663 0.3006014139322283 -0.1672810306854956
v 0.17231452403234332 0.12909145465921978 -0.10275534181436619
v 0.27359956720692663 0.3006014139322283 -0.1672810306854956
vt 0 1
vt 0.1875 1
vt 0.1875 1
vt 0 1
vt 0 1
vt 0.15625 1
vt 0.15625 1
vt 0 1
vt 0 1
vt 0.1875 1
vt 0.1875 1
vt 0 1
vt 0 1
vt 0.15625 1
vt 0.15625 1
vt 0 1
vt 0 1
vt 0 1
vt 0 1
vt 0 1
vt 0.0625 0.5625
vt 0.40625 0.5625
vt 0.40625 0.28125
vt 0.0625 0.28125
vn -0.48374945993830837 -0.8191520442889952 0.30818239460837943
vn -0.6908658269734781 0.5735764363510409 0.4401300725729753
vn 0.48374945993830837 0.8191520442889952 -0.30818239460837943
vn 0.6908658269734781 -0.5735764363510409 -0.4401300725729753
vn 0.5372996083468212 0 0.8433914458128875
vn -0.5372996083468212 0 -0.8433914458128875
g Frond
f 204/604/151 207/603/151 205/602/151 202/601/151
f 203/608/152 204/607/152 202/606/152 201/605/152
f 208/612/153 203/611/153 201/610/153 206/609/153
f 207/616/154 208/615/154 206/614/154 205/613/154
f 206/620/155 201/619/155 202/618/155 205/617/155
f 207/624/156 204/623/156 203/622/156 208/621/156
o cube
v 0.01802993988286661 0.20115498812074112 -0.15341740813560018
v -0.049546246154129545 0.007717711001189914 -0.11036662967263584
v 0.01802993988286661 0.20115498812074112 -0.15341740813560018
v -0.049546246154129545 0.007717711001189914 -0.11036662967263584
v 0.08545028044300933 0.007717711001189719 0.10153547108785203
v 0.15302646648000548 0.2011549881207409 0.05848469262488769
v 0.08545028044300933 0.007717711001189719 0.10153547108785203
v 0.15302646648000548 0.2011549881207409 0.05848469262488769
vt 0 1
vt 0.1875 1
vt 0.1875 1
vt 0 1
vt 0 1
vt 0.15625 1
vt 0.15625 1
vt 0 1
vt 0 1
vt 0.1875 1
vt 0.1875 1
vt 0 1
vt 0 1
vt 0.15625 1
vt 0.15625 1
vt 0 1
vt 0 1
vt 0 1
vt 0 1
vt 0 1
vt 0.0625 0.28125
vt 0.40625 0.28125
vt 0.40625 0
vt 0.0625 0
vn -0.3227519333110266 -0.9238795325112894 0.20561565833057618
vn -0.5372996083468216 0 -0.8433914458128872
vn 0.3227519333110266 0.9238795325112894 -0.20561565833057618
vn 0.5372996083468216 0 0.8433914458128872
vn -0.7791920946816305 0.38268343236508345 0.49640011097796055
vn 0.7791920946816305 -0.38268343236508345 -0.49640011097796055
g Frond
f 212/628/157 215/627/157 213/626/157 210/625/157
f 211/632/158 212/631/158 210/630/158 209/629/158
f 216/636/159 211/635/159 209/634/159 214/633/159
f 215/640/160 216/639/160 214/638/160 213/637/160
f 214/644/161 209/643/161 210/642/161 213/641/161
f 215/648/162 212/647/162 211/646/162 216/645/162
o cube
v -0.012357803712943784 0.24922959431160466 0.014893906186250031
v -0.07993398974993994 0.05579231719205345 0.05794468464921437
v -0.012357803712943784 0.24922959431160466 0.014893906186250031
v -0.07993398974993994 0.05579231719205345 0.05794468464921437
v 0.11583802403881972 -0.04035689518967382 -0.06677584323399818
v 0.18341421007581588 0.15308038192987736 -0.10982662169696253
v 0.11583802403881972 -0.04035689518967382 -0.06677584323399818
v 0.18341421007581588 0.15308038192987736 -0.10982662169696253
vt 0 1
vt 0.1875 1
vt 0.1875 1
vt 0 1
vt 0 1
vt 0.15625 1
vt 0.15625 1
vt 0 1
vt 0 1
vt 0.1875 1
vt 0.1875 1
vt 0 1
vt 0 1
vt 0.15625 1
vt 0.15625 1
vt 0 1
vt 0 1
vt 0 1
vt 0 1
vt 0 1
vt 0.0625 0.28125
vt 0.40625 0.28125
vt 0.40625 0
vt 0.0625 0
vn -0.32275193331102653 -0.9238795325112893 0.20561565833057618
vn -0.7791920946816306 0.38268343236508345 0.49640011097796033
vn 0.32275193331102653 0.9238795325112893 -0.20561565833057618
vn 0.7791920946816306 -0.38268343236508345 -0.49640011097796033
vn 0.5372996083468214 0 0.8433914458128873
vn -0.5372996083468214 0 -0.8433914458128873
g Frond
f 220/652/163 223/651/163 221/650/163 218/649/163
f 219/656/164 220/655/164 218/654/164 217/653/164
f 224/660/165 219/659/165 217/658/165 222/657/165
f 223/664/166 224/663/166 222/662/166 221/661/166
f 222/668/167 217/667/167 218/666/167 221/665/167
f 223/672/168 220/671/168 219/670/168 224/669/168
o cube
v 0.2568868303185331 0.6287068445933296 -0.3055860296211156
v 0.11931214045820525 0.3726584728410727 -0.2179412860712873
v 0.2568868303185331 0.6287068445933296 -0.3055860296211156
v 0.11931214045820525 0.3726584728410727 -0.2179412860712873
v 0.25430866705534405 0.37265847284107245 -0.006039185310799489
v 0.391883356915672 0.6287068445933294 -0.09368392886062776
v 0.25430866705534405 0.37265847284107245 -0.006039185310799489
v 0.391883356915672 0.6287068445933294 -0.09368392886062776
vt 0 1
vt 0.1875 1
vt 0.1875 1
vt 0 1
vt 0 1
vt 0.15625 1
vt 0.15625 1
vt 0 1
vt 0 1
vt 0.1875 1
vt 0.1875 1
vt 0 1
vt 0 1
vt 0.15625 1
vt 0.15625 1
vt 0 1
vt 0 1
vt 0.0625 1
vt 0.0625 0.90625
vt 0 0.90625
vt 0.0625 1
vt 0.40625 1
vt 0.40625 0.5625
vt 0.0625 0.5625
vn -0.4531538935183213 -0.8433914458128894 0.2886908691296454
vn -0.5372996083468216 0 -0.8433914458128872
vn 0.4531538935183213 0.8433914458128894 -0.2886908691296454
vn 0.5372996083468216 0 0.8433914458128872
vn -0.7113091308703539 0.5372996083468181 0.45315389351832536
vn 0.7113091308703539 -0.5372996083468181 -0.45315389351832536
g Frond
f 228/676/169 231/675/169 229/674/169 226/673/169
f 227/680/170 228/679/170 226/678/170 225/677/170
f 232/684/171 227/683/171 225/682/171 230/681/171
f 231/688/172 232/687/172 230/686/172 229/685/172
f 230/692/173 225/691/173 226/690/173 229/689/173
f 231/696/174 228/695/174 227/694/174 232/693/174
o cube
v 0.23502688405151428 0.6962051078918985 -0.14270752136763218
v 0.09745219419118642 0.44015673613964157 -0.05506277781780389
v 0.23502688405151428 0.6962051078918985 -0.14270752136763218
v 0.09745219419118642 0.44015673613964157 -0.05506277781780389
v 0.2761686133223628 0.30516020954250356 -0.16891769356428296
v 0.4137433031826907 0.5612085812947605 -0.25656243711411125
v 0.2761686133223628 0.30516020954250356 -0.16891769356428296
v 0.4137433031826907 0.5612085812947605 -0.25656243711411125
vt 0 1
vt 0.1875 1
vt 0.1875 1
vt 0 1
vt 0 1
vt 0.15625 1
vt 0.15625 1
vt 0 1
vt 0 1
vt 0.1875 1
vt 0.1875 1
vt 0 1
vt 0 1
vt 0.15625 1
vt 0.15625 1
vt 0 1
vt 0 1
vt 0.0625 1
vt 0.0625 0.90625
vt 0 0.90625
vt 0.0625 1
vt 0.40625 1
vt 0.40625 0.5625
vt 0.0625 0.5625
vn -0.4531538935183214 -0.8433914458128893 0.28869086912964553
vn -0.7113091308703543 0.537299608346818 0.45315389351832475
vn 0.4531538935183214 0.8433914458128893 -0.28869086912964553
vn 0.7113091308703543 -0.537299608346818 -0.45315389351832475
vn 0.5372996083468212 0 0.8433914458128875
vn -0.5372996083468212 0 -0.8433914458128875
g Frond
f 236/700/175 239/699/175 237/698/175 234/697/175
f 235/704/176 236/703/176 234/702/176 233/701/176
f 240/708/177 235/707/177 233/706/177 238/705/177
