# Made in Blockbench 4.12.3

o cube
v 0.486135912065751 1.375 -0.48613591206575185
v 0.486135912065751 1.375 -0.48613591206575185
v 0.486135912065751 0 -0.48613591206575185
v 0.486135912065751 0 -0.48613591206575185
v -0.486135912065751 1.375 0.48613591206575185
v -0.486135912065751 1.375 0.48613591206575185
v -0.486135912065751 0 0.48613591206575185
v -0.486135912065751 0 0.48613591206575185
vt 0 1
vt 1 1
vt 1 0
vt 0 0
vt 0 1
vt 0 1
vt 0 0.5
vt 0 0.5
vt 0 1
vt 0.03125 1
vt 0.03125 0.96875
vt 0 0.96875
vt 0 1
vt 0 1
vt 0 0.5
vt 0 0.5
vt 0 1
vt 0.5 1
vt 0.5 1
vt 0 1
vt 0 1
vt 0.5 1
vt 0.5 1
vt 0 1
vn -0.7071067811865481 0 -0.7071067811865469
vn 0.7071067811865469 0 -0.7071067811865481
vn 0.7071067811865481 0 0.7071067811865469
vn -0.7071067811865469 0 0.7071067811865481
vn 0 1 0
vn 0 -1 0
g Stem
f 4/4/1 7/3/1 5/2/1 2/1/1
f 3/8/2 4/7/2 2/6/2 1/5/2
f 8/12/3 3/11/3 1/10/3 6/9/3
f 7/16/4 8/15/4 6/14/4 5/13/4
f 6/20/5 1/19/5 2/18/5 5/17/5
f 7/24/6 4/23/6 3/22/6 8/21/6
o cube
v -0.48613591206575224 1.375 -0.4861359120657506
v -0.48613591206575224 1.375 -0.4861359120657506
v -0.4861359120657523 0 -0.4861359120657507
v -0.4861359120657523 0 -0.4861359120657507
v 0.48613591206575235 1.375 0.4861359120657508
v 0.48613591206575235 1.375 0.4861359120657508
v 0.4861359120657523 0 0.4861359120657507
v 0.4861359120657523 0 0.4861359120657507
vt 0 1
vt 1 1
vt 1 0
vt 0 0
vt 0 1
vt 0 1
vt 0 0.5
vt 0 0.5
vt 0 1
vt 0.0625 1
vt 0.0625 0.9375
vt 0 0.9375
vt 0 1
vt 0 1
vt 0 0.5
vt 0 0.5
vt 0 1
vt 0.5 1
vt 0.5 1
vt 0 1
vt 0 1
vt 0.5 1
vt 0.5 1
vt 0 1
vn -0.7071067811865464 0 0.7071067811865487
vn -0.7071067811865487 0 -0.7071067811865464
vn 0.7071067811865464 0 -0.7071067811865487
vn 0.7071067811865487 0 0.7071067811865464
vn 0 1 0
vn 0 -1 0
g Stem
f 12/28/7 15/27/7 13/26/7 10/25/7
f 11/32/8 12/31/8 10/30/8 9/29/8
f 16/36/9 11/35/9 9/34/9 14/33/9
f 15/40/10 16/39/10 14/38/10 13/37/10
f 14/44/11 9/43/11 10/42/11 13/41/11
f 15/48/12 12/47/12 11/46/12 16/45/12
o cube
v 0.7559289036283298 1.086179987587467 -0.05941013507574344
v 0.9613845208069431 1.408680706610509 -0.7939659813014582
v 0.7559289036283298 1.086179987587467 -0.05941013507574344
v 0.9613845208069431 1.408680706610509 -0.7939659813014582
v 0.7708523981292271 1.4747714323329222 -0.8182413150047982
v 0.5653967809506137 1.1522707133098802 -0.08368546877908345
v 0.7708523981292271 1.4747714323329222 -0.8182413150047982
v 0.5653967809506137 1.1522707133098802 -0.08368546877908345
vt 0 1
vt 0.125 1
vt 0.125 1
vt 0 1
vt 0 1
vt 0.28125 1
vt 0.28125 1
vt 0 1
vt 0 1
vt 0.125 1
vt 0.125 1
vt 0 1
vt 0 1
vt 0.28125 1
vt 0.28125 1
vt 0 1
vt 0.5 1
vt 0.75 1
vt 0.75 0
vt 0.5 0
vt 0.1875 1
vt 0 1
vt 0 0.78125
vt 0.1875 0.78125
vn 0.24809734904587277 0.38943483051839023 -0.8870108331782217
vn 0.9380042962595252 -0.3253697266334187 0.11950933515490465
vn -0.24809734904587277 -0.38943483051839023 0.8870108331782217
vn -0.9380042962595252 0.3253697266334187 -0.11950933515490465
vn 0.24206537463066313 0.8616699215880795 0.4460149107768816
vn -0.24206537463066313 -0.8616699215880795 -0.4460149107768816
g Purple_Leaf
f 20/52/13 23/51/13 21/50/13 18/49/13
f 19/56/14 20/55/14 18/54/14 17/53/14
f 24/60/15 19/59/15 17/58/15 22/57/15
f 23/64/16 24/63/16 22/62/16 21/61/16
f 22/68/17 17/67/17 18/66/17 21/65/17
f 23/72/18 20/71/18 19/70/18 24/69/18
o cube
v 0.5653694952282361 1.1522880962321516 -0.08368546877908342
v 0.7708251124068495 1.4747888152551936 -0.8182413150047982
v 0.5653694952282361 1.1522880962321516 -0.08368546877908342
v 0.7708251124068495 1.4747888152551936 -0.8182413150047982
v 0.630404218541901 1.6195384140966422 -0.7939659813014582
v 0.42494860136328755 1.2970376950736004 -0.059410135075743414
v 0.630404218541901 1.6195384140966422 -0.7939659813014582
v 0.42494860136328755 1.2970376950736004 -0.059410135075743414
vt 0 1
vt 0.125 1
vt 0.125 1
vt 0 1
vt 0 1
vt 0.28125 1
vt 0.28125 1
vt 0 1
vt 0 1
vt 0.125 1
vt 0.125 1
vt 0 1
vt 0 1
vt 0.28125 1
vt 0.28125 1
vt 0 1
vt 0.25 1
vt 0.5 1
vt 0.5 0
vt 0.25 0
vt 0.1875 1
vt 0 1
vt 0 0.78125
vt 0.1875 0.78125
vn 0.24809734904587277 0.38943483051839023 -0.8870108331782218
vn 0.691302862104362 -0.7126134096809786 -0.1195093351549047
vn -0.24809734904587277 -0.38943483051839023 0.8870108331782218
vn -0.691302862104362 0.7126134096809786 0.1195093351549047
vn 0.678636911936514 0.5835431784555128 0.44601491077688155
vn -0.678636911936514 -0.5835431784555128 -0.44601491077688155
g Purple_Leaf
f 28/76/19 31/75/19 29/74/19 26/73/19
f 27/80/20 28/79/20 26/78/20 25/77/20
f 32/84/21 27/83/21 25/82/21 30/81/21
f 31/88/22 32/87/22 30/86/22 29/85/22
f 30/92/23 25/91/23 26/90/23 29/89/23
f 31/96/24 28/95/24 27/94/24 32/93/24
o cube
v 0.6108586033481286 0.9562832652284909 -0.17642929439947153
v 0.3088346883658136 1.6020841021597603 -0.597753218978444
v 0.6108586033481286 0.9562832652284909 -0.17642929439947153
v 0.3088346883658136 1.6020841021597603 -0.597753218978444
v 0.1720946495513297 1.6339054909860455 -0.4509563299678802
v 0.47411856453364465 0.9881046540547763 -0.029632405388907712
v 0.1720946495513297 1.6339054909860455 -0.4509563299678802
v 0.47411856453364465 0.9881046540547763 -0.029632405388907712
vt 0 1
vt 0.125 1
vt 0.125 1
vt 0 1
vt 0 1
vt 0.28125 1
vt 0.28125 1
vt 0 1
vt 0 1
vt 0.125 1
vt 0.125 1
vt 0 1
vt 0 1
vt 0.28125 1
vt 0.28125 1
vt 0 1
vt 0.5 1
vt 0.75 1
vt 0.75 0
vt 0.5 0
vt 0.1875 1
vt 0 1
vt 0 0.78125
vt 0.1875 0.78125
vn -0.36470812375222944 0.7798349728981364 -0.5087685126991365
vn 0.6731817295482286 -0.15665914499094344 -0.7226923766673911
vn 0.36470812375222944 -0.7798349728981364 0.5087685126991365
vn -0.6731817295482286 0.15665914499094344 0.7226923766673911
vn 0.6432840301698654 0.6060654480628882 0.46783579297948796
vn -0.6432840301698654 -0.6060654480628882 -0.46783579297948796
g Red_Leaf
f 36/100/25 39/99/25 37/98/25 34/97/25
f 35/104/26 36/103/26 34/102/26 33/101/26
f 40/108/27 35/107/27 33/106/27 38/105/27
f 39/112/28 40/111/28 38/110/28 37/109/28
f 38/116/29 33/115/29 34/114/29 37/113/29
f 39/120/30 36/119/30 35/118/30 40/117/30
o cube
v 0.47410291408624006 0.9881146244893861 -0.02960590386891189
v 0.17207899910392507 1.6339154614206555 -0.4509298284478844
v 0.47410291408624006 0.9881146244893861 -0.02960590386891189
v 0.17207899910392507 1.6339154614206555 -0.4509298284478844
v 0.11899218609023876 1.723027114596808 -0.2762854206437322
v 0.4210161010725537 1.0772262776655386 0.14503850393524026
v 0.11899218609023876 1.723027114596808 -0.2762854206437322
v 0.4210161010725537 1.0772262776655386 0.14503850393524026
vt 0 1
vt 0.125 1
vt 0.125 1
vt 0 1
vt 0 1
vt 0.28125 1
vt 0.28125 1
vt 0 1
vt 0 1
vt 0.125 1
vt 0.125 1
vt 0 1
vt 0 1
vt 0.28125 1
vt 0.28125 1
vt 0 1
vt 0.25 1
vt 0.5 1
vt 0.5 0
vt 0.25 0
vt 0.1875 1
vt 0 1
vt 0 0.78125
vt 0.1875 0.78125
vn -0.3647081237522294 0.7798349728981363 -0.5087685126991365
vn 0.26135046406737883 -0.4387035233287508 -0.859787853805057
vn 0.3647081237522294 -0.7798349728981363 0.5087685126991365
vn -0.26135046406737883 0.4387035233287508 0.859787853805057
vn 0.8936911767500528 0.4465385018829878 0.04381149318617858
vn -0.8936911767500528 -0.4465385018829878 -0.04381149318617858
g Red_Leaf
f 44/124/31 47/123/31 45/122/31 42/121/31
f 43/128/32 44/127/32 42/126/32 41/125/32
f 48/132/33 43/131/33 41/130/33 46/129/33
f 47/136/34 48/135/34 46/134/34 45/133/34
f 46/140/35 41/139/35 42/138/35 45/137/35
f 47/144/36 44/143/36 43/142/36 48/141/36
o cube
v 0.6749788035839785 0.9914192944381971 -0.04059957805380909
v 0.8066899559540981 1.0790115765254393 -0.8534776624459792
v 0.6749788035839785 0.9914192944381971 -0.04059957805380909
v 0.8066899559540981 1.0790115765254393 -0.8534776624459792
v 0.6130614684576843 1.1349146964751529 -0.8788275270361312
v 0.4813503160875648 1.0473224143879107 -0.0659494426439611
v 0.6130614684576843 1.1349146964751529 -0.8788275270361312
v 0.4813503160875648 1.0473224143879107 -0.0659494426439611
vt 0 1
vt 0.125 1
vt 0.125 1
vt 0 1
vt 0 1
vt 0.28125 1
vt 0.28125 1
vt 0 1
vt 0 1
vt 0.125 1
vt 0.125 1
vt 0 1
vt 0 1
vt 0.28125 1
vt 0.28125 1
vt 0 1
vt 0.5 1
vt 0.75 1
vt 0.75 0
vt 0.5 0
vt 0.1875 1
vt 0 1
vt 0 0.78125
vt 0.1875 0.78125
vn 0.15904742927712542 0.10577181233176422 -0.9815886302094131
vn 0.9532479384438836 -0.27521535975243655 0.12479933336690227
vn -0.15904742927712542 -0.10577181233176422 0.9815886302094131
vn -0.9532479384438836 0.27521535975243655 -0.12479933336690227
vn 0.2569480163239717 0.9555463512945832 0.1445990575169318
vn -0.2569480163239717 -0.9555463512945832 -0.1445990575169318
g Yellow_Leaf
f 52/148/37 55/147/37 53/146/37 50/145/37
f 51/152/38 52/151/38 50/150/38 49/149/38
f 56/156/39 51/155/39 49/154/39 54/153/39
f 55/160/40 56/159/40 54/158/40 53/157/40
f 54/164/41 49/163/41 50/162/41 53/161/41
f 55/168/42 52/167/42 51/166/42 56/165/42
o cube
v 0.48132267861984673 1.0473390160522278 -0.06595213183573506
v 0.6130338309899662 1.1349312981394701 -0.8788302162279052
v 0.48132267861984673 1.0473390160522278 -0.06595213183573506
v 0.6130338309899662 1.1349312981394701 -0.8788302162279052
v 0.4714429248296177 1.2803924964700868 -0.8860980011664091
v 0.3397317724594982 1.1928002143828447 -0.07321991677423892
v 0.4714429248296177 1.2803924964700868 -0.8860980011664091
v 0.3397317724594982 1.1928002143828447 -0.07321991677423892
vt 0 1
vt 0.125 1
vt 0.125 1
vt 0 1
vt 0 1
vt 0.28125 1
vt 0.28125 1
vt 0 1
vt 0 1
vt 0.125 1
vt 0.125 1
vt 0 1
vt 0 1
vt 0.28125 1
vt 0.28125 1
vt 0 1
vt 0.25 1
vt 0.5 1
vt 0.5 0
vt 0.25 0
vt 0.1875 1
vt 0 1
vt 0 0.78125
vt 0.1875 0.78125
vn 0.15904742927712545 0.10577181233176422 -0.9815886302094132
vn 0.697062922635562 -0.7161166687045749 0.035779864312634385
vn -0.15904742927712545 -0.10577181233176422 0.9815886302094132
vn -0.697062922635562 0.7161166687045749 -0.035779864312634385
vn 0.69914747881052 0.6899197348384203 0.18762612385640132
vn -0.69914747881052 -0.6899197348384203 -0.18762612385640132
g Yellow_Leaf
f 60/172/43 63/171/43 61/170/43 58/169/43
f 59/176/44 60/175/44 58/174/44 57/173/44
f 64/180/45 59/179/45 57/178/45 62/177/45
f 63/184/46 64/183/46 62/182/46 61/181/46
f 62/188/47 57/187/47 58/186/47 61/185/47
f 63/192/48 60/191/48 59/190/48 64/189/48
o cube
v 0.43705913645426075 1.1429908388277585 0.09496071384796352
v 1.1957858608807406 0.8311301468946958 -0.018475092197112408
v 0.43705913645426075 1.1429908388277585 0.09496071384796352
v 1.1957858608807406 0.8311301468946958 -0.018475092197112408
v 1.1507997030443313 0.792337659120877 -0.21272017996109113
v 0.39207297861785145 1.1041983510539397 -0.09928437391601516
v 1.1507997030443313 0.792337659120877 -0.21272017996109113
v 0.39207297861785145 1.1041983510539397 -0.09928437391601516
vt 0 1
vt 0.125 1
vt 0.125 1
vt 0 1
vt 0 1
vt 0.28125 1
vt 0.28125 1
vt 0 1
vt 0 1
vt 0.125 1
vt 0.125 1
vt 0 1
vt 0 1
vt 0.28125 1
vt 0.28125 1
vt 0 1
vt 0.5 1
vt 0.75 1
vt 0.75 0
vt 0.5 0
vt 0.1875 1
vt 0 1
vt 0 0.78125
vt 0.1875 0.78125
vn 0.9161983087414096 -0.3765864959191701 -0.13697908654499735
vn 0.22147031550232277 0.1909784013480311 0.9562835089918953
vn -0.9161983087414096 0.3765864959191701 0.13697908654499735
vn -0.22147031550232277 -0.1909784013480311 -0.9562835089918953
vn 0.33396340879006886 0.9064821351300154 -0.258376818386337
vn -0.33396340879006886 -0.9064821351300154 0.258376818386337
g Leaf
f 68/196/49 71/195/49 69/194/49 66/193/49
f 67/200/50 68/199/50 66/198/50 65/197/50
f 72/204/51 67/203/51 65/202/51 70/201/51
f 71/208/52 72/207/52 70/206/52 69/205/52
f 70/212/53 65/211/53 66/210/53 69/209/53
f 71/216/54 68/215/54 67/214/54 72/213/54
o cube
v 0.3920688540835988 1.1041999733276016 -0.099316421272813
v 1.1507955785100785 0.7923392813945388 -0.21275222731788893
v 0.3920688540835988 1.1041999733276016 -0.099316421272813
v 1.1507955785100785 0.7923392813945388 -0.21275222731788893
v 1.1457545817103332 0.8508085933555566 -0.4072148034991947
v 0.3870278572838533 1.1626692852886193 -0.29377899745411873
v 1.1457545817103332 0.8508085933555566 -0.4072148034991947
v 0.3870278572838533 1.1626692852886193 -0.29377899745411873
vt 0 1
vt 0.125 1
vt 0.125 1
vt 0 1
vt 0 1
vt 0.28125 1
vt 0.28125 1
vt 0 1
vt 0 1
vt 0.125 1
vt 0.125 1
vt 0 1
vt 0 1
vt 0.28125 1
vt 0.28125 1
vt 0 1
vt 0.25 1
vt 0.5 1
vt 0.5 0
vt 0.25 0
vt 0.1875 1
vt 0 1
vt 0 0.78125
vt 0.1875 0.78125
vn 0.9161983087414096 -0.3765864959191701 -0.13697908654499735
vn 0.024817215014131724 -0.2878489204234724 0.9573542212002744
vn -0.9161983087414096 0.3765864959191701 0.13697908654499735
vn -0.024817215014131724 0.2878489204234724 -0.9573542212002744
vn 0.3999559536978083 0.8805257577733672 0.2543808660243815
vn -0.3999559536978083 -0.8805257577733672 -0.2543808660243815
g Leaf
f 76/220/55 79/219/55 77/218/55 74/217/55
f 75/224/56 76/223/56 74/222/56 73/221/56
f 80/228/57 75/227/57 73/226/57 78/225/57
f 79/232/58 80/231/58 78/230/58 77/229/58
f 78/236/59 73/235/59 74/234/59 77/233/59
f 79/240/60 76/239/60 75/238/60 80/237/60
o cube
v 0.3331586195814312 1.2814087972422479 -0.23488529617194553
v 0.37827114924816485 1.7060593288451613 0.47464116654909433
v 0.3331586195814312 1.2814087972422479 -0.23488529617194553
v 0.37827114924816485 1.7060593288451613 0.47464116654909433
v 0.5077546079484576 1.5682776446766247 0.5488705883149356
v 0.462642078281724 1.1436271130737112 -0.16065587440610415
v 0.5077546079484576 1.5682776446766247 0.5488705883149356
v 0.462642078281724 1.1436271130737112 -0.16065587440610415
vt 0 1
vt 0.125 1
vt 0.125 1
vt 0 1
vt 0 1
vt 0.28125 1
vt 0.28125 1
vt 0 1
vt 0 1
vt 0.125 1
vt 0.125 1
vt 0 1
vt 0 1
vt 0.28125 1
vt 0.28125 1
vt 0 1
vt 0.5 1
vt 0.75 1
vt 0.75 0
vt 0.5 0
vt 0.1875 1
vt 0 1
vt 0 0.78125
vt 0.1875 0.78125
vn 0.054475507522093375 0.5127855475959708 0.8567866719650292
vn -0.6374570274475952 0.6783098297527963 -0.36543715330875765
vn -0.054475507522093375 -0.5127855475959708 -0.8567866719650292
vn 0.6374570274475952 -0.6783098297527963 0.36543715330875765
vn 0.7685577123664078 0.5262573106736218 -0.36383002312162327
vn -0.7685577123664078 -0.5262573106736218 0.36383002312162327
g Red_Leaf
f 84/244/61 87/243/61 85/242/61 82/241/61
f 83/248/62 84/247/62 82/246/62 81/245/62
f 88/252/63 83/251/63 81/250/63 86/249/63
f 87/256/64 88/255/64 86/254/64 85/253/64
f 86/260/65 81/259/65 82/258/65 85/257/65
f 87/264/66 84/263/66 83/262/66 88/261/66
o cube
v 0.4626684342656575 1.1436103224601528 -0.160647500993443
v 0.5077809639323911 1.5682608540630663 0.5488789617275969
v 0.4626684342656575 1.1436103224601528 -0.160647500993443
v 0.5077809639323911 1.5682608540630663 0.5488789617275969
v 0.6979735711989311 1.5023864235121989 0.5762120399617552
v 0.6528610415321976 1.0777358919092856 -0.13331442275928468
v 0.6979735711989311 1.5023864235121989 0.5762120399617552
v 0.6528610415321976 1.0777358919092856 -0.13331442275928468
vt 0 1
vt 0.125 1
vt 0.125 1
vt 0 1
vt 0 1
vt 0.28125 1
vt 0.28125 1
vt 0 1
vt 0 1
vt 0.125 1
vt 0.125 1
vt 0 1
vt 0 1
vt 0.28125 1
vt 0.28125 1
vt 0 1
vt 0.25 1
vt 0.5 1
vt 0.5 0
vt 0.25 0
vt 0.1875 1
vt 0 1
vt 0 0.78125
vt 0.1875 0.78125
vn 0.0544755075220934 0.5127855475959708 0.8567866719650292
vn -0.9363328357737357 0.3243048888658084 -0.134562846691241
vn -0.0544755075220934 -0.5127855475959708 -0.8567866719650292
vn 0.9363328357737357 -0.3243048888658084 0.134562846691241
vn 0.3468619894599653 0.7949071148470344 -0.4978046193371843
vn -0.3468619894599653 -0.7949071148470344 0.4978046193371843
g Red_Leaf
f 92/268/67 95/267/67 93/266/67 90/265/67
f 91/272/68 92/271/68 90/270/68 89/269/68
f 96/276/69 91/275/69 89/274/69 94/273/69
f 95/280/70 96/279/70 94/278/70 93/277/70
f 94/284/71 89/283/71 90/282/71 93/281/71
f 95/288/72 92/287/72 91/286/72 96/285/72
o cube
v 0.24800822905241848 1.2611396391587186 -0.08016517631655953
v 0.6764711945553686 1.208381400566089 0.6265363668245469
v 0.24800822905241848 1.2611396391587186 -0.08016517631655953
v 0.6764711945553686 1.208381400566089 0.6265363668245469
v 0.7898617132672088 1.0599566224303063 0.5467087956063045
v 0.36139874776425857 1.112714861022936 -0.159992747534802
v 0.7898617132672088 1.0599566224303063 0.5467087956063045
v 0.36139874776425857 1.112714861022936 -0.159992747534802
vt 0 1
vt 0.125 1
vt 0.125 1
vt 0 1
vt 0 1
vt 0.28125 1
vt 0.28125 1
vt 0 1
vt 0 1
vt 0.125 1
vt 0.125 1
vt 0 1
vt 0 1
vt 0.28125 1
vt 0.28125 1
vt 0 1
vt 0.5 1
vt 0.75 1
vt 0.75 0
vt 0.5 0
vt 0.1875 1
vt 0 1
vt 0 0.78125
vt 0.1875 0.78125
vn 0.517389241362053 -0.06370806169676048 0.853375448321336
vn -0.5582302459659821 0.7307066000530834 0.39299727368980897
vn -0.517389241362053 0.06370806169676048 -0.853375448321336
vn 0.5582302459659821 -0.7307066000530834 -0.39299727368980897
vn 0.6486041669705482 0.6797125477094749 -0.3424959665087114
vn -0.6486041669705482 -0.6797125477094749 0.3424959665087114
g Leaf
f 100/292/73 103/291/73 101/290/73 98/289/73
f 99/296/74 100/295/74 98/294/74 97/293/74
f 104/300/75 99/299/75 97/298/75 102/297/75
f 103/304/76 104/303/76 102/302/76 101/301/76
f 102/308/77 97/307/77 98/306/77 101/305/77
f 103/312/78 100/311/78 99/310/78 104/309/78
o cube
v 0.36142162349061746 1.1126977179542528 -0.1600078965602505
v 0.7898845889935676 1.059939479361623 0.546693646580856
v 0.36142162349061746 1.1126977179542528 -0.1600078965602505
v 0.7898845889935676 1.059939479361623 0.546693646580856
v 0.9539575194542622 1.0004331565717097 0.44277619538490554
v 0.5254945539513121 1.0531913951643395 -0.2639253477562009
v 0.9539575194542622 1.0004331565717097 0.44277619538490554
v 0.5254945539513121 1.0531913951643395 -0.2639253477562009
vt 0 1
vt 0.125 1
vt 0.125 1
vt 0 1
vt 0 1
vt 0.28125 1
vt 0.28125 1
vt 0 1
vt 0 1
vt 0.125 1
vt 0.125 1
vt 0 1
vt 0 1
vt 0.28125 1
vt 0.28125 1
vt 0 1
vt 0.25 1
vt 0.5 1
vt 0.5 0
vt 0.25 0
vt 0.1875 1
vt 0 1
vt 0 0.78125
vt 0.1875 0.78125
vn 0.5173892413620529 -0.06370806169676041 0.853375448321336
vn -0.8077436576526502 0.29295420450418835 0.511593605887756
vn -0.5173892413620529 0.06370806169676041 -0.853375448321336
vn 0.8077436576526502 -0.29295420450418835 -0.511593605887756
vn 0.2825925626139475 0.9540016336139892 -0.10011157084534389
vn -0.2825925626139475 -0.9540016336139892 0.10011157084534389
g Leaf
f 108/316/79 111/315/79 109/314/79 106/313/79
f 107/320/80 108/319/80 106/318/80 105/317/80
f 112/324/81 107/323/81 105/322/81 110/321/81
f 111/328/82 112/327/82 110/326/82 109/325/82
f 110/332/83 105/331/83 106/330/83 109/329/83
f 111/336/84 108/335/84 107/334/84 112/333/84
o cube
v 0.5351290424322354 1.1152762904278968 -0.33212927262631503
v 0.06980291719093229 1.6319245009825993 0.1176898458241335
v 0.5351290424322354 1.1152762904278968 -0.33212927262631503
v 0.06980291719093229 1.6319245009825993 0.1176898458241335
v 0.1152397935678024 1.5267909674919753 0.28544620494619133
v 0.5805659188091055 1.0101427569372725 -0.1643729135042572
v 0.1152397935678024 1.5267909674919753 0.28544620494619133
v 0.5805659188091055 1.0101427569372725 -0.1643729135042572
vt 0 1
vt 0.125 1
vt 0.125 1
vt 0 1
vt 0 1
vt 0.28125 1
vt 0.28125 1
vt 0 1
vt 0 1
vt 0.125 1
vt 0.125 1
vt 0 1
vt 0 1
vt 0.28125 1
vt 0.28125 1
vt 0 1
vt 0.5 1
vt 0.75 1
vt 0.75 0
vt 0.5 0
vt 0.1875 1
vt 0 1
vt 0 0.78125
vt 0.1875 0.78125
vn -0.5619032455744039 0.6238770844434144 0.5431778034118625
vn -0.22368923754766834 0.5175804725692265 -0.825877460293208
vn 0.5619032455744039 -0.6238770844434144 -0.5431778034118625
vn 0.22368923754766834 -0.5175804725692265 0.825877460293208
vn 0.7963842462142847 0.585566254083516 0.15127555803997247
vn -0.7963842462142847 -0.585566254083516 -0.15127555803997247
g Yellow_Leaf
f 116/340/85 119/339/85 117/338/85 114/337/85
f 115/344/86 116/343/86 114/342/86 113/341/86
f 120/348/87 115/347/87 113/346/87 118/345/87
f 119/352/88 120/351/88 118/350/88 117/349/88
f 118/356/89 113/355/89 114/354/89 117/353/89
f 119/360/90 116/359/90 115/358/90 120/357/90
o cube
v 0.5805795775520414 1.0101314857346226 -0.1643458381397242
v 0.11525345231073825 1.5267796962893252 0.28547328031072433
v 0.5805795775520414 1.0101314857346226 -0.1643458381397242
v 0.11525345231073825 1.5267796962893252 0.28547328031072433
v 0.23548571652785907 1.4952029581771797 0.4461184728202464
v 0.7008118417691622 0.9785547476224772 -0.0037006456302020874
v 0.23548571652785907 1.4952029581771797 0.4461184728202464
v 0.7008118417691622 0.9785547476224772 -0.0037006456302020874
vt 0 1
vt 0.125 1
vt 0.125 1
vt 0 1
vt 0 1
vt 0.28125 1
vt 0.28125 1
vt 0 1
vt 0 1
vt 0.125 1
vt 0.125 1
vt 0 1
vt 0 1
vt 0.28125 1
vt 0.28125 1
vt 0 1
vt 0.25 1
vt 0.5 1
vt 0.5 0
vt 0.25 0
vt 0.1875 1
vt 0 1
vt 0 0.78125
vt 0.1875 0.78125
vn -0.5619032455744039 0.6238770844434145 0.5431778034118626
vn -0.5919126853765948 0.155454710705947 -0.7908686400468783
vn 0.5619032455744039 -0.6238770844434145 -0.5431778034118626
vn 0.5919126853765948 -0.155454710705947 0.7908686400468783
vn 0.5778443696214575 0.7659054879198315 -0.28193025391232057
vn -0.5778443696214575 -0.7659054879198315 0.28193025391232057
g Yellow_Leaf
f 124/364/91 127/363/91 125/362/91 122/361/91
f 123/368/92 124/367/92 122/366/92 121/365/92
f 128/372/93 123/371/93 121/370/93 126/369/93
f 127/376/94 128/375/94 126/374/94 125/373/94
f 126/380/95 121/379/95 122/378/95 125/377/95
f 127/384/96 124/383/96 123/382/96 128/381/96
o cube
v 0.7016140960939476 1.0118592130277004 -0.1593980035067597
v 0.10998703085596667 1.492655631830487 -0.4828222372452188
v 0.7016140960939476 1.0118592130277004 -0.1593980035067597
v 0.10998703085596667 1.492655631830487 -0.4828222372452188
v 0.0007713917201441767 1.4726856132289963 -0.31272547610553714
v 0.5923984569581252 0.9918891944262096 0.010698757632921996
v 0.0007713917201441767 1.4726856132289963 -0.31272547610553714
v 0.5923984569581252 0.9918891944262096 0.010698757632921996
vt 0 1
vt 0.125 1
vt 0.125 1
vt 0 1
vt 0 1
vt 0.28125 1
vt 0.28125 1
vt 0 1
vt 0 1
vt 0.125 1
vt 0.125 1
vt 0 1
vt 0 1
vt 0.28125 1
vt 0.28125 1
vt 0 1
vt 0.5 1
vt 0.75 1
vt 0.75 0
vt 0.5 0
vt 0.1875 1
vt 0 1
vt 0 0.78125
vt 0.1875 0.78125
vn -0.7144175882119014 0.5805843547807235 -0.39055001809927137
vn 0.5376769926686645 0.09831393773041604 -0.8373994394568943
vn 0.7144175882119014 -0.5805843547807235 0.39055001809927137
vn -0.5376769926686645 -0.09831393773041604 0.8373994394568943
vn 0.44778450309079587 0.8082426471251014 0.38240405614995526
vn -0.44778450309079587 -0.8082426471251014 -0.38240405614995526
g Leaf
f 132/388/97 135/387/97 133/386/97 130/385/97
f 131/392/98 132/391/98 130/390/98 129/389/98
f 136/396/99 131/395/99 129/394/99 134/393/99
f 135/400/100 136/399/100 134/398/100 133/397/100
f 134/404/101 129/403/101 130/402/101 133/401/101
f 135/408/102 132/407/102 131/406/102 136/405/102
o cube
v 0.5923854040357339 0.9918928898647246 0.010728128393613381
v 0.0007583387977529443 1.4726893086675112 -0.3126961053448457
v 0.5923854040357339 0.9918928898647246 0.010728128393613381
v 0.0007583387977529443 1.4726893086675112 -0.3126961053448457
v -0.04834706558926438 1.5374819090932155 -0.12655007714369784
v 0.5432799996487166 1.0566854902904288 0.19687415659476126
v -0.04834706558926438 1.5374819090932155 -0.12655007714369784
v 0.5432799996487166 1.0566854902904288 0.19687415659476126
vt 0 1
vt 0.125 1
vt 0.125 1
vt 0 1
vt 0 1
vt 0.28125 1
vt 0.28125 1
vt 0 1
vt 0 1
vt 0.125 1
vt 0.125 1
vt 0 1
vt 0 1
vt 0.28125 1
vt 0.28125 1
vt 0 1
vt 0.25 1
vt 0.5 1
vt 0.5 0
vt 0.25 0
vt 0.1875 1
vt 0 1
vt 0 0.78125
vt 0.1875 0.78125
vn -0.7144175882119014 0.5805843547807236 -0.39055001809927137
vn 0.241749683136085 -0.318978955941929 -0.9164112157594972
vn 0.7144175882119014 -0.5805843547807236 0.39055001809927137
vn -0.241749683136085 0.318978955941929 0.9164112157594972
vn 0.6566312514319529 0.7491156336975274 -0.08752809259237496
vn -0.6566312514319529 -0.7491156336975274 0.08752809259237496
g Leaf
f 140/412/103 143/411/103 141/410/103 138/409/103
f 139/416/104 140/415/104 138/414/104 137/413/104
f 144/420/105 139/419/105 137/418/105 142/417/105
f 143/424/106 144/423/106 142/422/106 141/421/106
f 142/428/107 137/427/107 138/426/107 141/425/107
f 143/432/108 140/431/108 139/430/108 144/429/108
o cube
v 0.2442162526393566 1.189860203217601 0.02533326146588674
v 1.0545049339579093 1.1270397643240158 0.18432024523895782
v 0.2442162526393566 1.189860203217601 0.02533326146588674
v 1.0545049339579093 1.1270397643240158 0.18432024523895782
v 1.085253293630269 1.0521592754440579 -0.0019784836551431373
v 0.2749646123117164 1.1149797143376434 -0.16096546742821422
v 1.085253293630269 1.0521592754440579 -0.0019784836551431373
v 0.2749646123117164 1.1149797143376434 -0.16096546742821422
vt 0 1
vt 0.125 1
vt 0.125 1
vt 0 1
vt 0 1
vt 0.28125 1
vt 0.28125 1
vt 0 1
vt 0 1
vt 0.125 1
vt 0.125 1
vt 0 1
vt 0 1
vt 0.28125 1
vt 0.28125 1
vt 0 1
vt 0.5 1
vt 0.75 1
vt 0.75 0
vt 0.5 0
vt 0.1875 1
vt 0 1
vt 0 0.78125
vt 0.1875 0.78125
vn 0.9784618038563653 -0.07585864319225402 0.1919842822920104
vn -0.15137653992546374 0.36864240679363836 0.9171629730171122
vn -0.9784618038563653 0.07585864319225402 -0.1919842822920104
vn 0.15137653992546374 -0.36864240679363836 -0.9171629730171122
vn 0.14034828660992812 0.9264708533820285 -0.3492192953993716
vn -0.14034828660992812 -0.9264708533820285 0.3492192953993716
g Yellow_Leaf
f 148/436/109 151/435/109 149/434/109 146/433/109
f 147/440/110 148/439/110 146/438/110 145/437/110
f 152/444/111 147/443/111 145/442/111 150/441/111
f 151/448/112 152/447/112 150/446/112 149/445/112
f 150/452/113 145/451/113 146/450/113 149/449/113
f 151/456/114 148/455/114 147/454/114 152/453/114
o cube
v 0.2749705180229339 1.1149759519846578 -0.16099705292975194
v 1.0852591993414866 1.0521555130910725 -0.002010069156680866
v 0.2749705180229339 1.1149759519846578 -0.16099705292975194
v 1.0852591993414866 1.0521555130910725 -0.002010069156680866
v 1.1261421828012719 1.081401803519843 -0.198817085760721
v 0.3158535014827193 1.1442222424134285 -0.35780406953379207
v 1.1261421828012719 1.081401803519843 -0.198817085760721
v 0.3158535014827193 1.1442222424134285 -0.35780406953379207
vt 0 1
vt 0.125 1
vt 0.125 1
vt 0 1
vt 0 1
vt 0.28125 1
vt 0.28125 1
vt 0 1
vt 0 1
vt 0.125 1
vt 0.125 1
vt 0 1
vt 0 1
vt 0.28125 1
vt 0.28125 1
vt 0 1
vt 0.25 1
vt 0.5 1
vt 0.5 0
vt 0.25 0
vt 0.1875 1
vt 0 1
vt 0 0.78125
vt 0.1875 0.78125
vn 0.9784618038563653 -0.07585864319225402 0.1919842822920104
vn -0.201270072417405 -0.1439817374954863 0.9688960817429667
vn -0.9784618038563653 0.07585864319225402 -0.1919842822920104
vn 0.201270072417405 0.1439817374954863 -0.9688960817429667
vn 0.04585691161908528 0.9866684982915039 0.15614870520099808
vn -0.04585691161908528 -0.9866684982915039 -0.15614870520099808
g Yellow_Leaf
f 156/460/115 159/459/115 157/458/115 154/457/115
f 155/464/116 156/463/116 154/462/116 153/461/116
f 160/468/117 155/467/117 153/466/117 158/465/117
f 159/472/118 160/471/118 158/470/118 157/469/118
f 158/476/119 153/475/119 154/474/119 157/473/119
f 159/480/120 156/479/120 155/478/120 160/477/120
o cube
v 0.6693388223159934 1.1166848208912927 0.03572677969939832
v 1.223959780783341 1.4247446074634373 -0.4965191934660975
v 0.6693388223159934 1.1166848208912927 0.03572677969939832
v 1.223959780783341 1.4247446074634373 -0.4965191934660975
v 1.0745375126257053 1.5163086120408715 -0.5992264691060016
v 0.5199165541583578 1.208248825468727 -0.06698049594050588
v 1.0745375126257053 1.5163086120408715 -0.5992264691060016
v 0.5199165541583578 1.208248825468727 -0.06698049594050588
vt 0 1
vt 0.125 1
vt 0.125 1
vt 0 1
vt 0 1
vt 0.28125 1
vt 0.28125 1
vt 0 1
vt 0 1
vt 0.125 1
vt 0.125 1
vt 0 1
vt 0 1
vt 0.28125 1
vt 0.28125 1
vt 0 1
vt 0.5 1
vt 0.75 1
vt 0.75 0
vt 0.5 0
vt 0.1875 1
vt 0 1
vt 0 0.78125
vt 0.1875 0.78125
vn 0.6697309687152877 0.37199672340787276 -0.6427121185394666
vn 0.7356173201606675 -0.4507766379196759 0.5056358185349129
vn -0.6697309687152877 -0.37199672340787276 0.6427121185394666
vn -0.7356173201606675 0.4507766379196759 -0.5056358185349129
vn 0.10162474021280765 0.8114301328393223 0.5755463071700133
vn -0.10162474021280765 -0.8114301328393223 -0.5755463071700133
g Red_Leaf
f 164/484/121 167/483/121 165/482/121 162/481/121
f 163/488/122 164/487/122 162/486/122 161/485/122
f 168/492/123 163/491/123 161/490/123 166/489/123
f 167/496/124 168/495/124 166/494/124 165/493/124
f 166/500/125 161/499/125 162/498/125 165/497/125
f 167/504/126 164/503/126 163/502/126 168/501/126
o cube
v 0.5198944170618973 1.208269706678679 -0.06699147777385
v 1.074515375529245 1.5163294932508236 -0.5992374509393459
v 0.5198944170618973 1.208269706678679 -0.06699147777385
v 1.074515375529245 1.5163294932508236 -0.5992374509393459
v 0.955433158091505 1.6780371201536097 -0.629730638975039
v 0.4008121996241576 1.3699773335814653 -0.09748466580954321
v 0.955433158091505 1.6780371201536097 -0.629730638975039
v 0.4008121996241576 1.3699773335814653 -0.09748466580954321
vt 0 1
vt 0.125 1
vt 0.125 1
vt 0 1
vt 0 1
vt 0.28125 1
vt 0.28125 1
vt 0 1
vt 0 1
vt 0.125 1
vt 0.125 1
vt 0 1
vt 0 1
vt 0.28125 1
vt 0.28125 1
vt 0 1
vt 0.25 1
vt 0.5 1
vt 0.5 0
vt 0.25 0
vt 0.1875 1
vt 0 1
vt 0 0.78125
vt 0.1875 0.78125
vn 0.6697309687152876 0.3719967234078727 -0.6427121185394665
vn 0.5862509166165649 -0.7960990862906401 0.1501203103295665
vn -0.6697309687152876 -0.3719967234078727 0.6427121185394665
vn -0.5862509166165649 0.7960990862906401 -0.1501203103295665
vn 0.4558182667576192 0.4773307894751969 0.7512556323310099
vn -0.4558182667576192 -0.4773307894751969 -0.7512556323310099
g Red_Leaf
f 172/508/127 175/507/127 173/506/127 170/505/127
f 171/512/128 172/511/128 170/510/128 169/509/128
f 176/516/129 171/515/129 169/514/129 174/513/129
f 175/520/130 176/519/130 174/518/130 173/517/130
f 174/524/131 169/523/131 170/522/131 173/521/131
f 175/528/132 172/527/132 171/526/132 176/525/132
o cube
v 0.3909831713104799 1.2940169280746139 0.10681646698924274
v 1.1395873704056614 1.4784957609477027 0.40905863635653106
v 0.3909831713104799 1.2940169280746139 0.10681646698924274
v 1.1395873704056614 1.4784957609477027 0.40905863635653106
v 1.2245655488217462 1.4207302118930245 0.23383986978030052
v 0.4759613497265648 1.2362513790199354 -0.06840229958698782
v 1.2245655488217462 1.4207302118930245 0.23383986978030052
v 0.4759613497265648 1.2362513790199354 -0.06840229958698782
vt 0 1
vt 0.125 1
vt 0.125 1
vt 0 1
vt 0 1
vt 0.28125 1
vt 0.28125 1
vt 0 1
vt 0 1
vt 0.125 1
vt 0.125 1
vt 0 1
vt 0 1
vt 0.28125 1
vt 0.28125 1
vt 0 1
vt 0.5 1
vt 0.75 1
vt 0.75 0
vt 0.5 0
vt 0.1875 1
vt 0 1
vt 0 0.78125
vt 0.1875 0.78125
vn 0.903974881926257 0.22276689252599438 0.3649716762171031
vn -0.41835410912534116 0.2843842414999546 0.8626154662214431
vn -0.903974881926257 -0.22276689252599438 -0.3649716762171031
vn 0.41835410912534116 -0.2843842414999546 -0.8626154662214431
vn -0.0883699735450449 0.9324701146850809 -0.35027165599694265
vn 0.0883699735450449 -0.9324701146850809 0.35027165599694265
g Red_Leaf
f 180/532/133 183/531/133 181/530/133 178/529/133
f 179/536/134 180/535/134 178/534/134 177/533/134
f 184/540/135 179/539/135 177/538/135 182/537/135
f 183/544/136 184/543/136 182/542/136 181/541/136
f 182/548/137 177/547/137 178/546/137 181/545/137
f 183/552/138 180/551/138 179/550/138 184/549/138
o cube
v 0.4759736833348406 1.2362502999690312 -0.0684321892907068
v 1.224577882430022 1.42072913284212 0.23380998007658155
v 0.4759736833348406 1.2362502999690312 -0.0684321892907068
v 1.224577882430022 1.42072913284212 0.23380998007658155
v 1.2891960682675094 1.4654066959199161 0.04649161193960066
v 0.5405918691723279 1.280927863046827 -0.2557505574276877
v 1.2891960682675094 1.4654066959199161 0.04649161193960066
v 0.5405918691723279 1.280927863046827 -0.2557505574276877
vt 0 1
vt 0.125 1
vt 0.125 1
vt 0 1
vt 0 1
vt 0.28125 1
vt 0.28125 1
vt 0 1
vt 0 1
vt 0.125 1
vt 0.125 1
vt 0 1
vt 0 1
vt 0.28125 1
vt 0.28125 1
vt 0 1
vt 0.25 1
vt 0.5 1
vt 0.5 0
vt 0.25 0
vt 0.1875 1
vt 0 1
vt 0 0.78125
vt 0.1875 0.78125
vn 0.903974881926257 0.22276689252599444 0.3649716762171031
vn -0.3181202995076302 -0.21995107976761064 0.9221827354435983
vn -0.903974881926257 -0.22276689252599444 -0.3649716762171031
vn 0.3181202995076302 0.21995107976761064 -0.9221827354435983
vn -0.2857076965844383 0.9497349283370462 0.12796358079172537
vn 0.2857076965844383 -0.9497349283370462 -0.12796358079172537
g Red_Leaf
f 188/556/139 191/555/139 189/554/139 186/553/139
f 187/560/140 188/559/140 186/558/140 185/557/140
f 192/564/141 187/563/141 185/562/141 190/561/141
f 191/568/142 192/567/142 190/566/142 189/565/142
f 190/572/143 185/571/143 186/570/143 189/569/143
f 191/576/144 188/575/144 187/574/144 192/573/144
o cube
v 0.7033062103319916 1.104625572947471 -0.15852559568072946
v 0.8392052047737384 1.864243563383983 -0.45903015062111285
v 0.7033062103319916 1.104625572947471 -0.15852559568072946
v 0.8392052047737384 1.864243563383983 -0.45903015062111285
v 0.6583767068579792 1.9244037636179312 -0.3887338472023588
v 0.5224777124162324 1.1647857731814193 -0.08822929226197546
v 0.6583767068579792 1.9244037636179312 -0.3887338472023588
v 0.5224777124162324 1.1647857731814193 -0.08822929226197546
vt 0 1
vt 0.125 1
vt 0.125 1
vt 0 1
vt 0 1
vt 0.28125 1
vt 0.28125 1
vt 0 1
vt 0 1
vt 0.125 1
vt 0.125 1
vt 0 1
vt 0 1
vt 0.28125 1
vt 0.28125 1
vt 0 1
vt 0.5 1
vt 0.75 1
vt 0.75 0
vt 0.5 0
vt 0.1875 1
vt 0 1
vt 0 0.78125
vt 0.1875 0.78125
vn 0.16410444611833566 0.9172745544893727 -0.36287342483367047
vn 0.8902326051237376 -0.29617329345943794 -0.34607410913848136
vn -0.16410444611833566 -0.9172745544893727 0.36287342483367047
vn -0.8902326051237376 0.29617329345943794 0.34607410913848136
vn 0.42491839162220074 0.26624945432378416 0.8651910705349941
vn -0.42491839162220074 -0.26624945432378416 -0.8651910705349941
g Purple_Leaf
f 196/580/145 199/579/145 197/578/145 194/577/145
f 195/584/146 196/583/146 194/582/146 193/581/146
f 200/588/147 195/587/147 193/586/147 198/585/147
f 199/592/148 200/591/148 198/590/148 197/589/148
f 198/596/149 193/595/149 194/594/149 197/593/149
f 199/600/150 196/599/150 195/598/150 200/597/150
o cube
v 0.5224534506630414 1.1647972580138315 -0.08821123284368679
v 0.6583524451047882 1.9244152484503434 -0.3887157877840701
v 0.5224534506630414 1.1647972580138315 -0.08821123284368679
v 0.6583524451047882 1.9244152484503434 -0.3887157877840701
v 0.544906146330689 2.0035564703544604 -0.23996643513007998
v 0.4090071518889423 1.2439384799179487 0.06053811981030338
v 0.544906146330689 2.0035564703544604 -0.23996643513007998
v 0.4090071518889423 1.2439384799179487 0.06053811981030338
vt 0 1
vt 0.125 1
vt 0.125 1
vt 0 1
vt 0 1
vt 0.28125 1
vt 0.28125 1
vt 0 1
vt 0 1
vt 0.125 1
vt 0.125 1
vt 0 1
vt 0 1
vt 0.28125 1
vt 0.28125 1
vt 0 1
vt 0.25 1
vt 0.5 1
vt 0.5 0
vt 0.25 0
vt 0.1875 1
vt 0 1
vt 0 0.78125
vt 0.1875 0.78125
vn 0.16410444611833563 0.9172745544893726 -0.3628734248336704
vn 0.5585048555032571 -0.38961832322026874 -0.7323045053734902
vn -0.16410444611833563 -0.9172745544893726 0.3628734248336704
vn -0.5585048555032571 0.38961832322026874 0.7323045053734902
vn 0.8131064242419194 0.08249214445842272 0.5762403916415184
vn -0.8131064242419194 -0.08249214445842272 -0.5762403916415184
g Purple_Leaf
f 204/604/151 207/603/151 205/602/151 202/601/151
f 203/608/152 204/607/152 202/606/152 201/605/152
f 208/612/153 203/611/153 201/610/153 206/609/153
f 207/616/154 208/615/154 206/614/154 205/613/154
f 206/620/155 201/619/155 202/618/155 205/617/155
f 207/624/156 204/623/156 203/622/156 208/621/156
o cube
v 0.3337762276547989 1.340042135387819 -0.2618607080440611
v 0.7285279350783314 1.934752760454293 0.15799805099789305
v 0.3337762276547989 1.340042135387819 -0.2618607080440611
v 0.7285279350783314 1.934752760454293 0.15799805099789305
v 0.858571945659198 1.796865330622417 0.23104172034303821
v 0.4638202382356656 1.202154705555943 -0.18881703869891592
v 0.858571945659198 1.796865330622417 0.23104172034303821
v 0.4638202382356656 1.202154705555943 -0.18881703869891592
vt 0 1
vt 0.125 1
vt 0.125 1
vt 0 1
vt 0 1
vt 0.28125 1
vt 0.28125 1
vt 0 1
vt 0 1
vt 0.125 1
vt 0.125 1
vt 0 1
vt 0 1
vt 0.28125 1
vt 0.28125 1
vt 0 1
vt 0.5 1
vt 0.75 1
vt 0.75 0
vt 0.5 0
vt 0.1875 1
vt 0 1
vt 0 0.78125
vt 0.1875 0.78125
vn 0.4766813070774733 0.718141132155742 0.5069992562016052
vn -0.640216667475036 0.6788304237876973 -0.35959960292994564
vn -0.4766813070774733 -0.718141132155742 -0.5069992562016052
vn 0.640216667475036 -0.6788304237876973 0.35959960292994564
vn 0.6024097859182493 0.15317496546852669 -0.7833516961005731
vn -0.6024097859182493 -0.15317496546852669 0.7833516961005731
g Purple_Leaf
f 212/628/157 215/627/157 213/626/157 210/625/157
f 211/632/158 212/631/158 210/630/158 209/629/158
f 216/636/159 211/635/159 209/634/159 214/633/159
f 215/640/160 216/639/160 214/638/160 213/637/160
f 214/644/161 209/643/161 210/642/161 213/641/161
f 215/648/162 212/647/162 211/646/162 216/645/162
o cube
v 0.4638452892332031 1.2021347747013873 -0.18881236053780093
v 0.8585969966567356 1.7968453997678613 0.2310463985041532
v 0.4638452892332031 1.2021347747013873 -0.18881236053780093
v 0.8585969966567356 1.7968453997678613 0.2310463985041532
v 1.0324006573121007 1.6929882151013096 0.21474491510746518
v 0.6376489498885682 1.0982775900348356 -0.205113843934489
v 1.0324006573121007 1.6929882151013096 0.21474491510746518
v 0.6376489498885682 1.0982775900348356 -0.205113843934489
vt 0 1
vt 0.125 1
vt 0.125 1
vt 0 1
vt 0 1
vt 0.28125 1
vt 0.28125 1
vt 0 1
vt 0 1
vt 0.125 1
vt 0.125 1
vt 0 1
vt 0 1
vt 0.28125 1
vt 0.28125 1
vt 0 1
vt 0.25 1
vt 0.5 1
vt 0.5 0
vt 0.25 0
vt 0.1875 1
vt 0 1
vt 0 0.78125
vt 0.1875 0.78125
vn 0.4766813070774732 0.718141132155742 0.5069992562016051
vn -0.8556487909187205 0.5112969091276388 0.08025345672215663
vn -0.4766813070774732 -0.718141132155742 -0.5069992562016051
vn 0.8556487909187205 -0.5112969091276388 -0.08025345672215663
vn 0.20159384435603123 0.472068623213397 -0.8582022703856967
vn -0.20159384435603123 -0.472068623213397 0.8582022703856967
g Purple_Leaf
f 220/652/163 223/651/163 221/650/163 218/649/163
f 219/656/164 220/655/164 218/654/164 217/653/164
f 224/660/165 219/659/165 217/658/165 222/657/165
f 223/664/166 224/663/166 222/662/166 221/661/166
f 222/668/167 217/667/167 218/666/167 221/665/167
f 223/672/168 220/671/168 219/670/168 224/669/168
o cube
v 0.5156353693299993 1.2146047197720922 -0.28313505428684516
v 0.3040396987988712 2.010798334015333 -0.19890906972288935
v 0.5156353693299993 1.2146047197720922 -0.28313505428684516
v 0.3040396987988712 2.010798334015333 -0.19890906972288935
v 0.32363479108566506 1.9946864046934412 0.002625551910214685
v 0.5352304616167931 1.1984927904501999 -0.08160043265374112
v 0.32363479108566506 1.9946864046934412 0.002625551910214685
v 0.5352304616167931 1.1984927904501999 -0.08160043265374112
vt 0 1
vt 0.125 1
vt 0.125 1
vt 0 1
vt 0 1
vt 0.28125 1
vt 0.28125 1
vt 0 1
vt 0 1
vt 0.125 1
vt 0.125 1
vt 0 1
vt 0 1
vt 0.28125 1
vt 0.28125 1
vt 0 1
vt 0.5 1
vt 0.75 1
vt 0.75 0
vt 0.5 0
vt 0.1875 1
vt 0 1
vt 0 0.78125
vt 0.1875 0.78125
vn -0.2555117530941923 0.9614413455012721 0.10170684928477652
vn -0.09646814664267714 0.079320267430854 -0.9921704449629736
vn 0.2555117530941923 -0.9614413455012721 -0.10170684928477652
vn 0.09646814664267714 -0.079320267430854 0.9921704449629736
vn 0.9619811020566149 0.26332268101210277 -0.07248120411899199
vn -0.9619811020566149 -0.26332268101210277 0.07248120411899199
g Yellow_Leaf
f 228/676/169 231/675/169 229/674/169 226/673/169
f 227/680/170 228/679/170 226/678/170 225/677/170
f 232/684/171 227/683/171 225/682/171 230/681/171
f 231/688/172 232/687/172 230/686/172 229/685/172
f 230/692/173 225/691/173 226/690/173 229/689/173
f 231/696/174 228/695/174 227/694/174 232/693/174
o cube
v 0.5352415313112587 1.1984925166011962 -0.08157003424089565
v 0.32364586078013063 1.9946861308444372 0.0026559503230601383
v 0.5352415313112587 1.1984925166011962 -0.08157003424089565
v 0.32364586078013063 1.9946861308444372 0.0026559503230601383
v 0.43831691416761953 2.007476500537991 0.16982868010607804
v 0.6499125846987477 1.2112828862947498 0.08560269554212227
v 0.43831691416761953 2.007476500537991 0.16982868010607804
v 0.6499125846987477 1.2112828862947498 0.08560269554212227
vt 0 1
vt 0.125 1
