# Made in Blockbench 4.12.3

o cube
v 0.20374999999999996 3.55875 -0.748894052838329
v 0.20374999999999996 3.55875 -1.1438940528383292
v 0.20374999999999996 2.984375 -0.748894052838329
v 0.20374999999999996 2.984375 -1.1438940528383292
v -0.20375000000000001 3.55875 -1.1438940528383292
v -0.20375000000000001 3.55875 -0.748894052838329
v -0.20375000000000001 2.984375 -1.1438940528383292
v -0.20375000000000001 2.984375 -0.748894052838329
vt 0 0.7366071428571428
vt 0.03571428571428571 0.7366071428571428
vt 0.03571428571428571 0.6830357142857143
vt 0 0.6830357142857143
vt 0 0.7366071428571428
vt 0.03571428571428571 0.7366071428571428
vt 0.03571428571428571 0.6830357142857143
vt 0 0.6830357142857143
vt 0 0.7366071428571428
vt 0.03571428571428571 0.7366071428571428
vt 0.03571428571428571 0.6830357142857143
vt 0 0.6830357142857143
vt 0 0.7366071428571428
vt 0.03571428571428571 0.7366071428571428
vt 0.03571428571428571 0.6830357142857143
vt 0 0.6830357142857143
vt 0 1
vt 0.03571428571428571 1
vt 0.03571428571428571 0.9642857142857143
vt 0 0.9642857142857143
vt 0 1
vt 0.03571428571428571 1
vt 0.03571428571428571 0.9642857142857143
vt 0 0.9642857142857143
vn 0 0 -1
vn 1 0 0
vn 0 0 1
vn -1 0 0
vn 0 1 0
vn 0 -1 0
g Trunk
f 4/4/1 7/3/1 5/2/1 2/1/1
f 3/8/2 4/7/2 2/6/2 1/5/2
f 8/12/3 3/11/3 1/10/3 6/9/3
f 7/16/4 8/15/4 6/14/4 5/13/4
f 6/20/5 1/19/5 2/18/5 5/17/5
f 7/24/6 4/23/6 3/22/6 8/21/6
o cube
v 0.19749999999999998 3.2109374851843335 -0.8203292101938162
v 0.19749999999999998 2.9843747928256708 -1.1438942676879678
v 0.19749999999999998 1.7676939771526663 0.19024077360218294
v 0.19749999999999998 1.541131284794003 -0.1333242838919686
v -0.19750000000000004 2.9843747928256708 -1.1438942676879678
v -0.19750000000000004 3.2109374851843335 -0.8203292101938162
v -0.19750000000000004 1.541131284794003 -0.1333242838919686
v -0.19750000000000004 1.7676939771526663 0.19024077360218294
vt 0 0.7366071428571428
vt 0.03571428571428571 0.7366071428571428
vt 0.03571428571428571 0.5625
vt 0 0.5625
vt 0 0.7366071428571428
vt 0.03571428571428571 0.7366071428571428
vt 0.03571428571428571 0.5625
vt 0 0.5625
vt 0 0.7366071428571428
vt 0.03571428571428571 0.7366071428571428
vt 0.03571428571428571 0.5625
vt 0 0.5625
vt 0 0.7366071428571428
vt 0.03571428571428571 0.7366071428571428
vt 0.03571428571428571 0.5625
vt 0 0.5625
vt 0 0.1339285714285714
vt 0.03571428571428571 0.1339285714285714
vt 0.03571428571428571 0.0982142857142857
vt 0 0.0982142857142857
vt 0 0.1741071428571429
vt 0.03571428571428571 0.1741071428571429
vt 0.03571428571428571 0.1383928571428571
vt 0 0.1383928571428571
vn 0 -0.573576436351046 -0.8191520442889918
vn 1 0 0
vn 0 0.573576436351046 0.8191520442889918
vn -1 0 0
vn 0 0.8191520442889918 -0.573576436351046
vn 0 -0.8191520442889918 0.573576436351046
g Trunk
f 12/28/7 15/27/7 13/26/7 10/25/7
f 11/32/8 12/31/8 10/30/8 9/29/8
f 16/36/9 11/35/9 9/34/9 14/33/9
f 15/40/10 16/39/10 14/38/10 13/37/10
f 14/44/11 9/43/11 10/42/11 13/41/11
f 15/48/12 12/47/12 11/46/12 16/45/12
o cube
v 0.21624999999999994 1.767694375 0.19024094716167098
v 0.21624999999999994 1.767694375 -0.20475905283832904
v 0.21624999999999994 0.005819375000000182 0.19024094716167098
v 0.21624999999999994 0.005819375000000182 -0.20475905283832904
v -0.21000000000000002 1.767694375 -0.20475905283832904
v -0.21000000000000002 1.767694375 0.19024094716167098
v -0.21000000000000002 0.005819375000000182 -0.20475905283832904
v -0.21000000000000002 0.005819375000000182 0.19024094716167098
vt 0 0.7366071428571428
vt 0.03571428571428571 0.7366071428571428
vt 0.03571428571428571 0.5625
vt 0 0.5625
vt 0 0.7366071428571428
vt 0.03571428571428571 0.7366071428571428
vt 0.03571428571428571 0.5625
vt 0 0.5625
vt 0 0.7366071428571428
vt 0.03571428571428571 0.7366071428571428
vt 0.03571428571428571 0.5625
vt 0 0.5625
vt 0 0.7366071428571428
vt 0.03571428571428571 0.7366071428571428
vt 0.03571428571428571 0.5625
vt 0 0.5625
vt 0 0.1339285714285714
vt 0.03571428571428571 0.1339285714285714
vt 0.03571428571428571 0.0982142857142857
vt 0 0.0982142857142857
vt 0 0.1741071428571429
vt 0.03571428571428571 0.1741071428571429
vt 0.03571428571428571 0.1383928571428571
vt 0 0.1383928571428571
vn 0 0 -1
vn 1 0 0
vn 0 0 1
vn -1 0 0
vn 0 1 0
vn 0 -1 0
g Trunk
f 20/52/13 23/51/13 21/50/13 18/49/13
f 19/56/14 20/55/14 18/54/14 17/53/14
f 24/60/15 19/59/15 17/58/15 22/57/15
f 23/64/16 24/63/16 22/62/16 21/61/16
f 22/68/17 17/67/17 18/66/17 21/65/17
f 23/72/18 20/71/18 19/70/18 24/69/18
o cube
v 0.8179251481429306 3.55875 0.17653424014630448
v 0.6667651923587199 3.55875 0.5414666554882632
v 0.8179251481429305 2.984375 0.17653424014630442
v 0.6667651923587199 2.984375 0.5414666554882631
v 1.0432461018570693 3.55875 0.6974101541770373
v 1.19440605764128 3.55875 0.3324777388350786
v 1.0432461018570693 2.984375 0.6974101541770372
v 1.19440605764128 2.984375 0.33247773883507853
vt 0 0.7366071428571428
vt 0.03571428571428571 0.7366071428571428
vt 0.03571428571428571 0.6830357142857143
vt 0 0.6830357142857143
vt 0 0.7366071428571428
vt 0.03571428571428571 0.7366071428571428
vt 0.03571428571428571 0.6830357142857143
vt 0 0.6830357142857143
vt 0 0.7366071428571428
vt 0.03571428571428571 0.7366071428571428
vt 0.03571428571428571 0.6830357142857143
vt 0 0.6830357142857143
vt 0 0.7366071428571428
vt 0.03571428571428571 0.7366071428571428
vt 0.03571428571428571 0.6830357142857143
vt 0 0.6830357142857143
vt 0 1
vt 0.03571428571428571 1
vt 0.03571428571428571 0.9642857142857143
vt 0 0.9642857142857143
vt 0 1
vt 0.03571428571428571 1
vt 0.03571428571428571 0.9642857142857143
vt 0 0.9642857142857143
vn -0.3826834323650897 0 0.9238795325112867
vn -0.9238795325112867 0 -0.3826834323650897
vn 0.3826834323650897 0 -0.9238795325112867
vn 0.9238795325112867 0 0.3826834323650897
vn 0 1 0
vn 0 -1 0
g Trunk
f 28/76/19 31/75/19 29/74/19 26/73/19
f 27/80/20 28/79/20 26/78/20 25/77/20
f 32/84/21 27/83/21 25/82/21 30/81/21
f 31/88/22 32/87/22 30/86/22 29/85/22
f 30/92/23 25/91/23 26/90/23 29/89/23
f 31/96/24 28/95/24 27/94/24 32/93/24
o cube
v 0.7361450177395477 3.210937485184334 0.5769695156278358
v 1.0350801517942325 2.9843747928256708 0.7007925024231055
v -0.1974999064598395 1.7676939771526672 0.19024112558364942
v 0.10143522759484536 1.5411312847940035 0.31406411237891907
v 1.1862401075784428 2.9843747928256708 0.3358600870811472
v 0.887304973523758 3.210937485184334 0.21203710028587752
v 0.2525951833790556 1.5411312847940035 -0.05086830296303935
v -0.04633995067562924 1.7676939771526672 -0.17469128975830894
vt 0 0.7366071428571428
vt 0.03571428571428571 0.7366071428571428
vt 0.03571428571428571 0.5625
vt 0 0.5625
vt 0 0.7366071428571428
vt 0.03571428571428571 0.7366071428571428
vt 0.03571428571428571 0.5625
vt 0 0.5625
vt 0 0.7366071428571428
vt 0.03571428571428571 0.7366071428571428
vt 0.03571428571428571 0.5625
vt 0 0.5625
vt 0 0.7366071428571428
vt 0.03571428571428571 0.7366071428571428
vt 0.03571428571428571 0.5625
vt 0 0.5625
vt 0 0.1339285714285714
vt 0.03571428571428571 0.1339285714285714
vt 0.03571428571428571 0.0982142857142857
vt 0 0.0982142857142857
vt 0 0.1741071428571429
vt 0.03571428571428571 0.1741071428571429
vt 0.03571428571428571 0.1383928571428571
vt 0 0.1383928571428571
vn 0.7567978077333785 -0.5735764363510465 0.3134759159373912
vn -0.38268343236508984 0 0.9238795325112868
vn -0.7567978077333785 0.5735764363510465 -0.3134759159373912
vn 0.38268343236508984 0 -0.9238795325112868
vn 0.5299155298754946 0.8191520442889915 0.21949819938655482
vn -0.5299155298754946 -0.8191520442889915 -0.21949819938655482
g Trunk
f 36/100/25 39/99/25 37/98/25 34/97/25
f 35/104/26 36/103/26 34/102/26 33/101/26
f 40/108/27 35/107/27 33/106/27 38/105/27
f 39/112/28 40/111/28 38/110/28 37/109/28
f 38/116/29 33/115/29 34/114/29 37/113/29
f 39/120/30 36/119/30 35/118/30 40/117/30
o cube
v -0.12092978342517041 3.921874985184334 0.8667433274999161
v -0.2827123121722457 3.695312292825671 1.146958887066823
v 0.3843552084728294 2.478631477152667 -0.008435950769448475
v 0.22257267972575406 2.2520687847940044 0.27177960879745844
v 0.05936772232260762 3.695312292825671 1.3444588870668228
v 0.22115025106968295 3.921874985184334 1.064243327499916
v 0.5646527142206073 2.2520687847940044 0.46927960879745845
v 0.7264352429676826 2.478631477152667 0.18906404923055153
vt 0 0.7366071428571428
vt 0.03571428571428571 0.7366071428571428
vt 0.03571428571428571 0.5625
vt 0 0.5625
vt 0 0.7366071428571428
vt 0.03571428571428571 0.7366071428571428
vt 0.03571428571428571 0.5625
vt 0 0.5625
vt 0 0.7366071428571428
vt 0.03571428571428571 0.7366071428571428
vt 0.03571428571428571 0.5625
vt 0 0.5625
vt 0 0.7366071428571428
vt 0.03571428571428571 0.7366071428571428
vt 0.03571428571428571 0.5625
vt 0 0.5625
vt 0 0.1339285714285714
vt 0.03571428571428571 0.1339285714285714
vt 0.03571428571428571 0.0982142857142857
vt 0 0.0982142857142857
vt 0 0.1741071428571429
vt 0.03571428571428571 0.1741071428571429
vt 0.03571428571428571 0.1383928571428571
vt 0 0.1383928571428571
vn -0.4095760221444958 -0.5735764363510465 0.7094064799162224
vn -0.8660254037844388 0 -0.5
vn 0.4095760221444958 0.5735764363510465 -0.7094064799162224
vn 0.8660254037844388 0 0.5
vn -0.2867882181755231 0.8191520442889917 0.4967317648921545
vn 0.2867882181755231 -0.8191520442889917 -0.4967317648921545
g Trunk
f 44/124/31 47/123/31 45/122/31 42/121/31
f 43/128/32 44/127/32 42/126/32 41/125/32
f 48/132/33 43/131/33 41/130/33 46/129/33
f 47/136/34 48/135/34 46/134/34 45/133/34
f 46/140/35 41/139/35 42/138/35 45/137/35
f 47/144/36 44/143/36 43/142/36 48/141/36
o cube
v 0.06790517602107958 4.2696875 1.3421709644090978
v 0.2654051760210793 4.2696875 1.0000909299142449
v 0.06790517602107958 3.6953125 1.3421709644090978
v 0.2654051760210793 3.6953125 1.0000909299142449
v -0.08750017602107941 4.2696875 0.796340929914245
v -0.2850001760210792 4.2696875 1.138420964409098
v -0.08750017602107941 3.6953125 0.796340929914245
v -0.2850001760210792 3.6953125 1.138420964409098
vt 0 0.7366071428571428
vt 0.03571428571428571 0.7366071428571428
vt 0.03571428571428571 0.6830357142857143
vt 0 0.6830357142857143
vt 0 0.7366071428571428
vt 0.03571428571428571 0.7366071428571428
vt 0.03571428571428571 0.6830357142857143
vt 0 0.6830357142857143
vt 0 0.7366071428571428
vt 0.03571428571428571 0.7366071428571428
vt 0.03571428571428571 0.6830357142857143
vt 0 0.6830357142857143
vt 0 0.7366071428571428
vt 0.03571428571428571 0.7366071428571428
vt 0.03571428571428571 0.6830357142857143
vt 0 0.6830357142857143
vt 0 1
vt 0.03571428571428571 1
vt 0.03571428571428571 0.9642857142857143
vt 0 0.9642857142857143
vt 0 1
vt 0.03571428571428571 1
vt 0.03571428571428571 0.9642857142857143
vt 0 0.9642857142857143
vn 0.49999999999999994 0 -0.8660254037844387
vn 0.8660254037844387 0 0.49999999999999994
vn -0.49999999999999994 0 0.8660254037844387
vn -0.8660254037844387 0 -0.49999999999999994
vn 0 1 0
vn 0 -1 0
g Trunk
f 52/148/37 55/147/37 53/146/37 50/145/37
f 51/152/38 52/151/38 50/150/38 49/149/38
f 56/156/39 51/155/39 49/154/39 54/153/39
f 55/160/40 56/159/40 54/158/40 53/157/40
f 54/164/41 49/163/41 50/162/41 53/161/41
f 55/168/42 52/167/42 51/166/42 56/165/42
o cube
v 0.3225 3.93375 -0.623894052838329
v 0.3225 3.93375 -1.2688940528383292
v 0.3225 3.546875 -0.623894052838329
v 0.3225 3.546875 -1.2688940528383292
v -0.3225 3.93375 -1.2688940528383292
v -0.3225 3.93375 -0.623894052838329
v -0.3225 3.546875 -1.2688940528383292
v -0.3225 3.546875 -0.623894052838329
vt 0 0.9107142857142857
vt 0.03571428571428571 0.9107142857142857
vt 0.03571428571428571 0.8883928571428571
vt 0 0.8883928571428571
vt 0 0.9107142857142857
vt 0.03571428571428571 0.9107142857142857
vt 0.03571428571428571 0.8883928571428571
vt 0 0.8883928571428571
vt 0 0.9107142857142857
vt 0.03571428571428571 0.9107142857142857
vt 0.03571428571428571 0.8883928571428571
vt 0 0.8883928571428571
vt 0 0.9107142857142857
vt 0.03571428571428571 0.9107142857142857
vt 0.03571428571428571 0.8883928571428571
vt 0 0.8883928571428571
vt 0 1
vt 0.03571428571428571 1
vt 0.03571428571428571 0.9642857142857143
vt 0 0.9642857142857143
vt 0 1
vt 0.03571428571428571 1
vt 0.03571428571428571 0.9642857142857143
vt 0 0.9642857142857143
vn 0 0 -1
vn 1 0 0
vn 0 0 1
vn -1 0 0
vn 0 1 0
vn 0 -1 0
g Trunk
f 60/172/43 63/171/43 61/170/43 58/169/43
f 59/176/44 60/175/44 58/174/44 57/173/44
f 64/180/45 59/179/45 57/178/45 62/177/45
f 63/184/46 64/183/46 62/182/46 61/181/46
f 62/188/47 57/187/47 58/186/47 61/185/47
f 63/192/48 60/191/48 59/190/48 64/189/48
o cube
v 0.3628125 4.820625 -0.583581552838329
v 0.3628125 4.820625 -1.3092065528383292
v 0.3628125 3.93375 -0.583581552838329
v 0.3628125 3.93375 -1.3092065528383292
v -0.3628125 4.820625 -1.3092065528383292
v -0.3628125 4.820625 -0.583581552838329
v -0.3628125 3.93375 -1.3092065528383292
v -0.3628125 3.93375 -0.583581552838329
vt 0 0.9598214285714286
vt 0.04017857142857143 0.9598214285714286
vt 0.04017857142857143 0.9107142857142857
vt 0 0.9107142857142857
vt 0 0.9598214285714286
vt 0.04017857142857143 0.9598214285714286
vt 0.04017857142857143 0.9107142857142857
vt 0 0.9107142857142857
vt 0 0.9598214285714286
vt 0.04017857142857143 0.9598214285714286
vt 0.04017857142857143 0.9107142857142857
vt 0 0.9107142857142857
vt 0 0.9598214285714286
vt 0.04017857142857143 0.9598214285714286
vt 0.04017857142857143 0.9107142857142857
vt 0 0.9107142857142857
vt 0 1
vt 0.04017857142857143 1
vt 0.04017857142857143 0.9598214285714286
vt 0 0.9598214285714286
vt 0 1
vt 0.04017857142857143 1
vt 0.04017857142857143 0.9598214285714286
vt 0 0.9598214285714286
vn 0 0 -1
vn 1 0 0
vn 0 0 1
vn -1 0 0
vn 0 1 0
vn 0 -1 0
g Trunk
f 68/196/49 71/195/49 69/194/49 66/193/49
f 67/200/50 68/199/50 66/198/50 65/197/50
f 72/204/51 67/203/51 65/202/51 70/201/51
f 71/208/52 72/207/52 70/206/52 69/205/52
f 70/212/53 65/211/53 66/210/53 69/209/53
f 71/216/54 68/215/54 67/214/54 72/213/54
o cube
v 0.4031249999999999 5.7075 -0.543269052838329
v 0.4031249999999999 5.7075 -1.3495190528383292
v 0.4031249999999999 4.820625 -0.543269052838329
v 0.4031249999999999 4.820625 -1.3495190528383292
v -0.403125 5.7075 -1.3495190528383292
v -0.403125 5.7075 -0.543269052838329
v -0.403125 4.820625 -1.3495190528383292
v -0.403125 4.820625 -0.543269052838329
vt 0 1
vt 0.044642857142857144 1
vt 0.044642857142857144 0.9508928571428571
vt 0 0.9508928571428571
vt 0 1
vt 0.044642857142857144 1
vt 0.044642857142857144 0.9508928571428571
vt 0 0.9508928571428571
vt 0 1
vt 0.044642857142857144 1
vt 0.044642857142857144 0.9508928571428571
vt 0 0.9508928571428571
vt 0 1
vt 0.044642857142857144 1
vt 0.044642857142857144 0.9508928571428571
vt 0 0.9508928571428571
vt 0 1
vt 0.044642857142857144 1
vt 0.044642857142857144 0.9553571428571429
vt 0 0.9553571428571429
vt 0 1
vt 0.044642857142857144 1
vt 0.044642857142857144 0.9553571428571429
vt 0 0.9553571428571429
vn 0 0 -1
vn 1 0 0
vn 0 0 1
vn -1 0 0
vn 0 1 0
vn 0 -1 0
g Trunk
f 76/220/55 79/219/55 77/218/55 74/217/55
f 75/224/56 76/223/56 74/222/56 73/221/56
f 80/228/57 75/227/57 73/226/57 78/225/57
f 79/232/58 80/231/58 78/230/58 77/229/58
f 78/236/59 73/235/59 74/234/59 77/233/59
f 79/240/60 76/239/60 75/238/60 80/237/60
o cube
v -0.3781251904876892 5.729999820561814 -0.568269052838329
v -0.3781251904876892 5.729999820561814 -1.324519052838329
v -0.6657697448849524 5.1131440830099955 -0.568269052838329
v -0.6657697448849524 5.1131440830099955 -1.324519052838329
v -0.3781251904876892 5.729999820561814 -1.324519052838329
v -0.3781251904876892 5.729999820561814 -0.568269052838329
v -0.6657697448849524 5.1131440830099955 -1.324519052838329
v -0.6657697448849524 5.1131440830099955 -0.568269052838329
vt 0 1
vt 1 1
vt 1 0
vt 0 0
vt 0 0
vt 0 0
vt 0 0.0625
vt 0 0.0625
vt 0 1
vt 1 1
vt 1 0
vt 0 0
vt 0 1
vt 1 1
vt 1 0
vt 0 0
vt 0 1
vt 1 1
vt 1 0
vt 0 0
vt 0 1
vt 1 1
vt 1 0
vt 0 0
vn 0 0 -1
vn 0.9063077870366499 -0.42261826174069944 0
vn 0 0 1
vn -0.9063077870366499 0.42261826174069944 0
vn 0.42261826174069944 0.9063077870366499 0
vn -0.42261826174069944 -0.9063077870366499 0
g Shag
f 84/244/61 87/243/61 85/242/61 82/241/61
f 83/248/62 84/247/62 82/246/62 81/245/62
f 88/252/63 83/251/63 81/250/63 86/249/63
f 87/256/64 88/255/64 86/254/64 85/253/64
f 86/260/65 81/259/65 82/258/65 85/257/65
f 87/264/66 84/263/66 83/262/66 88/261/66
o cube
v -0.37812500000000004 5.729999792176773 -1.324519110945829
v 0.37812500000000027 5.729999792176773 -1.3245191109458285
v -0.37812500000000004 5.1131440546249545 -1.612163665343092
v 0.37812500000000027 5.1131440546249545 -1.612163665343092
v 0.37812500000000027 5.729999792176773 -1.3245191109458285
v -0.37812500000000004 5.729999792176773 -1.324519110945829
v 0.37812500000000027 5.1131440546249545 -1.612163665343092
v -0.37812500000000004 5.1131440546249545 -1.612163665343092
vt 0 1
vt 1 1
vt 1 0
vt 0 0
vt 0 0
vt 0 0
vt 0 0
vt 0 0
vt 0 1
vt 1 1
vt 1 0
vt 0 0
vt 0 1
vt 1 1
vt 1 0
vt 0 0
vt 0 1
vt 1 1
vt 1 0
vt 0 0
vt 0 1
vt 1 1
vt 1 0
vt 0 0
vn 1 0 0
vn 0 -0.42261826174069955 0.9063077870366502
vn -1 0 0
vn 0 0.42261826174069955 -0.9063077870366502
vn 0 0.90630778703665 0.4226182617406994
vn 0 -0.90630778703665 -0.4226182617406994
g Shag
f 92/268/67 95/267/67 93/266/67 90/265/67
f 91/272/68 92/271/68 90/270/68 89/269/68
f 96/276/69 91/275/69 89/274/69 94/273/69
f 95/280/70 96/279/70 94/278/70 93/277/70
f 94/284/71 89/283/71 90/282/71 93/281/71
f 95/288/72 92/287/72 91/286/72 96/285/72
o cube
v 0.37812562454986604 5.730000056313187 -1.3245190528383293
v 0.37812562454986604 5.730000056313187 -0.5682690528383288
v 0.6657701789471295 5.1131443187613685 -1.3245190528383293
v 0.6657701789471295 5.1131443187613685 -0.5682690528383287
v 0.37812562454986604 5.730000056313187 -0.5682690528383288
v 0.37812562454986604 5.730000056313187 -1.3245190528383293
v 0.6657701789471295 5.1131443187613685 -0.5682690528383287
v 0.6657701789471295 5.1131443187613685 -1.3245190528383293
vt 0 1
vt 1 1
vt 1 0
vt 0 0
vt 0 0
vt 0 0
vt 0 0
vt 0 0
vt 0 1
vt 1 1
vt 1 0
vt 0 0
vt 0 1
vt 1 1
vt 1 0
vt 0 0
vt 0 1
vt 1 1
vt 1 0
vt 0 0
vt 0 1
vt 1 1
vt 1 0
vt 0 0
vn 0 0 1
vn -0.9063077870366498 -0.4226182617406999 0
vn 0 0 -1
vn 0.9063077870366498 0.4226182617406999 0
vn -0.42261826174069983 0.9063077870366499 0
vn 0.42261826174069983 -0.9063077870366499 0
g Shag
f 100/292/73 103/291/73 101/290/73 98/289/73
f 99/296/74 100/295/74 98/294/74 97/293/74
f 104/300/75 99/299/75 97/298/75 102/297/75
f 103/304/76 104/303/76 102/302/76 101/301/76
f 102/308/77 97/307/77 98/306/77 101/305/77
f 103/312/78 100/311/78 99/310/78 104/309/78
o cube
v 0.37812500000000027 5.729999792176773 -0.5682689947308294
v -0.37812500000000004 5.729999792176773 -0.5682689947308291
v 0.37812500000000027 5.1131440546249545 -0.28062444033356615
v -0.37812500000000004 5.1131440546249545 -0.2806244403335659
v -0.37812500000000004 5.729999792176773 -0.5682689947308291
v 0.37812500000000027 5.729999792176773 -0.5682689947308294
v -0.37812500000000004 5.1131440546249545 -0.2806244403335659
v 0.37812500000000027 5.1131440546249545 -0.28062444033356615
vt 0 1
vt 1 1
vt 1 0
vt 0 0
vt 0 0
vt 0 0
vt 0 0
vt 0 0
vt 0 1
vt 1 1
vt 1 0
vt 0 0
vt 0 1
vt 1 1
vt 1 0
vt 0 0
vt 0 1
vt 1 1
vt 1 0
vt 0 0
vt 0 1
vt 1 1
vt 1 0
vt 0 0
vn -1 0 0
vn 0 -0.42261826174069955 -0.9063077870366502
vn 1 0 0
vn 0 0.42261826174069955 0.9063077870366502
vn 0 0.90630778703665 -0.4226182617406994
vn 0 -0.90630778703665 0.4226182617406994
g Shag
f 108/316/79 111/315/79 109/314/79 106/313/79
f 107/320/80 108/319/80 106/318/80 105/317/80
f 112/324/81 107/323/81 105/322/81 110/321/81
f 111/328/82 112/327/82 110/326/82 109/325/82
f 110/332/83 105/331/83 106/330/83 109/329/83
f 111/336/84 108/335/84 107/334/84 112/333/84
o cube
v -0.37812500000000004 5.292499792176773 -1.3245191109458292
v 0.37812500000000027 5.292499792176773 -1.324519110945829
v -0.37812500000000004 4.6756440546249545 -1.6121636653430924
v 0.37812500000000027 4.6756440546249545 -1.6121636653430922
v 0.37812500000000027 5.292499792176773 -1.324519110945829
v -0.37812500000000004 5.292499792176773 -1.3245191109458292
v 0.37812500000000027 4.6756440546249545 -1.6121636653430922
v -0.37812500000000004 4.6756440546249545 -1.6121636653430924
vt 0 1
vt 1 1
vt 1 0
vt 0 0
vt 0 0
vt 0 0
vt 0 0
vt 0 0
vt 0 1
vt 1 1
vt 1 0
vt 0 0
vt 0 1
vt 1 1
vt 1 0
vt 0 0
vt 0 1
vt 1 1
vt 1 0
vt 0 0
vt 0 1
vt 1 1
vt 1 0
vt 0 0
vn 1 0 0
vn 0 -0.42261826174069955 0.9063077870366502
vn -1 0 0
vn 0 0.42261826174069955 -0.9063077870366502
vn 0 0.90630778703665 0.4226182617406994
vn 0 -0.90630778703665 -0.4226182617406994
g Shag
f 116/340/85 119/339/85 117/338/85 114/337/85
f 115/344/86 116/343/86 114/342/86 113/341/86
f 120/348/87 115/347/87 113/346/87 118/345/87
f 119/352/88 120/351/88 118/350/88 117/349/88
f 118/356/89 113/355/89 114/354/89 117/353/89
f 119/360/90 116/359/90 115/358/90 120/357/90
o cube
v 0.37812562454986637 5.292500056313187 -1.3245190528383293
v 0.37812562454986637 5.292500056313187 -0.5682690528383288
v 0.66577017894713 4.6756443187613685 -1.3245190528383293
v 0.66577017894713 4.6756443187613685 -0.5682690528383287
v 0.37812562454986637 5.292500056313187 -0.5682690528383288
v 0.37812562454986637 5.292500056313187 -1.3245190528383293
v 0.66577017894713 4.6756443187613685 -0.5682690528383287
v 0.66577017894713 4.6756443187613685 -1.3245190528383293
vt 0 1
vt 1 1
vt 1 0
vt 0 0
vt 0 0
vt 0 0
vt 0 0
vt 0 0
vt 0 1
vt 1 1
vt 1 0
vt 0 0
vt 0 1
vt 1 1
vt 1 0
vt 0 0
vt 0 1
vt 1 1
vt 1 0
vt 0 0
vt 0 1
vt 1 1
vt 1 0
vt 0 0
vn 0 0 1
vn -0.9063077870366498 -0.4226182617406999 0
vn 0 0 -1
vn 0.9063077870366498 0.4226182617406999 0
vn -0.42261826174069983 0.9063077870366499 0
vn 0.42261826174069983 -0.9063077870366499 0
g Shag
f 124/364/91 127/363/91 125/362/91 122/361/91
f 123/368/92 124/367/92 122/366/92 121/365/92
f 128/372/93 123/371/93 121/370/93 126/369/93
f 127/376/94 128/375/94 126/374/94 125/373/94
f 126/380/95 121/379/95 122/378/95 125/377/95
f 127/384/96 124/383/96 123/382/96 128/381/96
o cube
v -0.3781251904876896 5.292499820561814 -0.568269052838329
v -0.3781251904876896 5.292499820561814 -1.324519052838329
v -0.6657697448849529 4.6756440830099955 -0.568269052838329
v -0.6657697448849529 4.6756440830099955 -1.324519052838329
v -0.3781251904876896 5.292499820561814 -1.324519052838329
v -0.3781251904876896 5.292499820561814 -0.568269052838329
v -0.6657697448849529 4.6756440830099955 -1.324519052838329
v -0.6657697448849529 4.6756440830099955 -0.568269052838329
vt 0 1
vt 1 1
vt 1 0
vt 0 0
vt 0 0
vt 0 0
vt 0 0.0625
vt 0 0.0625
vt 0 1
vt 1 1
vt 1 0
vt 0 0
vt 0 1
vt 1 1
vt 1 0
vt 0 0
vt 0 1
vt 1 1
vt 1 0
vt 0 0
vt 0 1
vt 1 1
vt 1 0
vt 0 0
vn 0 0 -1
vn 0.9063077870366499 -0.42261826174069944 0
vn 0 0 1
vn -0.9063077870366499 0.42261826174069944 0
vn 0.42261826174069944 0.9063077870366499 0
vn -0.42261826174069944 -0.9063077870366499 0
g Shag
f 132/388/97 135/387/97 133/386/97 130/385/97
f 131/392/98 132/391/98 130/390/98 129/389/98
f 136/396/99 131/395/99 129/394/99 134/393/99
f 135/400/100 136/399/100 134/398/100 133/397/100
f 134/404/101 129/403/101 130/402/101 133/401/101
f 135/408/102 132/407/102 131/406/102 136/405/102
o cube
v 0.37812500000000027 5.292499792176773 -0.568268994730829
v -0.37812500000000004 5.292499792176773 -0.5682689947308288
v 0.37812500000000027 4.6756440546249545 -0.2806244403335658
v -0.37812500000000004 4.6756440546249545 -0.2806244403335656
v -0.37812500000000004 5.292499792176773 -0.5682689947308288
v 0.37812500000000027 5.292499792176773 -0.568268994730829
v -0.37812500000000004 4.6756440546249545 -0.2806244403335656
v 0.37812500000000027 4.6756440546249545 -0.2806244403335658
vt 0 1
vt 1 1
vt 1 0
vt 0 0
vt 0 0
vt 0 0
vt 0 0
vt 0 0
vt 0 1
vt 1 1
vt 1 0
vt 0 0
vt 0 1
vt 1 1
vt 1 0
vt 0 0
vt 0 1
vt 1 1
vt 1 0
vt 0 0
vt 0 1
vt 1 1
vt 1 0
vt 0 0
vn -1 0 0
vn 0 -0.42261826174069955 -0.9063077870366502
vn 1 0 0
vn 0 0.42261826174069955 0.9063077870366502
vn 0 0.90630778703665 -0.4226182617406994
vn 0 -0.90630778703665 0.4226182617406994
g Shag
f 140/412/103 143/411/103 141/410/103 138/409/103
f 139/416/104 140/415/104 138/414/104 137/413/104
f 144/420/105 139/419/105 137/418/105 142/417/105
f 143/424/106 144/423/106 142/422/106 141/421/106
f 142/428/107 137/427/107 138/426/107 141/425/107
f 143/432/108 140/431/108 139/430/108 144/429/108
o cube
v -0.37812500000000004 4.792499792176773 -1.324519110945829
v 0.37812500000000027 4.792499792176773 -1.3245191109458287
v -0.37812500000000004 4.1756440546249545 -1.6121636653430924
v 0.37812500000000027 4.1756440546249545 -1.6121636653430922
v 0.37812500000000027 4.792499792176773 -1.3245191109458287
v -0.37812500000000004 4.792499792176773 -1.324519110945829
v 0.37812500000000027 4.1756440546249545 -1.6121636653430922
v -0.37812500000000004 4.1756440546249545 -1.6121636653430924
vt 0 1
vt 1 1
vt 1 0
vt 0 0
vt 0 0
vt 0 0
vt 0 0
vt 0 0
vt 0 1
vt 1 1
vt 1 0
vt 0 0
vt 0 1
vt 1 1
vt 1 0
vt 0 0
vt 0 1
vt 1 1
vt 1 0
vt 0 0
vt 0 1
vt 1 1
vt 1 0
vt 0 0
vn 1 0 0
vn 0 -0.42261826174069955 0.9063077870366502
vn -1 0 0
vn 0 0.42261826174069955 -0.9063077870366502
vn 0 0.90630778703665 0.4226182617406994
vn 0 -0.90630778703665 -0.4226182617406994
g Shag
f 148/436/109 151/435/109 149/434/109 146/433/109
f 147/440/110 148/439/110 146/438/110 145/437/110
f 152/444/111 147/443/111 145/442/111 150/441/111
f 151/448/112 152/447/112 150/446/112 149/445/112
f 150/452/113 145/451/113 146/450/113 149/449/113
f 151/456/114 148/455/114 147/454/114 152/453/114
o cube
v 0.3781256245498662 4.792500056313187 -1.3245190528383293
v 0.3781256245498662 4.792500056313187 -0.5682690528383288
v 0.66577017894713 4.175644318761368 -1.3245190528383293
v 0.66577017894713 4.175644318761368 -0.5682690528383287
v 0.3781256245498662 4.792500056313187 -0.5682690528383288
v 0.3781256245498662 4.792500056313187 -1.3245190528383293
v 0.66577017894713 4.175644318761368 -0.5682690528383287
v 0.66577017894713 4.175644318761368 -1.3245190528383293
vt 0 1
vt 1 1
vt 1 0
vt 0 0
vt 0 0
vt 0 0
vt 0 0
vt 0 0
vt 0 1
vt 1 1
vt 1 0
vt 0 0
vt 0 1
vt 1 1
vt 1 0
vt 0 0
vt 0 1
vt 1 1
vt 1 0
vt 0 0
vt 0 1
vt 1 1
vt 1 0
vt 0 0
vn 0 0 1
vn -0.9063077870366498 -0.4226182617406999 0
vn 0 0 -1
vn 0.9063077870366498 0.4226182617406999 0
vn -0.42261826174069983 0.9063077870366499 0
vn 0.42261826174069983 -0.9063077870366499 0
g Shag
f 156/460/115 159/459/115 157/458/115 154/457/115
f 155/464/116 156/463/116 154/462/116 153/461/116
f 160/468/117 155/467/117 153/466/117 158/465/117
f 159/472/118 160/471/118 158/470/118 157/469/118
f 158/476/119 153/475/119 154/474/119 157/473/119
f 159/480/120 156/479/120 155/478/120 160/477/120
o cube
v -0.37812519048768944 4.792499820561814 -0.568269052838329
v -0.37812519048768944 4.792499820561814 -1.324519052838329
v -0.6657697448849527 4.1756440830099955 -0.568269052838329
v -0.6657697448849527 4.1756440830099955 -1.324519052838329
v -0.37812519048768944 4.792499820561814 -1.324519052838329
v -0.37812519048768944 4.792499820561814 -0.568269052838329
v -0.6657697448849527 4.1756440830099955 -1.324519052838329
v -0.6657697448849527 4.1756440830099955 -0.568269052838329
vt 0 1
vt 1 1
vt 1 0
vt 0 0
vt 0 0
vt 0 0
vt 0 0.0625
vt 0 0.0625
vt 0 1
vt 1 1
vt 1 0
vt 0 0
vt 0 1
vt 1 1
vt 1 0
vt 0 0
vt 0 1
vt 1 1
vt 1 0
vt 0 0
vt 0 1
vt 1 1
vt 1 0
vt 0 0
vn 0 0 -1
vn 0.9063077870366499 -0.42261826174069944 0
vn 0 0 1
vn -0.9063077870366499 0.42261826174069944 0
vn 0.42261826174069944 0.9063077870366499 0
vn -0.42261826174069944 -0.9063077870366499 0
g Shag
f 164/484/121 167/483/121 165/482/121 162/481/121
f 163/488/122 164/487/122 162/486/122 161/485/122
f 168/492/123 163/491/123 161/490/123 166/489/123
f 167/496/124 168/495/124 166/494/124 165/493/124
f 166/500/125 161/499/125 162/498/125 165/497/125
f 167/504/126 164/503/126 163/502/126 168/501/126
o cube
v 0.37812500000000027 4.792499792176773 -0.5682689947308293
v -0.37812500000000004 4.792499792176773 -0.568268994730829
v 0.37812500000000027 4.1756440546249545 -0.2806244403335658
v -0.37812500000000004 4.1756440546249545 -0.2806244403335656
v -0.37812500000000004 4.792499792176773 -0.568268994730829
v 0.37812500000000027 4.792499792176773 -0.5682689947308293
v -0.37812500000000004 4.1756440546249545 -0.2806244403335656
v 0.37812500000000027 4.1756440546249545 -0.2806244403335658
vt 0 1
vt 1 1
vt 1 0
vt 0 0
vt 0 0
vt 0 0
vt 0 0
vt 0 0
vt 0 1
vt 1 1
vt 1 0
vt 0 0
vt 0 1
vt 1 1
vt 1 0
vt 0 0
vt 0 1
vt 1 1
vt 1 0
vt 0 0
vt 0 1
vt 1 1
vt 1 0
vt 0 0
vn -1 0 0
vn 0 -0.42261826174069955 -0.9063077870366502
vn 1 0 0
vn 0 0.42261826174069955 0.9063077870366502
vn 0 0.90630778703665 -0.4226182617406994
vn 0 -0.90630778703665 0.4226182617406994
g Shag
f 172/508/127 175/507/127 173/506/127 170/505/127
f 171/512/128 172/511/128 170/510/128 169/509/128
f 176/516/129 171/515/129 169/514/129 174/513/129
f 175/520/130 176/519/130 174/518/130 173/517/130
f 174/524/131 169/523/131 170/522/131 173/521/131
f 175/528/132 172/527/132 171/526/132 176/525/132
o cube
v 0.2493750000000004 5.75070102991732 -2.627965043618524
v -0.1775000000000003 5.75070102991732 -2.627965043618524
v 0.24937500000000035 5.688782667482933 -2.1576483875043224
v -0.17750000000000035 5.688782667482933 -2.157648387504323
v -0.1775000000000003 5.75070102991732 -2.627965043618524
v 0.2493750000000004 5.75070102991732 -2.627965043618524
v -0.17750000000000035 5.688782667482933 -2.157648387504323
v 0.24937500000000035 5.688782667482933 -2.1576483875043224
vt 0 1
vt 0.03125 1
vt 0.03125 1
vt 0 1
vt 0.375 1
vt 0.625 1
vt 0.625 0.6875
vt 0.375 0.6875
vt 0 1
vt 0.03125 1
vt 0.03125 1
vt 0 1
vt 0 1
vt 0.03125 1
vt 0.03125 1
vt 0 1
vt 0.15625 0.78125
vt 0.0625 0.78125
vt 0.0625 0.8125
vt 0.15625 0.8125
vt 0 1
vt 0.03125 1
vt 0.03125 1
vt 0 1
vn -1 0 0
vn 0 -0.9914448613738105 -0.130526192220052
vn 1 0 0
vn 0 0.9914448613738105 0.130526192220052
vn 0 0.13052619222005177 -0.9914448613738104
vn 0 -0.13052619222005177 0.9914448613738104
g Leaf
f 180/532/133 183/531/133 181/530/133 178/529/133
f 179/536/134 180/535/134 178/534/134 177/533/134
f 184/540/135 179/539/135 177/538/135 182/537/135
f 183/544/136 184/543/136 182/542/136 181/541/136
f 182/548/137 177/547/137 178/546/137 181/545/137
f 183/552/138 180/551/138 179/550/138 184/549/138
o cube
v 0.2493749999999994 5.688782564713983 -2.1576481582333
v -0.17750000000000005 5.688782564713982 -2.1576481582333
v 0.2493749999999993 5.761958811227349 -1.6018193828256075
v -0.17750000000000016 5.761958811227349 -1.6018193828256075
v -0.17750000000000005 5.688782564713982 -2.1576481582333
v 0.2493749999999994 5.688782564713983 -2.1576481582333
v -0.17750000000000016 5.761958811227349 -1.6018193828256075
v 0.2493749999999993 5.761958811227349 -1.6018193828256075
vt 0 1
vt 0.03125 1
vt 0.03125 1
vt 0 1
vt 0.375 0.6875
vt 0.625 0.6875
vt 0.625 0.34375
vt 0.375 0.34375
vt 0 1
vt 0.03125 1
vt 0.03125 1
vt 0 1
vt 0 1
vt 0.03125 1
vt 0.03125 1
vt 0 1
vt 0.15625 0.78125
vt 0.0625 0.78125
vt 0.0625 0.8125
vt 0.15625 0.8125
vt 0 1
vt 0.03125 1
vt 0.03125 1
vt 0 1
vn -1 0 0
vn 0 -0.9914448613738104 0.13052619222005146
vn 1 0 0
vn 0 0.9914448613738104 -0.13052619222005146
vn 0 -0.13052619222005146 -0.9914448613738104
vn 0 0.13052619222005146 0.9914448613738104
g Leaf
f 188/556/139 191/555/139 189/554/139 186/553/139
f 187/560/140 188/559/140 186/558/140 185/557/140
f 192/564/141 187/563/141 185/562/141 190/561/141
f 191/568/142 192/567/142 190/566/142 189/565/142
f 190/572/143 185/571/143 186/570/143 189/569/143
f 191/576/144 188/575/144 187/574/144 192/573/144
o cube
v 0.24937500000000035 5.7619587823840455 -1.6018194711511047
v -0.17749999999999977 5.7619587823840455 -1.601819471151105
v 0.24937500000000024 5.907059209544646 -1.060297304787796
v -0.17749999999999988 5.907059209544646 -1.0602973047877962
v -0.17749999999999977 5.7619587823840455 -1.601819471151105
v 0.24937500000000035 5.7619587823840455 -1.6018194711511047
v -0.17749999999999988 5.907059209544646 -1.0602973047877962
v 0.24937500000000024 5.907059209544646 -1.060297304787796
vt 0 1
vt 0.03125 1
vt 0.03125 1
vt 0 1
vt 0.375 0.34375
vt 0.625 0.34375
vt 0.625 0
vt 0.375 0
vt 0 1
vt 0.03125 1
vt 0.03125 1
vt 0 1
vt 0 1
vt 0.03125 1
vt 0.03125 1
vt 0 1
vt 0.15625 0.78125
vt 0.0625 0.78125
vt 0.0625 0.8125
vt 0.15625 0.8125
vt 0 1
vt 0.03125 1
vt 0.03125 1
vt 0 1
vn -1 0 0
vn 0 -0.9659258262890683 0.2588190451025207
vn 1 0 0
vn 0 0.9659258262890683 -0.2588190451025207
vn 0 -0.2588190451025208 -0.9659258262890684
vn 0 0.2588190451025208 0.9659258262890684
g Leaf
f 196/580/145 199/579/145 197/578/145 194/577/145
f 195/584/146 196/583/146 194/582/146 193/581/146
f 200/588/147 195/587/147 193/586/147 198/585/147
f 199/592/148 200/591/148 198/590/148 197/589/148
f 198/596/149 193/595/149 194/594/149 197/593/149
f 199/600/150 196/599/150 195/598/150 200/597/150
o cube
v 1.278775803688109 5.755005959543818 -1.5381691945790634
v 1.018910768680011 5.755005959543818 -1.876831901715885
v 0.9056485135653043 5.6930875971094315 -1.2518585549163803
v 0.6457834785572063 5.6930875971094315 -1.5905212620532019
v 1.018910768680011 5.755005959543818 -1.876831901715885
v 1.278775803688109 5.755005959543818 -1.5381691945790634
v 0.6457834785572063 5.6930875971094315 -1.5905212620532019
v 0.9056485135653043 5.6930875971094315 -1.2518585549163803
vt 0 1
vt 0.03125 1
vt 0.03125 1
vt 0 1
vt 0.375 1
vt 0.625 1
vt 0.625 0.6875
vt 0.375 0.6875
vt 0 1
vt 0.03125 1
vt 0.03125 1
vt 0 1
vt 0 1
vt 0.03125 1
vt 0.03125 1
vt 0 1
vt 0.15625 0.78125
vt 0.0625 0.78125
vt 0.0625 0.8125
vt 0.15625 0.8125
vt 0 1
vt 0.03125 1
vt 0.03125 1
vt 0 1
vn -0.6087614290087204 0 -0.7933533402912355
vn 0.10355339059327419 -0.9914448613738105 -0.07945931129894566
vn 0.6087614290087204 0 0.7933533402912355
vn -0.10355339059327419 0.9914448613738105 0.07945931129894566
vn 0.7865660924854933 0.1305261922200518 -0.6035533905932735
vn -0.7865660924854933 -0.1305261922200518 0.6035533905932735
g Leaf
f 204/604/151 207/603/151 205/602/151 202/601/151
f 203/608/152 204/607/152 202/606/152 201/605/152
f 208/612/153 203/611/153 201/610/153 206/609/153
f 207/616/154 208/615/154 206/614/154 205/613/154
f 206/620/155 201/619/155 202/618/155 205/617/155
f 207/624/156 204/623/156 203/622/156 208/621/156
o cube
v 0.9056483856563924 5.693087535093893 -1.251858456768421
v 0.6457833506482953 5.693087535093893 -1.5905211639052417
v 0.46467977005671296 5.76626378160726 -0.913491337167067
v 0.20481473504861575 5.766263781607259 -1.2521540443038877
v 0.6457833506482953 5.693087535093893 -1.5905211639052417
v 0.9056483856563924 5.693087535093893 -1.251858456768421
v 0.20481473504861575 5.766263781607259 -1.2521540443038877
v 0.46467977005671296 5.76626378160726 -0.913491337167067
vt 0 1
vt 0.03125 1
vt 0.03125 1
vt 0 1
vt 0.375 0.6875
vt 0.625 0.6875
vt 0.625 0.34375
vt 0.375 0.34375
vt 0 1
vt 0.03125 1
vt 0.03125 1
vt 0 1
vt 0 1
vt 0.03125 1
vt 0.03125 1
vt 0 1
vt 0.15625 0.78125
vt 0.0625 0.78125
vt 0.0625 0.8125
vt 0.15625 0.8125
vt 0 1
vt 0.03125 1
vt 0.03125 1
vt 0 1
vn -0.6087614290087204 0 -0.7933533402912354
vn -0.10355339059327356 -0.9914448613738105 0.07945931129894568
vn 0.6087614290087204 0 0.7933533402912354
vn 0.10355339059327356 0.9914448613738105 -0.07945931129894568
vn 0.7865660924854933 -0.13052619222005146 -0.6035533905932735
vn -0.7865660924854933 0.13052619222005146 0.6035533905932735
g Leaf
f 212/628/157 215/627/157 213/626/157 210/625/157
f 211/632/158 212/631/158 210/630/158 209/629/158
f 216/636/159 211/635/159 209/634/159 214/633/159
f 215/640/160 216/639/160 214/638/160 213/637/160
f 214/644/161 209/643/161 210/642/161 213/641/161
f 215/648/162 212/647/162 211/646/162 216/645/162
o cube
v 0.464679801070936 5.766264124023943 -0.9134913609651161
v 0.20481476606283822 5.766264124023943 -1.2521540681019374
v 0.0350613815448589 5.911364551184543 -0.5838335531298902
v -0.22480365346323883 5.911364551184543 -0.9224962602667115
v 0.20481476606283822 5.766264124023943 -1.2521540681019374
v 0.464679801070936 5.766264124023943 -0.9134913609651161
v -0.22480365346323883 5.911364551184543 -0.9224962602667115
v 0.0350613815448589 5.911364551184543 -0.5838335531298902
vt 0 1
vt 0.03125 1
vt 0.03125 1
vt 0 1
vt 0.375 0.34375
vt 0.625 0.34375
vt 0.625 0
vt 0.375 0
vt 0 1
vt 0.03125 1
vt 0.03125 1
vt 0 1
vt 0 1
vt 0.03125 1
vt 0.03125 1
vt 0 1
vt 0.15625 0.78125
vt 0.0625 0.78125
vt 0.0625 0.8125
vt 0.15625 0.8125
vt 0 1
vt 0.03125 1
vt 0.03125 1
vt 0 1
vn -0.6087614290087205 0 -0.7933533402912354
vn -0.20533495396307258 -0.9659258262890684 0.15755905175128318
vn 0.6087614290087205 0 0.7933533402912354
vn 0.20533495396307258 0.9659258262890684 -0.15755905175128318
vn 0.7663204807600039 -0.2588190451025208 -0.5880183863281623
vn -0.7663204807600039 0.2588190451025208 0.5880183863281623
g Leaf
f 220/652/163 223/651/163 221/650/163 218/649/163
f 219/656/164 220/655/164 218/654/164 217/653/164
f 224/660/165 219/659/165 217/658/165 222/657/165
f 223/664/166 224/663/166 222/662/166 221/661/166
f 222/668/167 217/667/167 218/666/167 221/665/167
f 223/672/168 220/671/168 219/670/168 224/669/168
o cube
v 1.0406226775082843 5.755942646655996 -0.05781455707111005
v 1.1511060573864231 5.755942646655996 -0.4701441441682567
v 0.5863316728336643 5.6940242842216096 -0.17954146490239786
v 0.6968150527118031 5.6940242842216096 -0.5918710519995445
v 1.1511060573864231 5.755942646655996 -0.4701441441682567
v 1.0406226775082843 5.755942646655996 -0.05781455707111005
v 0.6968150527118031 5.6940242842216096 -0.5918710519995445
v 0.5863316728336643 5.6940242842216096 -0.17954146490239786
vt 0 1
vt 0.03125 1
vt 0.03125 1
vt 0 1
vt 0.375 1
vt 0.625 1
vt 0.625 0.6875
vt 0.375 0.6875
vt 0 1
vt 0.03125 1
vt 0.03125 1
vt 0 1
vt 0 1
vt 0.03125 1
vt 0.03125 1
vt 0 1
vt 0.15625 0.78125
vt 0.0625 0.78125
vt 0.0625 0.8125
vt 0.15625 0.8125
vt 0 1
vt 0.03125 1
vt 0.03125 1
vt 0 1
vn 0.25881904510252085 0 -0.9659258262890684
vn 0.1260786200725189 -0.9914448613738104 0.03378266443126201
vn -0.25881904510252085 0 0.9659258262890684
vn -0.1260786200725189 0.9914448613738104 -0.03378266443126201
vn 0.9576621969425485 0.13052619222005124 0.256604812292571
vn -0.9576621969425485 -0.13052619222005124 -0.256604812292571
g Leaf
f 228/676/169 231/675/169 229/674/169 226/673/169
f 227/680/170 228/679/170 226/678/170 225/677/170
f 232/684/171 227/683/171 225/682/171 230/681/171
f 231/688/172 232/687/172 230/686/172 229/685/172
f 230/692/173 225/691/173 226/690/173 229/689/173
f 231/696/174 228/695/174 227/694/174 232/693/174
o cube
v 0.5863316794390477 5.69402435414994 -0.17954146313249125
v 0.6968150593171862 5.69402435414994 -0.5918710502296367
v 0.04944231027813156 5.7672006006633065 -0.3234005360240137
v 0.1599256901562701 5.7672006006633065 -0.7357301231211592
v 0.6968150593171862 5.69402435414994 -0.5918710502296367
v 0.5863316794390477 5.69402435414994 -0.17954146313249125
v 0.1599256901562701 5.7672006006633065 -0.7357301231211592
v 0.04944231027813156 5.7672006006633065 -0.3234005360240137
vt 0 1
vt 0.03125 1
vt 0.03125 1
vt 0 1
vt 0.375 0.6875
vt 0.625 0.6875
vt 0.625 0.34375
vt 0.375 0.34375
vt 0 1
vt 0.03125 1
vt 0.03125 1
vt 0 1
vt 0 1
vt 0.03125 1
vt 0.03125 1
vt 0 1
vt 0.15625 0.78125
vt 0.0625 0.78125
vt 0.0625 0.8125
vt 0.15625 0.8125
vt 0 1
vt 0.03125 1
vt 0.03125 1
vt 0 1
vn 0.2588190451025208 0 -0.9659258262890683
vn -0.12607862007251958 -0.9914448613738105 -0.03378266443126169
vn -0.2588190451025208 0 0.9659258262890683
vn 0.12607862007251958 0.9914448613738105 0.03378266443126169
vn 0.9576621969425485 -0.130526192220052 0.256604812292571
vn -0.9576621969425485 0.130526192220052 -0.256604812292571
g Leaf
f 236/700/175 239/699/175 237/698/175 234/697/175
f 235/704/176 236/703/176 234/702/176 233/701/176
f 240/708/177 235/707/177 233/706/177 238/705/177
f 239/712/178 240/711/178 238/710/178 237/709/178
f 238/716/179 233/715/179 234/714/179 237/713/179
f 239/720/180 236/719/180 235/718/180 240/717/180
o cube
v 0.04944251824185264 5.767200482443497 -0.32340048030030155
v 0.15992589811999125 5.767200482443497 -0.7357300673974476
v -0.4736277277564727 5.912300909604097 -0.4635567303003016
