# Made in Blockbench 4.12.3

o cube
v 0.07171875 4.6378125 0.07171875000000003
v 0.07171875 4.6378125 -0.08128125000000001
v 0.07171875 4.5421875 0.07171875000000003
v 0.07171875 4.5421875 -0.08128125000000001
v -0.07171875000000001 4.6378125 -0.08128125000000001
v -0.07171875000000001 4.6378125 0.07171875000000003
v -0.07171875000000001 4.5421875 -0.08128125000000001
v -0.07171875000000001 4.5421875 0.07171875000000003
vt 0.008928571428571428 1
vt 0.0625 1
vt 0.0625 0.9375
vt 0.008928571428571428 0.9375
vt 0 1
vt 0.07142857142857142 1
vt 0.07142857142857142 0
vt 0 0
vt 0.008928571428571428 1
vt 0.0625 1
vt 0.0625 0.9375
vt 0.008928571428571428 0.9375
vt 0.008928571428571428 1
vt 0.0625 1
vt 0.0625 0.9375
vt 0.008928571428571428 0.9375
vt 0 0.0714285714285714
vt 0.07142857142857142 0.0714285714285714
vt 0.07142857142857142 0
vt 0 0
vt 0 0.0714285714285714
vt 0.07142857142857142 0.0714285714285714
vt 0.07142857142857142 0
vt 0 0
vn 0 0 -1
vn 1 0 0
vn 0 0 1
vn -1 0 0
vn 0 1 0
vn 0 -1 0
g Trunk
f 4/4/1 7/3/1 5/2/1 2/1/1
f 3/8/2 4/7/2 2/6/2 1/5/2
f 8/12/3 3/11/3 1/10/3 6/9/3
f 7/16/4 8/15/4 6/14/4 5/13/4
f 6/20/5 1/19/5 2/18/5 5/17/5
f 7/24/6 4/23/6 3/22/6 8/21/6
o cube
v 0.08312499999999999 4.551749999999999 0.08312499999999998
v 0.08312499999999999 4.551749999999999 -0.0926875
v 0.08312499999999999 2.648812499999999 0.08312499999999998
v 0.08312499999999999 2.648812499999999 -0.0926875
v -0.08312499999999999 4.551749999999999 -0.0926875
v -0.08312499999999999 4.551749999999999 0.08312499999999998
v -0.08312499999999999 2.648812499999999 -0.0926875
v -0.08312499999999999 2.648812499999999 0.08312499999999998
vt 0.004464285714285714 0.9375
vt 0.06696428571428571 0.9375
vt 0.06696428571428571 0.2767857142857143
vt 0.004464285714285714 0.2767857142857143
vt 0.004464285714285714 0.9375
vt 0.06696428571428571 0.9375
vt 0.06696428571428571 0.2723214285714286
vt 0.004464285714285714 0.2723214285714286
vt 0.004464285714285714 0.9375
vt 0.06696428571428571 0.9375
vt 0.06696428571428571 0.2723214285714286
vt 0.004464285714285714 0.2723214285714286
vt 0.004464285714285714 0.9375
vt 0.06696428571428571 0.9375
vt 0.06696428571428571 0.2767857142857143
vt 0.004464285714285714 0.2767857142857143
vt 0 0.0714285714285714
vt 0.07142857142857142 0.0714285714285714
vt 0.07142857142857142 0
vt 0 0
vt 0.004464285714285714 0.0714285714285714
vt 0.07142857142857142 0.0714285714285714
vt 0.07142857142857142 0
vt 0.004464285714285714 0
vn 0 0 -1
vn 1 0 0
vn 0 0 1
vn -1 0 0
vn 0 1 0
vn 0 -1 0
g Trunk
f 12/28/7 15/27/7 13/26/7 10/25/7
f 11/32/8 12/31/8 10/30/8 9/29/8
f 16/36/9 11/35/9 9/34/9 14/33/9
f 15/40/10 16/39/10 14/38/10 13/37/10
f 14/44/11 9/43/11 10/42/11 13/41/11
f 15/48/12 12/47/12 11/46/12 16/45/12
o cube
v 0.11953125 0.26296875000000003 0.11953125
v 0.11953125 0.26296875000000003 -0.11953125
v 0.11953125 0 0.11953125
v 0.11953125 0 -0.11953125
v -0.11953125 0.26296875000000003 -0.11953125
v -0.11953125 0.26296875000000003 0.11953125
v -0.11953125 0 -0.11953125
v -0.11953125 0 0.11953125
vt 0 0.1473214285714286
vt 0.07142857142857142 0.1473214285714286
vt 0.07142857142857142 0.0758928571428571
vt 0 0.0758928571428571
vt 0 0.1473214285714286
vt 0.07142857142857142 0.1473214285714286
vt 0.07142857142857142 0.0758928571428571
vt 0 0.0758928571428571
vt 0 0.1473214285714286
vt 0.07142857142857142 0.1473214285714286
vt 0.07142857142857142 0.0758928571428571
vt 0 0.0758928571428571
vt 0 0.1473214285714286
vt 0.07142857142857142 0.1473214285714286
vt 0.07142857142857142 0.0758928571428571
vt 0 0.0758928571428571
vt 0 0.0758928571428571
vt 0.07142857142857142 0.0758928571428571
vt 0.07142857142857142 0
vt 0 0
vt 0 0.0714285714285714
vt 0.07142857142857142 0.0714285714285714
vt 0.07142857142857142 0
vt 0 0
vn 0 0 -1
vn 1 0 0
vn 0 0 1
vn -1 0 0
vn 0 1 0
vn 0 -1 0
g Trunk
f 20/52/13 23/51/13 21/50/13 18/49/13
f 19/56/14 20/55/14 18/54/14 17/53/14
f 24/60/15 19/59/15 17/58/15 22/57/15
f 23/64/16 24/63/16 22/62/16 21/61/16
f 22/68/17 17/67/17 18/66/17 21/65/17
f 23/72/18 20/71/18 19/70/18 24/69/18
o cube
v 0.095625 2.6392499999999997 0.09562499999999999
v 0.095625 2.6392499999999997 -0.10518750000000002
v 0.095625 0.25818749999999957 0.09562499999999999
v 0.095625 0.25818749999999957 -0.10518750000000002
v -0.095625 2.6392499999999997 -0.10518750000000002
v -0.095625 2.6392499999999997 0.09562499999999999
v -0.095625 0.25818749999999957 -0.10518750000000002
v -0.095625 0.25818749999999957 0.09562499999999999
vt 0.004464285714285714 0.7321428571428572
vt 0.06696428571428571 0.7321428571428572
vt 0.06696428571428571 0.1428571428571429
vt 0.004464285714285714 0.1428571428571429
vt 0.004464285714285714 0.7321428571428572
vt 0.06696428571428571 0.7321428571428572
vt 0.06696428571428571 0.1428571428571429
vt 0.004464285714285714 0.1428571428571429
vt 0.004464285714285714 0.7321428571428572
vt 0.06696428571428571 0.7321428571428572
vt 0.06696428571428571 0.1428571428571429
vt 0.004464285714285714 0.1428571428571429
vt 0.004464285714285714 0.7321428571428572
vt 0.06696428571428571 0.7321428571428572
vt 0.06696428571428571 0.1428571428571429
vt 0.004464285714285714 0.1428571428571429
vt 0 0.0714285714285714
vt 0.07142857142857142 0.0714285714285714
vt 0.07142857142857142 0
vt 0 0
vt 0.004464285714285714 0.0714285714285714
vt 0.07142857142857142 0.0714285714285714
vt 0.07142857142857142 0
vt 0.004464285714285714 0
vn 0 0 -1
vn 1 0 0
vn 0 0 1
vn -1 0 0
vn 0 1 0
vn 0 -1 0
g Trunk
f 28/76/19 31/75/19 29/74/19 26/73/19
f 27/80/20 28/79/20 26/78/20 25/77/20
f 32/84/21 27/83/21 25/82/21 30/81/21
f 31/88/22 32/87/22 30/86/22 29/85/22
f 30/92/23 25/91/23 26/90/23 29/89/23
f 31/96/24 28/95/24 27/94/24 32/93/24
o cube
v -1.025061219972677 4.946781060973586 -0.06768591270151081
v -1.5502413096365877 5.067666239856419 0.3729925068371277
v -1.025061219972677 4.946781060973586 -0.06768591270151081
v -1.5502413096365877 5.067666239856419 0.3729925068371277
v -0.6552881206700192 5.067666239856419 1.4395561849916807
v -0.1301080310061083 4.946781060973586 0.9988777654530422
v -0.6552881206700192 5.067666239856419 1.4395561849916807
v -0.1301080310061083 4.946781060973586 0.9988777654530422
vt 0 0.34375
vt 0.125 0.34375
vt 0.125 -0.09375
vt 0 -0.09375
vt 0 1
vt 0.125 1
vt 0.125 -0.75
vt 0 -0.75
vt 0 1
vt 0 1
vt 0 0.890625
vt 0 0.890625
vt 0 0.34375
vt 0.125 0.34375
vt 0.125 -0.09375
vt 0 -0.09375
vt 0.2421875 0.5390625
vt 0.7421875 0.5390625
vt 0.7421875 0.2578125
vt 0.2421875 0.2578125
vt 0 1
vt 0.015625 1
vt 0.015625 0.9453125
vt 0 0.9453125
vn -0.7544065067354891 0.17364817766693033 0.6330222215594891
vn -0.6427876096865393 0 -0.766044443118978
vn 0.7544065067354891 -0.17364817766693033 -0.6330222215594891
vn 0.6427876096865393 0 0.766044443118978
vn 0.13302222155948903 0.9848077530122081 -0.11161889704894966
vn -0.13302222155948903 -0.9848077530122081 0.11161889704894966
g Leaf
f 36/100/25 39/99/25 37/98/25 34/97/25
f 35/104/26 36/103/26 34/102/26 33/101/26
f 40/108/27 35/107/27 33/106/27 38/105/27
f 39/112/28 40/111/28 38/110/28 37/109/28
f 38/116/29 33/115/29 34/114/29 37/113/29
f 39/120/30 36/119/30 35/118/30 40/117/30
o cube
v -0.43715935915782517 4.66744992069463 -0.5609941472796894
v -1.0250758370135118 4.946786322252287 -0.06767364754793725
v -0.43715935915782517 4.66744992069463 -0.5609941472796894
v -1.0250758370135118 4.946786322252287 -0.06767364754793725
v -0.1301226480469434 4.946786322252287 0.9988900306066161
v 0.4577938298087434 4.66744992069463 0.5055695308748638
v -0.1301226480469434 4.946786322252287 0.9988900306066161
v 0.4577938298087434 4.66744992069463 0.5055695308748638
vt 0 -0.09375
vt 0.125 -0.09375
vt 0.125 -0.75
vt 0 -0.75
vt 0 1
vt 0.125 1
vt 0.125 -0.75
vt 0 -0.75
vt 0 1
vt 0 1
vt 0 0.890625
vt 0 0.890625
vt 0 -0.09375
vt 0.125 -0.09375
vt 0.125 -0.75
vt 0 -0.75
vt 0.2421875 0.2578125
vt 0.7421875 0.2578125
vt 0.7421875 0
vt 0.2421875 0
vt 0 1
vt 0.015625 1
vt 0.015625 0.9453125
vt 0 0.9453125
vn -0.7198463103929543 0.3420201433256687 0.6040227735550537
vn -0.6427876096865393 0 -0.7660444431189781
vn 0.7198463103929543 -0.3420201433256687 -0.6040227735550537
vn 0.6427876096865393 0 0.7660444431189781
vn 0.26200263022938497 0.9396926207859084 -0.2198463103929542
vn -0.26200263022938497 -0.9396926207859084 0.2198463103929542
g Leaf
f 44/124/31 47/123/31 45/122/31 42/121/31
f 43/128/32 44/127/32 42/126/32 41/125/32
f 48/132/33 43/131/33 41/130/33 46/129/33
f 47/136/34 48/135/34 46/134/34 45/133/34
f 46/140/35 41/139/35 42/138/35 45/137/35
f 47/144/36 44/143/36 43/142/36 48/141/36
o cube
v -1.550218158781702 5.067663595835743 0.3729730809633315
v -1.9144531403736984 5.067663595835743 0.678602519679039
v -1.550218158781702 5.067663595835743 0.3729730809633315
v -1.9144531403736984 5.067663595835743 0.678602519679039
v -1.0194999514071297 5.067663595835743 1.7451661978335922
v -0.6552649698151334 5.067663595835743 1.4395367591178847
v -1.0194999514071297 5.067663595835743 1.7451661978335922
v -0.6552649698151334 5.067663595835743 1.4395367591178847
vt 0 1
vt 0.125 1
vt 0.125 0.34375
vt 0 0.34375
vt 0 1
vt 0.125 1
vt 0.125 -0.75
vt 0 -0.75
vt 0 1
vt 0 1
vt 0 0.890625
vt 0 0.890625
vt 0 1
vt 0.125 1
vt 0.125 0.34375
vt 0 0.34375
vt 0.2421875 0.703125
vt 0.7421875 0.703125
vt 0.7421875 0.5390625
vt 0.2421875 0.5390625
vt 0 1
vt 0.015625 1
vt 0.015625 0.9453125
vt 0 0.9453125
vn -0.766044443118978 0 0.6427876096865393
vn -0.6427876096865393 0 -0.766044443118978
vn 0.766044443118978 0 -0.6427876096865393
vn 0.6427876096865393 0 0.766044443118978
vn 0 1 0
vn 0 -1 0
g Leaf
f 52/148/37 55/147/37 53/146/37 50/145/37
f 51/152/38 52/151/38 50/150/38 49/149/38
f 56/156/39 51/155/39 49/154/39 54/153/39
f 55/160/40 56/159/40 54/158/40 53/157/40
f 54/164/41 49/163/41 50/162/41 53/161/41
f 55/168/42 52/167/42 51/166/42 56/165/42
o cube
v 0.43018455671455647 4.946781060973586 0.9126404881021268
v 1.0635722668941479 5.067666239856419 1.1749982678989528
v 0.43018455671455647 4.946781060973586 0.9126404881021268
v 1.0635722668941479 5.067666239856419 1.1749982678989528
v 1.5963824097760626 5.067666239856419 -0.11131920521651202
v 0.962994699596471 4.946781060973586 -0.37367698501333796
v 1.5963824097760626 5.067666239856419 -0.11131920521651202
v 0.962994699596471 4.946781060973586 -0.37367698501333796
vt 0 0.34375
vt 0.125 0.34375
vt 0.125 -0.09375
vt 0 -0.09375
vt 0 1
vt 0.125 1
vt 0.125 -0.75
vt 0 -0.75
vt 0 1
vt 0 1
vt 0 0.890625
vt 0 0.890625
vt 0 0.34375
vt 0.125 0.34375
vt 0.125 -0.09375
vt 0 -0.09375
vt 0.2421875 0.5390625
vt 0.7421875 0.5390625
vt 0.7421875 0.2578125
vt 0.2421875 0.2578125
vt 0 1
vt 0.015625 1
vt 0.015625 0.9453125
vt 0 0.9453125
vn 0.9098437264664095 0.17364817766693036 0.3768696111424634
vn -0.3826834323650898 0 0.9238795325112867
vn -0.9098437264664095 -0.17364817766693036 -0.3768696111424634
vn 0.3826834323650898 0 -0.9238795325112867
vn -0.16042999720436046 0.9848077530122081 -0.06645228065352383
vn 0.16042999720436046 -0.9848077530122081 0.06645228065352383
g Leaf
f 60/172/43 63/171/43 61/170/43 58/169/43
f 59/176/44 60/175/44 58/174/44 57/173/44
f 64/180/45 59/179/45 57/178/45 62/177/45
f 63/184/46 64/183/46 62/182/46 61/181/46
f 62/188/47 57/187/47 58/186/47 61/185/47
f 63/192/48 60/191/48 59/190/48 64/189/48
o cube
v -0.2788480604018648 4.66744992069463 0.6189495619276151
v 0.4302021854369817 4.946786322252287 0.9126477901580425
v -0.2788480604018648 4.66744992069463 0.6189495619276151
v 0.4302021854369817 4.946786322252287 0.9126477901580425
v 0.9630123283188965 4.946786322252287 -0.3736696829574222
v 0.25396208248005 4.66744992069463 -0.6673679111878497
v 0.9630123283188965 4.946786322252287 -0.3736696829574222
v 0.25396208248005 4.66744992069463 -0.6673679111878497
vt 0 -0.09375
vt 0.125 -0.09375
vt 0.125 -0.75
vt 0 -0.75
vt 0 1
vt 0.125 1
vt 0.125 -0.75
vt 0 -0.75
vt 0 1
vt 0 1
vt 0 0.890625
vt 0 0.890625
vt 0 -0.09375
vt 0.125 -0.09375
vt 0.125 -0.75
vt 0 -0.75
vt 0.2421875 0.2578125
vt 0.7421875 0.2578125
vt 0.7421875 0
vt 0.2421875 0
vt 0 1
vt 0.015625 1
vt 0.015625 0.9453125
vt 0 0.9453125
vn 0.868162779195991 0.3420201433256687 0.3596047974904982
vn -0.3826834323650898 0 0.9238795325112868
vn -0.868162779195991 -0.3420201433256687 -0.3596047974904982
vn 0.3826834323650898 0 -0.9238795325112868
vn -0.315985410125162 0.9396926207859084 -0.13088544238586683
vn 0.315985410125162 -0.9396926207859084 0.13088544238586683
g Leaf
f 68/196/49 71/195/49 69/194/49 66/193/49
f 67/200/50 68/199/50 66/198/50 65/197/50
f 72/204/51 67/203/51 65/202/51 70/201/51
f 71/208/52 72/207/52 70/206/52 69/205/52
f 70/212/53 65/211/53 66/210/53 69/209/53
f 71/216/54 68/215/54 67/214/54 72/213/54
o cube
v 1.063544346058508 5.067663595835743 1.174986702710158
v 1.5028259667793122 5.067663595835743 1.3569431077139489
v 1.063544346058508 5.067663595835743 1.174986702710158
v 1.5028259667793122 5.067663595835743 1.3569431077139489
v 2.035636109661227 5.067663595835743 0.07062563459848425
v 1.5963544889404226 5.067663595835743 -0.11133077040530681
v 2.035636109661227 5.067663595835743 0.07062563459848425
v 1.5963544889404226 5.067663595835743 -0.11133077040530681
vt 0 1
vt 0.125 1
vt 0.125 0.34375
vt 0 0.34375
vt 0 1
vt 0.125 1
vt 0.125 -0.75
vt 0 -0.75
vt 0 1
vt 0 1
vt 0 0.890625
vt 0 0.890625
vt 0 1
vt 0.125 1
vt 0.125 0.34375
vt 0 0.34375
vt 0.2421875 0.703125
vt 0.7421875 0.703125
vt 0.7421875 0.5390625
vt 0.2421875 0.5390625
vt 0 1
vt 0.015625 1
vt 0.015625 0.9453125
vt 0 0.9453125
vn 0.9238795325112868 0 0.38268343236508984
vn -0.38268343236508984 0 0.9238795325112868
vn -0.9238795325112868 0 -0.38268343236508984
vn 0.38268343236508984 0 -0.9238795325112868
vn 0 1 0
vn 0 -1 0
g Leaf
f 76/220/55 79/219/55 77/218/55 74/217/55
f 75/224/56 76/223/56 74/222/56 73/221/56
f 80/228/57 75/227/57 73/226/57 78/225/57
f 79/232/58 80/231/58 78/230/58 77/229/58
f 78/236/59 73/235/59 74/234/59 77/233/59
f 79/240/60 76/239/60 75/238/60 80/237/60
o cube
v 0.6825059780790426 4.663938676217691 -0.15684015015235261
v 0.5377031247751072 5.132392891196499 -0.810003611904945
v 0.6825059780790426 4.663938676217691 -0.15684015015235261
v 0.5377031247751072 5.132392891196499 -0.810003611904945
v -0.8215938059379764 5.132392891196499 -0.5086547374189254
v -0.676790952634041 4.663938676217691 0.14450872433366693
v -0.8215938059379764 5.132392891196499 -0.5086547374189254
v -0.676790952634041 4.663938676217691 0.14450872433366693
vt 0 -0.09375
vt 0.125 -0.09375
vt 0.125 -0.75
vt 0 -0.75
vt 0 1
vt 0.125 1
vt 0.125 -0.75
vt 0 -0.75
vt 0 1
vt 0 1
vt 0 0.890625
vt 0 0.890625
vt 0 -0.09375
vt 0.125 -0.09375
vt 0.125 -0.75
vt 0 -0.75
vt 0.2421875 0.2578125
vt 0.7421875 0.2578125
vt 0.7421875 0
vt 0.2421875 0
vt 0 1
vt 0.015625 1
vt 0.015625 0.9453125
vt 0 0.9453125
vn -0.17729695222251673 0.5735764363510457 -0.7997348700634741
vn 0.9762960071199336 0 -0.21643961393810227
vn 0.17729695222251673 -0.5735764363510457 0.7997348700634741
vn -0.9762960071199336 0 0.21643961393810227
vn 0.12414466244781279 0.8191520442889922 0.5599803845876067
vn -0.12414466244781279 -0.8191520442889922 -0.5599803845876067
g Leaf
f 84/244/61 87/243/61 85/242/61 82/241/61
f 83/248/62 84/247/62 82/246/62 81/245/62
f 88/252/63 83/251/63 81/250/63 86/249/63
f 87/256/64 88/255/64 86/254/64 85/253/64
f 86/260/65 81/259/65 82/258/65 85/257/65
f 87/264/66 84/263/66 83/262/66 88/261/66
o cube
v 0.5377068661679405 5.13238304718605 -0.8099867355724762
v 0.4011494503872353 5.426588750096838 -1.4259574321726194
v 0.5377068661679405 5.13238304718605 -0.8099867355724762
v 0.4011494503872353 5.426588750096838 -1.4259574321726194
v -0.9581474803258483 5.426588750096838 -1.1246085576865998
v -0.821590064545143 5.13238304718605 -0.5086378610864565
v -0.9581474803258483 5.426588750096838 -1.1246085576865998
v -0.821590064545143 5.13238304718605 -0.5086378610864565
vt 0 0.34375
vt 0.125 0.34375
vt 0.125 -0.09375
vt 0 -0.09375
vt 0 1
vt 0.125 1
vt 0.125 -0.75
vt 0 -0.75
vt 0 1
vt 0 1
vt 0 0.890625
vt 0 0.890625
vt 0 0.34375
vt 0.125 0.34375
vt 0.125 -0.09375
vt 0 -0.09375
vt 0.2421875 0.5390625
vt 0.7421875 0.5390625
vt 0.7421875 0.2578125
vt 0.2421875 0.2578125
vt 0 1
vt 0.015625 1
vt 0.015625 0.9453125
vt 0 0.9453125
vn -0.1961609075353084 0.4226182617406991 -0.8848246737055847
vn 0.9762960071199335 0 -0.21643961393810224
vn 0.1961609075353084 -0.4226182617406991 0.8848246737055847
vn -0.9762960071199335 0 0.21643961393810224
vn 0.0914713334143487 0.9063077870366502 0.4126005214734114
vn -0.0914713334143487 -0.9063077870366502 -0.4126005214734114
g Leaf
f 92/268/67 95/267/67 93/266/67 90/265/67
f 91/272/68 92/271/68 90/270/68 89/269/68
f 96/276/69 91/275/69 89/274/69 94/273/69
f 95/280/70 96/279/70 94/278/70 93/277/70
f 94/284/71 89/283/71 90/282/71 93/281/71
f 95/288/72 92/287/72 91/286/72 96/285/72
o cube
v 0.4011556204759321 5.426578374322316 -1.4259296007010667
v 0.3017506236407351 5.549640359792438 -1.8743165652320908
v 0.4011556204759321 5.426578374322316 -1.4259296007010667
v 0.3017506236407351 5.549640359792438 -1.8743165652320908
v -1.0575463070723483 5.549640359792438 -1.5729676907460708
v -0.9581413102371514 5.426578374322316 -1.1245807262150467
v -1.0575463070723483 5.549640359792438 -1.5729676907460708
v -0.9581413102371514 5.426578374322316 -1.1245807262150467
vt 0 1
vt 0.125 1
vt 0.125 0.34375
vt 0 0.34375
vt 0 1
vt 0.125 1
vt 0.125 -0.75
vt 0 -0.75
vt 0 1
vt 0 1
vt 0 0.890625
vt 0 0.890625
vt 0 1
vt 0.125 1
vt 0.125 0.34375
vt 0 0.34375
vt 0.2421875 0.703125
vt 0.7421875 0.703125
vt 0.7421875 0.5390625
vt 0.2421875 0.5390625
vt 0 1
vt 0.015625 1
vt 0.015625 0.9453125
vt 0 0.9453125
vn -0.2090646129348484 0.25881904510252035 -0.94302952738004
vn 0.9762960071199336 0 -0.21643961393810227
vn 0.2090646129348484 -0.25881904510252035 0.94302952738004
vn -0.9762960071199336 0 0.21643961393810227
vn 0.05601869420181772 0.9659258262890684 0.25268400030018456
vn -0.05601869420181772 -0.9659258262890684 -0.25268400030018456
g Leaf
f 100/292/73 103/291/73 101/290/73 98/289/73
f 99/296/74 100/295/74 98/294/74 97/293/74
f 104/300/75 99/299/75 97/298/75 102/297/75
f 103/304/76 104/303/76 102/302/76 101/301/76
f 102/308/77 97/307/77 98/306/77 101/305/77
f 103/312/78 100/311/78 99/310/78 104/309/78
o cube
v -0.07577168622619823 4.7070912973347525 -1.0793315775182792
v -0.5638127845502814 4.616225488620763 -1.5673726758423623
v -0.07577168622619823 4.7070912973347525 -1.0793315775182792
v -0.5638127845502814 4.616225488620763 -1.5673726758423623
v -1.5483175559963116 4.616225488620763 -0.5828679043963321
v -1.0602764576722286 4.7070912973347525 -0.09482680607224891
v -1.5483175559963116 4.616225488620763 -0.5828679043963321
v -1.0602764576722286 4.7070912973347525 -0.09482680607224891
vt 0 0.34375
vt 0.125 0.34375
vt 0.125 -0.09375
vt 0 -0.09375
vt 0 1
vt 0.125 1
vt 0.125 -0.75
vt 0 -0.75
vt 0 1
vt 0 1
vt 0 0.890625
vt 0 0.890625
vt 0 0.34375
vt 0.125 0.34375
vt 0.125 -0.09375
vt 0 -0.09375
vt 0.2421875 0.5390625
vt 0.7421875 0.5390625
vt 0.7421875 0.2578125
vt 0.2421875 0.2578125
vt 0 1
vt 0.015625 1
vt 0.015625 0.9453125
vt 0 0.9453125
vn -0.7010573846499779 -0.1305261922200516 -0.7010573846499779
vn 0.7071067811865476 0 -0.7071067811865476
vn 0.7010573846499779 0.1305261922200516 0.7010573846499779
vn -0.7071067811865476 0 0.7071067811865476
vn -0.09229595564125727 0.9914448613738104 -0.09229595564125727
vn 0.09229595564125727 -0.9914448613738104 0.09229595564125727
g Leaf
f 108/316/79 111/315/79 109/314/79 106/313/79
f 107/320/80 108/319/80 106/318/80 105/317/80
f 112/324/81 107/323/81 105/322/81 110/321/81
f 111/328/82 112/327/82 110/326/82 109/325/82
f 110/332/83 105/331/83 106/330/83 109/329/83
f 111/336/84 108/335/84 107/334/84 112/333/84
o cube
v 0.501176440107731 4.671465357669895 -0.5023834511843498
v -0.07578568250284332 4.707090401815849 -1.079345573794924
v 0.501176440107731 4.671465357669895 -0.5023834511843498
v -0.07578568250284332 4.707090401815849 -1.079345573794924
v -1.0602904539488733 4.707090401815849 -0.09484080234889403
v -0.48332833133829906 4.671465357669895 0.4821213202616803
v -1.0602904539488733 4.707090401815849 -0.09484080234889403
v -0.48332833133829906 4.671465357669895 0.4821213202616803
vt 0 -0.09375
vt 0.125 -0.09375
vt 0.125 -0.75
vt 0 -0.75
vt 0 1
vt 0.125 1
vt 0.125 -0.75
vt 0 -0.75
vt 0 1
vt 0 1
vt 0 0.890625
vt 0 0.890625
vt 0 -0.09375
vt 0.125 -0.09375
vt 0.125 -0.75
vt 0 -0.75
vt 0.2421875 0.2578125
vt 0.7421875 0.2578125
vt 0.7421875 0
vt 0.2421875 0
vt 0 1
vt 0.015625 1
vt 0.015625 0.9453125
vt 0 0.9453125
vn -0.7064337722128922 0.04361938736533592 -0.7064337722128922
vn 0.7071067811865476 0 -0.7071067811865476
vn 0.7064337722128922 -0.04361938736533592 0.7064337722128922
vn -0.7071067811865476 0 0.7071067811865476
vn 0.03084356459723185 0.9990482215818577 0.03084356459723185
vn -0.03084356459723185 -0.9990482215818577 -0.03084356459723185
g Leaf
f 116/340/85 119/339/85 117/338/85 114/337/85
f 115/344/86 116/343/86 114/342/86 113/341/86
f 120/348/87 115/347/87 113/346/87 118/345/87
f 119/352/88 120/351/88 118/350/88 117/349/88
f 118/356/89 113/355/89 114/354/89 117/353/89
f 119/360/90 116/359/90 115/358/90 120/357/90
o cube
v -0.5637918417208617 4.616232054692029 -1.5673517330129427
v -0.884442540612533 4.473253964672734 -1.888002431904614
v -0.5637918417208617 4.616232054692029 -1.5673517330129427
v -0.884442540612533 4.473253964672734 -1.888002431904614
v -1.8689473120585633 4.473253964672734 -0.9034976604585837
v -1.548296613166892 4.616232054692029 -0.5828469615669124
v -1.8689473120585633 4.473253964672734 -0.9034976604585837
v -1.548296613166892 4.616232054692029 -0.5828469615669124
vt 0 1
vt 0.125 1
vt 0.125 0.34375
vt 0 0.34375
vt 0 1
vt 0.125 1
vt 0.125 -0.75
vt 0 -0.75
vt 0 1
vt 0 1
vt 0 0.890625
vt 0 0.890625
vt 0 1
vt 0.125 1
vt 0.125 0.34375
vt 0 0.34375
vt 0.2421875 0.703125
vt 0.7421875 0.703125
vt 0.7421875 0.5390625
vt 0.2421875 0.5390625
vt 0 1
vt 0.015625 1
vt 0.015625 0.9453125
vt 0 0.9453125
vn -0.6743797232066279 -0.3007057995042731 -0.6743797232066279
vn 0.7071067811865476 0 -0.7071067811865476
vn 0.6743797232066279 0.3007057995042731 0.6743797232066279
vn -0.7071067811865476 0 0.7071067811865476
vn -0.21263110997159393 0.9537169507482269 -0.21263110997159393
vn 0.21263110997159393 -0.9537169507482269 0.21263110997159393
g Leaf
f 124/364/91 127/363/91 125/362/91 122/361/91
f 123/368/92 124/367/92 122/366/92 121/365/92
f 128/372/93 123/371/93 121/370/93 126/369/93
f 127/376/94 128/375/94 126/374/94 125/373/94
f 126/380/95 121/379/95 122/378/95 125/377/95
f 127/384/96 124/383/96 123/382/96 128/381/96
o cube
v -0.9565547735341853 4.636811175510266 -0.48345455375390944
v -1.6130447790197993 4.486136738267256 -0.3075485869449359
v -0.9565547735341853 4.636811175510266 -0.48345455375390944
v -1.6130447790197993 4.486136738267256 -0.3075485869449359
v -1.2526910225235597 4.486136738267256 1.0373099409973339
v -0.5962010170379457 4.636811175510266 0.8614039741883603
v -1.2526910225235597 4.486136738267256 1.0373099409973339
v -0.5962010170379457 4.636811175510266 0.8614039741883603
vt 0 0.34375
vt 0.125 0.34375
vt 0.125 -0.09375
vt 0 -0.09375
vt 0 1
vt 0.125 1
vt 0.125 -0.75
vt 0 -0.75
vt 0 1
vt 0 1
vt 0 0.890625
vt 0 0.890625
vt 0 0.34375
vt 0.125 0.34375
vt 0.125 -0.09375
vt 0 -0.09375
vt 0.2421875 0.5390625
vt 0.7421875 0.5390625
vt 0.7421875 0.2578125
vt 0.2421875 0.2578125
vt 0 1
vt 0.015625 1
vt 0.015625 0.9453125
vt 0 0.9453125
vn -0.9430295273800398 -0.21643961393810285 0.25268400030018495
vn -0.2588190451025207 0 -0.9659258262890683
vn 0.9430295273800398 0.21643961393810285 -0.25268400030018495
vn 0.2588190451025207 0 0.9659258262890683
vn -0.20906461293484893 0.9762960071199334 0.05601869420181803
vn 0.20906461293484893 -0.9762960071199334 -0.05601869420181803
g Leaf
f 132/388/97 135/387/97 133/386/97 130/385/97
f 131/392/98 132/391/98 130/390/98 129/389/98
f 136/396/99 131/395/99 129/394/99 134/393/99
f 135/400/100 136/399/100 134/398/100 133/397/100
f 134/404/101 129/403/101 130/402/101 133/401/101
f 135/408/102 132/407/102 131/406/102 136/405/102
o cube
v -0.16843362793504077 4.672547189651608 -0.6946309782550915
v -0.9565785444424778 4.636922145505654 -0.48344818435822917
v -0.16843362793504077 4.672547189651608 -0.6946309782550915
v -0.9565785444424778 4.636922145505654 -0.48344818435822917
v -0.5962247879462382 4.636922145505654 0.8614103435840407
v 0.19192012856119886 4.672547189651608 0.6502275496871783
v -0.5962247879462382 4.636922145505654 0.8614103435840407
v 0.19192012856119886 4.672547189651608 0.6502275496871783
vt 0 -0.09375
vt 0.125 -0.09375
vt 0.125 -0.75
vt 0 -0.75
vt 0 1
vt 0.125 1
vt 0.125 -0.75
vt 0 -0.75
vt 0 1
vt 0 1
vt 0 0.890625
vt 0 0.890625
vt 0 -0.09375
vt 0.125 -0.09375
vt 0.125 -0.75
vt 0 -0.75
vt 0.2421875 0.2578125
vt 0.7421875 0.2578125
vt 0.7421875 0
vt 0.2421875 0
vt 0 1
vt 0.015625 1
vt 0.015625 0.9453125
vt 0 0.9453125
vn -0.9650064789340801 -0.04361938736533607 0.258572706721188
vn -0.2588190451025208 0 -0.9659258262890684
vn 0.9650064789340801 0.04361938736533607 -0.258572706721188
vn 0.2588190451025208 0 0.9659258262890684
vn -0.04213309278308518 0.9990482215818579 0.011289528185853237
vn 0.04213309278308518 -0.9990482215818579 -0.011289528185853237
g Leaf
f 140/412/103 143/411/103 141/410/103 138/409/103
f 139/416/104 140/415/104 138/414/104 137/413/104
f 144/420/105 139/419/105 137/418/105 142/417/105
f 143/424/106 144/423/106 142/422/106 141/421/106
f 142/428/107 137/427/107 138/426/107 141/425/107
f 143/432/108 140/431/108 139/430/108 144/429/108
o cube
v -1.6130265251387583 4.486142714098072 -0.3075534780576198
v -2.037339987607102 4.3041863090942805 -0.19385902845157352
v -1.6130265251387583 4.486142714098072 -0.3075534780576198
v -2.037339987607102 4.3041863090942805 -0.19385902845157352
v -1.6769862311108628 4.3041863090942805 1.1509994994906962
v -1.2526727686425185 4.486142714098072 1.0373050498846499
v -1.6769862311108628 4.3041863090942805 1.1509994994906962
v -1.2526727686425185 4.486142714098072 1.0373050498846499
vt 0 1
vt 0.125 1
vt 0.125 0.34375
vt 0 0.34375
vt 0 1
vt 0.125 1
vt 0.125 -0.75
vt 0 -0.75
vt 0 1
vt 0 1
vt 0 0.890625
vt 0 0.890625
vt 0 1
vt 0.125 1
vt 0.125 0.34375
vt 0 0.34375
vt 0.2421875 0.703125
vt 0.7421875 0.703125
vt 0.7421875 0.5390625
vt 0.2421875 0.5390625
vt 0 1
vt 0.015625 1
vt 0.015625 0.9453125
vt 0 0.9453125
vn -0.8923991008325227 -0.38268343236508967 0.23911761839433449
vn -0.25881904510252074 0 -0.9659258262890684
vn 0.8923991008325227 0.38268343236508967 -0.23911761839433449
vn 0.25881904510252074 0 0.9659258262890684
vn -0.3696438106143861 0.9238795325112868 0.09904576054128764
vn 0.3696438106143861 -0.9238795325112868 -0.09904576054128764
g Leaf
f 148/436/109 151/435/109 149/434/109 146/433/109
f 147/440/110 148/439/110 146/438/110 145/437/110
f 152/444/111 147/443/111 145/442/111 150/441/111
f 151/448/112 152/447/112 150/446/112 149/445/112
f 150/452/113 145/451/113 146/450/113 149/449/113
f 151/456/114 148/455/114 147/454/114 152/453/114
o cube
v -0.7305482533006984 4.636922168177471 0.7536043619920326
v -0.7601941029833416 4.486247730934462 1.432605952607324
v -0.7305482533006984 4.636922168177471 0.7536043619920326
v -0.7601941029833416 4.486247730934462 1.432605952607324
v 0.6307807359250793 4.486247730934462 1.4933372256360815
v 0.6604265856077225 4.636922168177471 0.8143356350207901
v 0.6307807359250793 4.486247730934462 1.4933372256360815
v 0.6604265856077225 4.636922168177471 0.8143356350207901
vt 0 0.34375
vt 0.125 0.34375
vt 0.125 -0.09375
vt 0 -0.09375
vt 0 1
vt 0.125 1
vt 0.125 -0.75
vt 0 -0.75
vt 0 1
vt 0 1
vt 0 0.890625
vt 0 0.890625
vt 0 0.34375
vt 0.125 0.34375
vt 0.125 -0.09375
vt 0 -0.09375
vt 0.2421875 0.5390625
vt 0.7421875 0.5390625
vt 0.7421875 0.2578125
vt 0.2421875 0.2578125
vt 0 1
vt 0.015625 1
vt 0.015625 0.9453125
vt 0 0.9453125
vn -0.042585433717795274 -0.21643961393810288 0.9753667896506382
vn -0.9990482215818579 0 -0.043619387365336076
vn 0.042585433717795274 0.21643961393810288 -0.9753667896506382
vn 0.9990482215818579 0 0.043619387365336076
vn -0.0094409633615699 0.9762960071199334 0.2162336113847255
vn 0.0094409633615699 -0.9762960071199334 -0.2162336113847255
g Leaf
f 156/460/115 159/459/115 157/458/115 154/457/115
f 155/464/116 156/463/116 154/462/116 153/461/116
f 160/468/117 155/467/117 153/466/117 158/465/117
f 159/472/118 160/471/118 158/470/118 157/469/118
f 158/476/119 153/475/119 154/474/119 157/473/119
f 159/480/120 156/479/120 155/478/120 160/477/120
o cube
v -0.6949571164325983 4.672547189651608 -0.06156669243705866
v -0.7305482534303889 4.636922145505654 0.7536043649624327
v -0.6949571164325983 4.672547189651608 -0.06156669243705866
v -0.7305482534303889 4.636922145505654 0.7536043649624327
v 0.660426585478032 4.636922145505654 0.81433563799119
v 0.6960177224758226 4.672547189651608 -0.0008354194083012301
v 0.660426585478032 4.636922145505654 0.81433563799119
v 0.6960177224758226 4.672547189651608 -0.0008354194083012301
vt 0 -0.09375
vt 0.125 -0.09375
vt 0.125 -0.75
vt 0 -0.75
vt 0 1
vt 0.125 1
vt 0.125 -0.75
vt 0 -0.75
vt 0 1
vt 0 1
vt 0 0.890625
vt 0 0.890625
vt 0 -0.09375
vt 0.125 -0.09375
vt 0.125 -0.75
vt 0 -0.75
vt 0.2421875 0.2578125
vt 0.7421875 0.2578125
vt 0.7421875 0
vt 0.2421875 0
vt 0 1
vt 0.015625 1
vt 0.015625 0.9453125
vt 0 0.9453125
vn -0.04357787137382915 -0.04361938736533603 0.9980973490458728
vn -0.9990482215818579 0 -0.043619387365336076
vn 0.04357787137382915 0.04361938736533603 -0.9980973490458728
vn 0.9990482215818579 0 0.043619387365336076
vn -0.001902650954127239 0.9990482215818578 0.04357787137382913
vn 0.001902650954127239 -0.9990482215818578 -0.04357787137382913
g Leaf
f 164/484/121 167/483/121 165/482/121 162/481/121
f 163/488/122 164/487/122 162/486/122 161/485/122
f 168/492/123 163/491/123 161/490/123 166/489/123
f 167/496/124 168/495/124 166/494/124 165/493/124
f 166/500/125 161/499/125 162/498/125 165/497/125
f 167/504/126 164/503/126 163/502/126 168/501/126
o cube
v -0.7601928409585007 4.4862568533666565 1.432577047486254
v -0.7793540361351942 4.304300448362865 1.87144056944097
v -0.7601928409585007 4.4862568533666565 1.432577047486254
v -0.7793540361351942 4.304300448362865 1.87144056944097
v 0.6116208027732267 4.304300448362865 1.9321718424697274
v 0.6307819979499202 4.4862568533666565 1.4933083205150115
v 0.6116208027732267 4.304300448362865 1.9321718424697274
v 0.6307819979499202 4.4862568533666565 1.4933083205150115
vt 0 1
vt 0.125 1
vt 0.125 0.34375
vt 0 0.34375
vt 0 1
vt 0.125 1
vt 0.125 -0.75
vt 0 -0.75
vt 0 1
vt 0 1
vt 0 0.890625
vt 0 0.890625
vt 0 1
vt 0.125 1
vt 0.125 0.34375
vt 0 0.34375
vt 0.2421875 0.703125
vt 0.7421875 0.703125
vt 0.7421875 0.5390625
vt 0.2421875 0.5390625
vt 0 1
vt 0.015625 1
vt 0.015625 0.9453125
vt 0 0.9453125
vn -0.04029905920751542 -0.38268343236508984 0.9230002039112792
vn -0.9990482215818578 0 -0.04361938736533607
vn 0.04029905920751542 0.38268343236508984 -0.9230002039112792
vn 0.9990482215818578 0 0.04361938736533607
vn -0.01669241687462924 0.923879532511287 0.3823192025331841
vn 0.01669241687462924 -0.923879532511287 -0.3823192025331841
g Leaf
f 172/508/127 175/507/127 173/506/127 170/505/127
f 171/512/128 172/511/128 170/510/128 169/509/128
f 176/516/129 171/515/129 169/514/129 174/513/129
f 175/520/130 176/519/130 174/518/130 173/517/130
f 174/524/131 169/523/131 170/522/131 173/521/131
f 175/528/132 172/527/132 171/526/132 176/525/132
o cube
v 0.9570752883796483 4.6720130591060585 0.44520484252931747
v 1.619288840890714 4.551127880223225 0.26776525591703143
v 0.9570752883796483 4.6720130591060585 0.44520484252931747
v 1.619288840890714 4.551127880223225 0.26776525591703143
v 1.2589350843944724 4.551127880223225 -1.077093272025238
v 0.5967215318834067 4.6720130591060585 -0.8996536854129519
v 1.2589350843944724 4.551127880223225 -1.077093272025238
v 0.5967215318834067 4.6720130591060585 -0.8996536854129519
vt 0 0.34375
vt 0.125 0.34375
vt 0.125 -0.09375
vt 0 -0.09375
vt 0 1
vt 0.125 1
vt 0.125 -0.75
vt 0 -0.75
vt 0 1
vt 0 1
vt 0 0.890625
vt 0 0.890625
vt 0 0.34375
vt 0.125 0.34375
vt 0.125 -0.09375
vt 0 -0.09375
vt 0.2421875 0.5390625
vt 0.7421875 0.5390625
vt 0.7421875 0.2578125
vt 0.2421875 0.2578125
vt 0 1
vt 0.015625 1
vt 0.015625 0.9453125
vt 0 0.9453125
vn 0.9512512425641976 -0.17364817766693005 -0.2548870022441803
vn 0.25881904510252224 0 0.965925826289068
vn -0.9512512425641976 0.17364817766693005 0.2548870022441803
vn -0.25881904510252224 0 -0.965925826289068
vn 0.16773125949652032 0.9848077530122081 -0.04494345552754777
vn -0.16773125949652032 -0.9848077530122081 0.04494345552754777
g Leaf
f 180/532/133 183/531/133 181/530/133 178/529/133
f 179/536/134 180/535/134 178/534/134 177/533/134
f 184/540/135 179/539/135 177/538/135 182/537/135
f 183/544/136 184/543/136 182/542/136 181/541/136
f 182/548/137 177/547/137 178/546/137 181/545/137
f 183/552/138 180/551/138 179/550/138 184/549/138
o cube
v 0.1681986099371777 4.672011325133227 0.656583711445725
v 0.9570943804131167 4.672011325133227 0.4451997268343676
v 0.1681986099371777 4.672011325133227 0.656583711445725
v 0.9570943804131167 4.672011325133227 0.4451997268343676
v 0.596740623916875 4.672011325133227 -0.8996588011079018
v -0.192155146559064 4.672011325133227 -0.6882748164965443
v 0.596740623916875 4.672011325133227 -0.8996588011079018
v -0.192155146559064 4.672011325133227 -0.6882748164965443
vt 0 -0.09375
vt 0.125 -0.09375
vt 0.125 -0.75
vt 0 -0.75
vt 0 1
vt 0.125 1
vt 0.125 -0.75
vt 0 -0.75
vt 0 1
vt 0 1
vt 0 0.890625
vt 0 0.890625
vt 0 -0.09375
vt 0.125 -0.09375
vt 0.125 -0.75
vt 0 -0.75
vt 0.2421875 0.2578125
vt 0.7421875 0.2578125
vt 0.7421875 0
vt 0.2421875 0
vt 0 1
vt 0.015625 1
vt 0.015625 0.9453125
vt 0 0.9453125
vn 0.9659258262890679 0 -0.2588190451025222
vn 0.25881904510252224 0 0.965925826289068
vn -0.9659258262890679 0 0.2588190451025222
vn -0.25881904510252224 0 -0.965925826289068
vn 0 1 0
vn 0 -1 0
g Leaf
f 188/556/139 191/555/139 189/554/139 186/553/139
f 187/560/140 188/559/140 186/558/140 185/557/140
f 192/564/141 187/563/141 185/562/141 190/561/141
f 191/568/142 192/567/142 190/566/142 189/565/142
f 190/572/143 185/571/143 186/570/143 189/569/143
f 191/576/144 188/575/144 187/574/144 192/573/144
o cube
v 1.6192605363314772 4.55113573194805 0.26777284010082103
v 2.0508365324982156 4.388513704300278 0.15213240045528548
v 1.6192605363314772 4.55113573194805 0.26777284010082103
v 2.0508365324982156 4.388513704300278 0.15213240045528548
v 1.6904827760019738 4.388513704300278 -1.192726127486984
v 1.2589067798352356 4.55113573194805 -1.0770856878414483
v 1.6904827760019738 4.388513704300278 -1.192726127486984
v 1.2589067798352356 4.55113573194805 -1.0770856878414483
vt 0 1
vt 0.125 1
vt 0.125 0.34375
vt 0 0.34375
vt 0 1
vt 0.125 1
vt 0.125 -0.75
vt 0 -0.75
vt 0 1
vt 0 1
vt 0 0.890625
vt 0 0.890625
vt 0 1
vt 0.125 1
vt 0.125 0.34375
vt 0 0.34375
vt 0.2421875 0.703125
vt 0.7421875 0.703125
vt 0.7421875 0.5390625
vt 0.2421875 0.5390625
vt 0 1
vt 0.015625 1
vt 0.015625 0.9453125
vt 0 0.9453125
vn 0.9076733711903684 -0.34202014332566844 -0.2432103468016954
vn 0.2588190451025223 0 0.965925826289068
vn -0.9076733711903684 0.34202014332566844 0.2432103468016954
vn -0.2588190451025223 0 -0.965925826289068
vn 0.3303660895493518 0.9396926207859085 -0.08852132690137711
vn -0.3303660895493518 -0.9396926207859085 0.08852132690137711
g Leaf
f 196/580/145 199/579/145 197/578/145 194/577/145
f 195/584/146 196/583/146 194/582/146 193/581/146
f 200/588/147 195/587/147 193/586/147 198/585/147
f 199/592/148 200/591/148 198/590/148 197/589/148
f 198/596/149 193/595/149 194/594/149 197/593/149
f 199/600/150 196/599/150 195/598/150 200/597/150
o cube
v 0.8190529700675185 4.429908253284843 -0.6551672664534105
v 0.9262794333072792 4.108461956181276 -1.2632787580069709
v 0.8190529700675185 4.429908253284843 -0.6551672664534105
v 0.9262794333072792 4.108461956181276 -1.2632787580069709
v -0.44486840121161797 4.108461956181276 -1.505049115772639
v -0.5520948644513787 4.429908253284843 -0.8969376242190785
v -0.44486840121161797 4.108461956181276 -1.505049115772639
v -0.5520948644513787 4.429908253284843 -0.8969376242190785
vt 0 0.34375
vt 0.125 0.34375
vt 0.125 -0.09375
vt 0 -0.09375
vt 0 1
vt 0.125 1
vt 0.125 -0.75
vt 0 -0.75
vt 0 1
vt 0 1
vt 0 0.890625
vt 0 0.890625
vt 0 0.34375
vt 0.125 0.34375
vt 0.125 -0.09375
vt 0 -0.09375
vt 0.2421875 0.5390625
vt 0.7421875 0.5390625
vt 0.7421875 0.2578125
vt 0.2421875 0.2578125
vt 0 1
vt 0.015625 1
vt 0.015625 0.9453125
vt 0 0.9453125
vn 0.1540278147522242 -0.46174861323503336 -0.8735351455197313
vn 0.9848077530122081 0 0.1736481776669309
vn -0.1540278147522242 0.46174861323503336 0.8735351455197313
vn -0.9848077530122081 0 -0.1736481776669309
vn 0.08018180522849619 0.8870108331782222 -0.4547336142564961
vn -0.08018180522849619 -0.8870108331782222 0.4547336142564961
g Leaf
f 204/604/151 207/603/151 205/602/151 202/601/151
f 203/608/152 204/607/152 202/606/152 201/605/152
f 208/612/153 203/611/153 201/610/153 206/609/153
f 207/616/154 208/615/154 206/614/154 205/613/154
f 206/620/155 201/619/155 202/618/155 205/617/155
f 207/624/156 204/623/156 203/622/156 208/621/156
o cube
v 0.6837973399166115 4.67549467954668 0.1119055298223626
v 0.8190561558183427 4.429900735446553 -0.6551853337441419
v 0.6837973399166115 4.67549467954668 0.1119055298223626
v 0.8190561558183427 4.429900735446553 -0.6551853337441419
v -0.5520916787005545 4.429900735446553 -0.8969556915098097
v -0.6873504946022857 4.67549467954668 -0.1298648279433052
v -0.5520916787005545 4.429900735446553 -0.8969556915098097
v -0.6873504946022857 4.67549467954668 -0.1298648279433052
vt 0 -0.09375
vt 0.125 -0.09375
vt 0.125 -0.75
vt 0 -0.75
vt 0 1
vt 0.125 1
vt 0.125 -0.75
vt 0 -0.75
vt 0 1
vt 0 1
vt 0 0.890625
vt 0 0.890625
vt 0 -0.09375
vt 0.125 -0.09375
vt 0.125 -0.75
vt 0 -0.75
vt 0.2421875 0.2578125
vt 0.7421875 0.2578125
vt 0.7421875 0
vt 0.2421875 0
vt 0 1
vt 0.015625 1
vt 0.015625 0.9453125
vt 0 0.9453125
vn 0.16561121050749167 -0.30070579950427256 -0.9392278472760163
vn 0.9848077530122081 0 0.1736481776669309
vn -0.16561121050749167 0.30070579950427256 0.9392278472760163
vn -0.9848077530122081 0 -0.1736481776669309
vn 0.052217014097794605 0.9537169507482273 -0.29613740272754213
vn -0.052217014097794605 -0.9537169507482273 0.29613740272754213
g Leaf
f 212/628/157 215/627/157 213/626/157 210/625/157
f 211/632/158 212/631/158 210/630/158 209/629/158
f 216/636/159 211/635/159 209/634/159 214/633/159
f 215/640/160 216/639/160 214/638/160 213/637/160
f 214/644/161 209/643/161 210/642/161 213/641/161
f 215/648/162 212/647/162 211/646/162 216/645/162
o cube
v 0.9262749903896451 4.108478256097185 -1.2632535609689663
v 0.9917785003105781 3.819027415639265 -1.634742425904701
v 0.9262749903896451 4.108478256097185 -1.2632535609689663
v 0.9917785003105781 3.819027415639265 -1.634742425904701
v -0.3793693342083191 3.8190274156392654 -1.876512783670369
v -0.44487284412925204 4.108478256097186 -1.5050239187346344
v -0.3793693342083191 3.8190274156392654 -1.876512783670369
v -0.44487284412925204 4.108478256097186 -1.5050239187346344
vt 0 1
vt 0.125 1
vt 0.125 0.34375
vt 0 0.34375
vt 0 1
vt 0.125 1
vt 0.125 -0.75
vt 0 -0.75
vt 0 1
vt 0 1
vt 0 0.890625
vt 0 0.890625
vt 0 1
vt 0.125 1
vt 0.125 0.34375
vt 0 0.34375
vt 0.2421875 0.703125
vt 0.7421875 0.703125
vt 0.7421875 0.5390625
vt 0.2421875 0.5390625
vt 0 1
vt 0.015625 1
vt 0.015625 0.9453125
vt 0 0.9453125
vn 0.13776436178754545 -0.6087614290087201 -0.7813005203969414
vn 0.984807753012208 0 0.1736481776669309
vn -0.13776436178754545 0.6087614290087201 0.7813005203969414
vn -0.984807753012208 0 -0.1736481776669309
vn 0.10571031278128111 0.7933533402912357 -0.5995129750225784
vn -0.10571031278128111 -0.7933533402912357 0.5995129750225784
g Leaf
f 220/652/163 223/651/163 221/650/163 218/649/163
f 219/656/164 220/655/164 218/654/164 217/653/164
f 224/660/165 219/659/165 217/658/165 222/657/165
f 223/664/166 224/663/166 222/662/166 221/661/166
f 222/668/167 217/667/167 218/666/167 221/665/167
f 223/672/168 220/671/168 219/670/168 224/669/168
o cube
