# Made in Blockbench 4.12.3

o cube
v 0.7457766832826866 4.684375 0.8054388179453017
v 0.7457766832826866 4.684375 0.8054388179453017
v 0.7457766832826866 1.7312500000000002 0.8054388179453017
v 0.7457766832826866 1.7312500000000002 0.8054388179453017
v -0.7457766832826869 4.684375 -0.686114548620072
v -0.7457766832826869 4.684375 -0.686114548620072
v -0.7457766832826869 1.7312500000000002 -0.686114548620072
v -0.7457766832826869 1.7312500000000002 -0.686114548620072
vt 0.109375 1
vt 0.859375 1
vt 0.859375 0
vt 0.109375 0
vt 0 1
vt 0 1
vt 0 0.59375
vt 0 0.59375
vt 0 1
vt 0.125 1
vt 0.125 0.59375
vt 0 0.59375
vt 0 1
vt 0 1
vt 0 0.59375
vt 0 0.59375
vt 0 1
vt 0.125 1
vt 0.125 1
vt 0 1
vt 0 1
vt 0.125 1
vt 0.125 1
vt 0 1
vn 0.7071067811865476 0 -0.7071067811865475
vn 0.7071067811865475 0 0.7071067811865476
vn -0.7071067811865476 0 0.7071067811865475
vn -0.7071067811865475 0 -0.7071067811865476
vn 0 1 0
vn 0 -1 0
g Flower
f 4/4/1 7/3/1 5/2/1 2/1/1
f 3/8/2 4/7/2 2/6/2 1/5/2
f 8/12/3 3/11/3 1/10/3 6/9/3
f 7/16/4 8/15/4 6/14/4 5/13/4
f 6/20/5 1/19/5 2/18/5 5/17/5
f 7/24/6 4/23/6 3/22/6 8/21/6
o cube
v -0.7457766832826866 4.684375 0.8054388179453018
v -0.7457766832826866 4.684375 0.8054388179453018
v -0.7457766832826866 1.7312500000000002 0.8054388179453018
v -0.7457766832826866 1.7312500000000002 0.8054388179453018
v 0.7457766832826869 4.684375 -0.6861145486200722
v 0.7457766832826869 4.684375 -0.6861145486200722
v 0.7457766832826869 1.7312500000000002 -0.6861145486200722
v 0.7457766832826869 1.7312500000000002 -0.6861145486200722
vt 0.859375 1
vt 0.109375 1
vt 0.109375 0
vt 0.859375 0
vt 0 1
vt 0 1
vt 0 0.59375
vt 0 0.59375
vt 0 1
vt 0.125 1
vt 0.125 0.59375
vt 0 0.59375
vt 0 1
vt 0 1
vt 0 0.59375
vt 0 0.59375
vt 0 1
vt 0.125 1
vt 0.125 1
vt 0 1
vt 0 1
vt 0.125 1
vt 0.125 1
vt 0 1
vn 0.7071067811865477 0 0.7071067811865475
vn -0.7071067811865475 0 0.7071067811865477
vn -0.7071067811865477 0 -0.7071067811865475
vn 0.7071067811865475 0 -0.7071067811865477
vn 0 1 0
vn 0 -1 0
g Flower
f 12/28/7 15/27/7 13/26/7 10/25/7
f 11/32/8 12/31/8 10/30/8 9/29/8
f 16/36/9 11/35/9 9/34/9 14/33/9
f 15/40/10 16/39/10 14/38/10 13/37/10
f 14/44/11 9/43/11 10/42/11 13/41/11
f 15/48/12 12/47/12 11/46/12 16/45/12
o cube
v -1.0802110040852655 1.7529703448784142 0.08437500000000035
v 0 1.5625 0.08437499999999999
v -1.0802110040852655 1.7529703448784142 0.08437500000000035
v 0 1.5625 0.08437499999999999
v 0 1.5625 -0.08437499999999999
v -1.0802110040852655 1.7529703448784142 -0.08437499999999963
v 0 1.5625 -0.08437499999999999
v -1.0802110040852655 1.7529703448784142 -0.08437499999999963
vt 0 1
vt 0.0625 1
vt 0.0625 1
vt 0 1
vt 0 1
vt 0.375 1
vt 0.375 1
vt 0 1
vt 0 1
vt 0.0625 1
vt 0.0625 1
vt 0 1
vt 0 1
vt 0.375 1
vt 0.375 1
vt 0 1
vt 0 1
vt 0.0625 1
vt 0.0625 0.625
vt 0 0.625
vt 0.4375 1
vt 0.5625 1
vt 0.5625 0
vt 0.4375 0
vn 0.984807753012208 -0.17364817766693036 0
vn 0 0 1
vn -0.984807753012208 0.17364817766693036 0
vn 0 0 -1
vn 0.1736481776669304 0.9848077530122081 0
vn -0.1736481776669304 -0.9848077530122081 0
g Leaf
f 20/52/13 23/51/13 21/50/13 18/49/13
f 19/56/14 20/55/14 18/54/14 17/53/14
f 24/60/15 19/59/15 17/58/15 22/57/15
f 23/64/16 24/63/16 22/62/16 21/61/16
f 22/68/17 17/67/17 18/66/17 21/65/17
f 23/72/18 20/71/18 19/70/18 24/69/18
o cube
v -0.9083532538830058 1.7529703448784142 -0.5906516063908183
v -0.05136424557261081 1.5625 0.066939188087073
v -0.9083532538830058 1.7529703448784142 -0.5906516063908183
v -0.05136424557261081 1.5625 0.066939188087073
v 0.05136424557261081 1.5625 -0.066939188087073
v -0.8056247627377843 1.7529703448784142 -0.7245299825649643
v 0.05136424557261081 1.5625 -0.066939188087073
v -0.8056247627377843 1.7529703448784142 -0.7245299825649643
vt 0 1
vt 0.0625 1
vt 0.0625 1
vt 0 1
vt 0 1
vt 0.375 1
vt 0.375 1
vt 0 1
vt 0 1
vt 0.0625 1
vt 0.0625 1
vt 0 1
vt 0 1
vt 0.375 1
vt 0.375 1
vt 0 1
vt 0 1
vt 0.0625 1
vt 0.0625 0.625
vt 0 0.625
vt 0.4375 1
vt 0.5625 1
vt 0.5625 0
vt 0.4375 0
vn 0.7813005203969412 -0.17364817766693033 0.5995129750225788
vn -0.6087614290087204 0 0.7933533402912354
vn -0.7813005203969412 0.17364817766693033 -0.5995129750225788
vn 0.6087614290087204 0 -0.7933533402912354
vn 0.13776436178754506 0.9848077530122081 0.1057103127812807
vn -0.13776436178754506 -0.9848077530122081 -0.1057103127812807
g Leaf
f 28/76/19 31/75/19 29/74/19 26/73/19
f 27/80/20 28/79/20 26/78/20 25/77/20
f 32/84/21 27/83/21 25/82/21 30/81/21
f 31/88/22 32/87/22 30/86/22 29/85/22
f 30/92/23 25/91/23 26/90/23 29/89/23
f 31/96/24 28/95/24 27/94/24 32/93/24
o cube
v 0.084375 1.7529703448784142 1.0802110040852657
v 0.084375 1.5625 0
v 0.084375 1.7529703448784142 1.0802110040852657
v 0.084375 1.5625 0
v -0.084375 1.5625 0
v -0.084375 1.7529703448784142 1.0802110040852657
v -0.084375 1.5625 0
v -0.084375 1.7529703448784142 1.0802110040852657
vt 0 1
vt 0.0625 1
vt 0.0625 1
vt 0 1
vt 0 1
vt 0.375 1
vt 0.375 1
vt 0 1
vt 0 1
vt 0.0625 1
vt 0.0625 1
vt 0 1
vt 0 1
vt 0.375 1
vt 0.375 1
vt 0 1
vt 0 1
vt 0.0625 1
vt 0.0625 0.625
vt 0 0.625
vt 0.4375 1
vt 0.5625 1
vt 0.5625 0
vt 0.4375 0
vn 0 -0.17364817766693033 -0.984807753012208
vn 1 0 0
vn 0 0.17364817766693033 0.984807753012208
vn -1 0 0
vn 0 0.984807753012208 -0.17364817766693033
vn 0 -0.984807753012208 0.17364817766693033
g Leaf
f 36/100/25 39/99/25 37/98/25 34/97/25
f 35/104/26 36/103/26 34/102/26 33/101/26
f 40/108/27 35/107/27 33/106/27 38/105/27
f 39/112/28 40/111/28 38/110/28 37/109/28
f 38/116/29 33/115/29 34/114/29 37/113/29
f 39/120/30 36/119/30 35/118/30 40/117/30
o cube
v -0.8364615404427904 1.7529703448784142 0.6886995319672957
v 0.048395511817119534 1.5625 0.06911595373688367
v -0.8364615404427904 1.7529703448784142 0.6886995319672957
v 0.048395511817119534 1.5625 0.06911595373688367
v -0.048395511817119534 1.5625 -0.06911595373688367
v -0.9332525640770295 1.7529703448784142 0.5504676244935285
v -0.048395511817119534 1.5625 -0.06911595373688367
v -0.9332525640770295 1.7529703448784142 0.5504676244935285
vt 0 1
vt 0.0625 1
vt 0.0625 1
vt 0 1
vt 0 1
vt 0.375 1
vt 0.375 1
vt 0 1
vt 0 1
vt 0.0625 1
vt 0.0625 1
vt 0 1
vt 0 1
vt 0.375 1
vt 0.375 1
vt 0 1
vt 0 1
vt 0.0625 1
vt 0.0625 0.625
vt 0 0.625
vt 0.4375 1
vt 0.5625 1
vt 0.5625 0
vt 0.4375 0
vn 0.8067072841115986 -0.17364817766693033 -0.5648625214636236
vn 0.5735764363510462 0 0.8191520442889918
vn -0.8067072841115986 0.17364817766693033 0.5648625214636236
vn -0.5735764363510462 0 -0.8191520442889918
vn 0.14224425972292398 0.9848077530122081 -0.09960050292505122
vn -0.14224425972292398 -0.9848077530122081 0.09960050292505122
g Leaf
f 44/124/31 47/123/31 45/122/31 42/121/31
f 43/128/32 44/127/32 42/126/32 41/125/32
f 48/132/33 43/131/33 41/130/33 46/129/33
f 47/136/34 48/135/34 46/134/34 45/133/34
f 46/140/35 41/139/35 42/138/35 45/137/35
f 47/144/36 44/143/36 43/142/36 48/141/36
o cube
v -0.3800471773284732 1.7529703448784142 1.0146620604795265
v 0.07646971953121734 1.5625 0.035658415834371515
v -0.3800471773284732 1.7529703448784142 1.0146620604795265
v 0.07646971953121734 1.5625 0.035658415834371515
v -0.07646971953121734 1.5625 -0.035658415834371515
v -0.5329866163909078 1.7529703448784142 0.9433452288107833
v -0.07646971953121734 1.5625 -0.035658415834371515
v -0.5329866163909078 1.7529703448784142 0.9433452288107833
vt 0 1
vt 0.0625 1
vt 0.0625 1
vt 0 1
vt 0 1
vt 0.375 1
vt 0.375 1
vt 0 1
vt 0 1
vt 0.0625 1
vt 0.0625 1
vt 0 1
vt 0 1
vt 0.375 1
vt 0.375 1
vt 0 1
vt 0 1
vt 0.0625 1
vt 0.0625 0.625
vt 0 0.625
vt 0.4375 1
vt 0.5625 1
vt 0.5625 0
vt 0.4375 0
vn 0.41619774072678345 -0.17364817766693036 -0.8925389352890302
vn 0.9063077870366499 0 0.4226182617406994
vn -0.41619774072678345 0.17364817766693036 0.8925389352890302
vn -0.9063077870366499 0 -0.4226182617406994
vn 0.07338689100003824 0.984807753012208 -0.15737869562426268
vn -0.07338689100003824 -0.984807753012208 0.15737869562426268
g Leaf
f 52/148/37 55/147/37 53/146/37 50/145/37
f 51/152/38 52/151/38 50/150/38 49/149/38
f 56/156/39 51/155/39 49/154/39 54/153/39
f 55/160/40 56/159/40 54/158/40 53/157/40
f 54/164/41 49/163/41 50/162/41 53/161/41
f 55/168/42 52/167/42 51/166/42 56/165/42
o cube
v -0.3610791721797235 1.7529703448784142 -1.021565849757079
v -0.08149999159314011 1.5625 0.02183785693052517
v -0.3610791721797235 1.7529703448784142 -1.021565849757079
v -0.08149999159314011 1.5625 0.02183785693052517
v 0.08149999159314011 1.5625 -0.02183785693052517
v -0.19807918899344332 1.7529703448784142 -1.0652415636181292
v 0.08149999159314011 1.5625 -0.02183785693052517
v -0.19807918899344332 1.7529703448784142 -1.0652415636181292
vt 0 1
vt 0.0625 1
vt 0.0625 1
vt 0 1
vt 0 1
vt 0.375 1
vt 0.375 1
vt 0 1
vt 0 1
vt 0.0625 1
vt 0.0625 1
vt 0 1
vt 0 1
vt 0.375 1
vt 0.375 1
vt 0 1
vt 0 1
vt 0.0625 1
vt 0.0625 0.625
vt 0 0.625
vt 0.4375 1
vt 0.5625 1
vt 0.5625 0
vt 0.4375 0
vn 0.25488700224417865 -0.17364817766693033 0.9512512425641978
vn -0.9659258262890684 0 0.25881904510252063
vn -0.25488700224417865 0.17364817766693033 -0.9512512425641978
vn 0.9659258262890684 0 -0.25881904510252063
vn 0.04494345552754777 0.9848077530122082 0.1677312594965207
vn -0.04494345552754777 -0.9848077530122082 -0.1677312594965207
g Leaf
f 60/172/43 63/171/43 61/170/43 58/169/43
f 59/176/44 60/175/44 58/174/44 57/173/44
f 64/180/45 59/179/45 57/178/45 62/177/45
f 63/184/46 64/183/46 62/182/46 61/181/46
f 62/188/47 57/187/47 58/186/47 61/185/47
f 63/192/48 60/191/48 59/190/48 64/189/48
o cube
v 0.244355845897392 1.7529703448784142 -1.0555875968140527
v -0.08046986771938162 1.5625 -0.02537205183317306
v 0.244355845897392 1.7529703448784142 -1.0555875968140527
v -0.08046986771938162 1.5625 -0.02537205183317306
v 0.08046986771938162 1.5625 0.02537205183317306
v 0.4052955813361553 1.7529703448784142 -1.0048434931477066
v 0.08046986771938162 1.5625 0.02537205183317306
v 0.4052955813361553 1.7529703448784142 -1.0048434931477066
vt 0 1
vt 0.0625 1
vt 0.0625 1
vt 0 1
vt 0 1
vt 0.375 1
vt 0.375 1
vt 0 1
vt 0 1
vt 0.0625 1
vt 0.0625 1
vt 0 1
vt 0 1
vt 0.375 1
vt 0.375 1
vt 0 1
vt 0 1
vt 0.0625 1
vt 0.0625 0.625
vt 0 0.625
vt 0.4375 1
vt 0.5625 1
vt 0.5625 0
vt 0.4375 0
vn -0.29613740272754296 -0.1736481776669303 0.9392278472760159
vn -0.9537169507482268 0 -0.30070579950427345
vn 0.29613740272754296 0.1736481776669303 -0.9392278472760159
vn 0.9537169507482268 0 0.30070579950427345
vn -0.052217014097794404 0.9848077530122081 0.16561121050749117
vn 0.052217014097794404 -0.9848077530122081 -0.16561121050749117
g Leaf
f 68/196/49 71/195/49 69/194/49 66/193/49
f 67/200/50 68/199/50 66/198/50 65/197/50
f 72/204/51 67/203/51 65/202/51 70/201/51
f 71/208/52 72/207/52 70/206/52 69/205/52
f 70/212/53 65/211/53 66/210/53 69/209/53
f 71/216/54 68/215/54 67/214/54 72/213/54
o cube
v 0.7245299825649644 1.7529703448784142 0.8056247627377839
v 0.06693918808707297 1.5625 -0.051364245572610816
v 0.7245299825649644 1.7529703448784142 0.8056247627377839
v 0.06693918808707297 1.5625 -0.051364245572610816
v -0.06693918808707297 1.5625 0.051364245572610816
v 0.5906516063908184 1.7529703448784142 0.9083532538830055
v -0.06693918808707297 1.5625 0.051364245572610816
v 0.5906516063908184 1.7529703448784142 0.9083532538830055
vt 0 1
vt 0.0625 1
vt 0.0625 1
vt 0 1
vt 0 1
vt 0.375 1
vt 0.375 1
vt 0 1
vt 0 1
vt 0.0625 1
vt 0.0625 1
vt 0 1
vt 0 1
vt 0.375 1
vt 0.375 1
vt 0 1
vt 0 1
vt 0.0625 1
vt 0.0625 0.625
vt 0 0.625
vt 0.4375 1
vt 0.5625 1
vt 0.5625 0
vt 0.4375 0
vn -0.599512975022579 -0.17364817766693041 -0.781300520396941
vn 0.7933533402912352 0 -0.6087614290087207
vn 0.599512975022579 0.17364817766693041 0.781300520396941
vn -0.7933533402912352 0 0.6087614290087207
vn -0.10571031278128076 0.9848077530122081 -0.13776436178754506
vn 0.10571031278128076 -0.9848077530122081 0.13776436178754506
g Leaf
f 76/220/55 79/219/55 77/218/55 74/217/55
f 75/224/56 76/223/56 74/222/56 73/221/56
f 80/228/57 75/227/57 73/226/57 78/225/57
f 79/232/58 80/231/58 78/230/58 77/229/58
f 78/236/59 73/235/59 74/234/59 77/233/59
f 79/240/60 76/239/60 75/238/60 80/237/60
o cube
v 1.0439242590237643 1.7529703448784142 0.2901673575603962
v 0.028857949593103303 1.5625 -0.07928656487881101
v 1.0439242590237643 1.7529703448784142 0.2901673575603962
v 0.028857949593103303 1.5625 -0.07928656487881101
v -0.028857949593103303 1.5625 0.07928656487881101
v 0.9862083598375576 1.7529703448784142 0.44874048731801824
v -0.028857949593103303 1.5625 0.07928656487881101
v 0.9862083598375576 1.7529703448784142 0.44874048731801824
vt 0 1
vt 0.0625 1
vt 0.0625 1
vt 0 1
vt 0 1
vt 0.375 1
vt 0.375 1
vt 0 1
vt 0 1
vt 0.0625 1
vt 0.0625 1
vt 0 1
vt 0 1
vt 0.375 1
vt 0.375 1
vt 0 1
vt 0 1
vt 0.0625 1
vt 0.0625 0.625
vt 0 0.625
vt 0.4375 1
vt 0.5625 1
vt 0.5625 0
vt 0.4375 0
vn -0.9254165783983235 -0.17364817766693036 -0.33682408883346526
vn 0.34202014332566877 0 -0.9396926207859083
vn 0.9254165783983235 0.17364817766693036 0.33682408883346526
vn -0.34202014332566877 0 0.9396926207859083
vn -0.1631759111665348 0.984807753012208 -0.059391174613884705
vn 0.1631759111665348 -0.984807753012208 0.059391174613884705
g Leaf
f 84/244/61 87/243/61 85/242/61 82/241/61
f 83/248/62 84/247/62 82/246/62 81/245/62
f 88/252/63 83/251/63 81/250/63 86/249/63
f 87/256/64 88/255/64 86/254/64 85/253/64
f 86/260/65 81/259/65 82/258/65 85/257/65
f 87/264/66 84/263/66 83/262/66 88/261/66
o cube
v 0.7394121685174034 1.7529703448784142 -0.7919877518120396
v -0.05700292376757133 1.5625 -0.06220777529335422
v 0.7394121685174034 1.7529703448784142 -0.7919877518120396
v -0.05700292376757133 1.5625 -0.06220777529335422
v 0.05700292376757133 1.5625 0.06220777529335422
v 0.8534180160525461 1.7529703448784142 -0.6675722012253312
v 0.05700292376757133 1.5625 0.06220777529335422
v 0.8534180160525461 1.7529703448784142 -0.6675722012253312
vt 0 1
vt 0.0625 1
vt 0.0625 1
vt 0 1
vt 0 1
vt 0.375 1
vt 0.375 1
vt 0 1
vt 0 1
vt 0.0625 1
vt 0.0625 1
vt 0 1
vt 0 1
vt 0.375 1
vt 0.375 1
vt 0 1
vt 0 1
vt 0.0625 1
vt 0.0625 0.625
vt 0 0.625
vt 0.4375 1
vt 0.5625 1
vt 0.5625 0
vt 0.4375 0
vn -0.7260764374108033 -0.17364817766693033 0.6653264743190295
vn -0.6755902076156602 0 -0.7372773368101241
vn 0.7260764374108033 0.17364817766693033 -0.6653264743190295
vn 0.6755902076156602 0 0.7372773368101241
vn -0.1280268659722057 0.9848077530122082 0.11731500840208253
vn 0.1280268659722057 -0.9848077530122082 -0.11731500840208253
g Leaf
f 92/268/67 95/267/67 93/266/67 90/265/67
f 91/272/68 92/271/68 90/270/68 89/269/68
f 96/276/69 91/275/69 89/274/69 94/273/69
f 95/280/70 96/279/70 94/278/70 93/277/70
f 94/284/71 89/283/71 90/282/71 93/281/71
f 95/288/72 92/287/72 91/286/72 96/285/72
o cube
v 1.0491486067216245 1.7529703448784142 -0.2706698265155766
v -0.014651564990647245 1.5625 -0.08309315416040508
v 1.0491486067216245 1.7529703448784142 -0.2706698265155766
v -0.014651564990647245 1.5625 -0.08309315416040508
v 0.014651564990647245 1.5625 0.08309315416040508
v 1.0784517367029192 1.7529703448784142 -0.10448351819476645
v 0.014651564990647245 1.5625 0.08309315416040508
v 1.0784517367029192 1.7529703448784142 -0.10448351819476645
vt 0 1
vt 0.0625 1
vt 0.0625 1
vt 0 1
vt 0 1
vt 0.375 1
vt 0.375 1
vt 0 1
vt 0 1
vt 0.0625 1
vt 0.0625 1
vt 0 1
vt 0 1
vt 0.375 1
vt 0.375 1
vt 0 1
vt 0 1
vt 0.0625 1
vt 0.0625 0.625
vt 0 0.625
vt 0.4375 1
vt 0.5625 1
vt 0.5625 0
vt 0.4375 0
vn -0.9698463103929543 -0.1736481776669304 0.17101007166283433
vn -0.17364817766693041 0 -0.9848077530122081
vn 0.9698463103929543 0.1736481776669304 -0.17101007166283433
vn 0.17364817766693041 0 0.9848077530122081
vn -0.17101007166283438 0.9848077530122081 0.030153689607045783
vn 0.17101007166283438 -0.9848077530122081 -0.030153689607045783
g Leaf
f 100/292/73 103/291/73 101/290/73 98/289/73
f 99/296/74 100/295/74 98/294/74 97/293/74
f 104/300/75 99/299/75 97/298/75 102/297/75
f 103/304/76 104/303/76 102/302/76 101/301/76
f 102/308/77 97/307/77 98/306/77 101/305/77
f 103/312/78 100/311/78 99/310/78 104/309/78
o cube
v -0.9616257377421663 2.0900742601421776 -0.1703154121268951
v -0.02183785693052517 1.58359375 0.08149999159314016
v -0.9616257377421663 2.0900742601421776 -0.1703154121268951
v -0.02183785693052517 1.58359375 0.08149999159314016
v 0.02183785693052517 1.58359375 -0.08149999159314016
v -0.9179500238811159 2.0900742601421776 -0.3333153953131754
v 0.02183785693052517 1.58359375 -0.08149999159314016
v -0.9179500238811159 2.0900742601421776 -0.3333153953131754
vt 0 1
vt 0.0625 1
vt 0.0625 1
vt 0 1
vt 0 1
vt 0.375 1
vt 0.375 1
vt 0 1
vt 0 1
vt 0.0625 1
vt 0.0625 1
vt 0 1
vt 0 1
vt 0.375 1
vt 0.375 1
vt 0 1
vt 0 1
vt 0.0625 1
vt 0.0625 0.625
vt 0 0.625
vt 0.4375 1
vt 0.5625 1
vt 0.5625 0
vt 0.4375 0
vn 0.8567866719650289 -0.4617486132350339 0.22957529683877848
vn -0.25881904510252063 0 0.9659258262890684
vn -0.8567866719650289 0.4617486132350339 -0.22957529683877848
vn 0.25881904510252063 0 -0.9659258262890684
vn 0.4460149107768816 0.8870108331782218 0.11950933515490454
vn -0.4460149107768816 -0.8870108331782218 -0.11950933515490454
g Leaf
f 108/316/79 111/315/79 109/314/79 106/313/79
f 107/320/80 108/319/80 106/318/80 105/317/80
f 112/324/81 107/323/81 105/322/81 110/321/81
f 111/328/82 112/327/82 110/326/82 109/325/82
f 110/332/83 105/331/83 106/330/83 109/329/83
f 111/336/84 108/335/84 107/334/84 112/333/84
o cube
v -0.6721127926774326 2.0471531558468294 -0.7373133509033161
v -0.06693918808707294 1.58359375 0.051364245572610844
v -0.6721127926774326 2.0471531558468294 -0.7373133509033161
v -0.06693918808707294 1.58359375 0.051364245572610844
v 0.06693918808707294 1.58359375 -0.051364245572610844
v -0.5382344165032868 2.0471531558468294 -0.8400418420485378
v 0.06693918808707294 1.58359375 -0.051364245572610844
v -0.5382344165032868 2.0471531558468294 -0.8400418420485378
vt 0 1
vt 0.0625 1
vt 0.0625 1
vt 0 1
vt 0 1
vt 0.375 1
vt 0.375 1
vt 0 1
vt 0 1
vt 0.0625 1
vt 0.0625 1
vt 0 1
vt 0 1
vt 0.375 1
vt 0.375 1
vt 0 1
vt 0 1
vt 0.0625 1
vt 0.0625 0.625
vt 0 0.625
vt 0.4375 1
vt 0.5625 1
vt 0.5625 0
vt 0.4375 0
vn 0.5517252235581628 -0.4226182617406995 0.7190223101774834
vn -0.7933533402912349 0 0.6087614290087211
vn -0.5517252235581628 0.4226182617406995 -0.7190223101774834
vn 0.7933533402912349 0 -0.6087614290087211
vn 0.25727369694244995 0.90630778703665 0.3352856096200593
vn -0.25727369694244995 -0.90630778703665 -0.3352856096200593
g Leaf
f 116/340/85 119/339/85 117/338/85 114/337/85
f 115/344/86 116/343/86 114/342/86 113/341/86
f 120/348/87 115/347/87 113/346/87 118/345/87
f 119/352/88 120/351/88 118/350/88 117/349/88
f 118/356/89 113/355/89 114/354/89 117/353/89
f 119/360/90 116/359/90 115/358/90 120/357/90
o cube
v -0.17031541212689522 2.0900742601421776 0.9616257377421662
v 0.08149999159314014 1.58359375 0.021837856930525187
v -0.17031541212689522 2.0900742601421776 0.9616257377421662
v 0.08149999159314014 1.58359375 0.021837856930525187
v -0.08149999159314014 1.58359375 -0.021837856930525187
v -0.3333153953131755 2.0900742601421776 0.9179500238811158
v -0.08149999159314014 1.58359375 -0.021837856930525187
v -0.3333153953131755 2.0900742601421776 0.9179500238811158
vt 0 1
vt 0.0625 1
vt 0.0625 1
vt 0 1
vt 0 1
vt 0.375 1
vt 0.375 1
vt 0 1
vt 0 1
vt 0.0625 1
vt 0.0625 1
vt 0 1
vt 0 1
vt 0.375 1
vt 0.375 1
vt 0 1
vt 0 1
vt 0.0625 1
vt 0.0625 0.625
vt 0 0.625
vt 0.4375 1
vt 0.5625 1
vt 0.5625 0
vt 0.4375 0
vn 0.22957529683877867 -0.4617486132350339 -0.8567866719650288
vn 0.9659258262890683 0 0.25881904510252074
vn -0.22957529683877867 0.4617486132350339 0.8567866719650288
vn -0.9659258262890683 0 -0.25881904510252074
vn 0.11950933515490465 0.8870108331782218 -0.44601491077688155
vn -0.11950933515490465 -0.8870108331782218 0.44601491077688155
g Leaf
f 124/364/91 127/363/91 125/362/91 122/361/91
f 123/368/92 124/367/92 122/366/92 121/365/92
f 128/372/93 123/371/93 121/370/93 126/369/93
f 127/376/94 128/375/94 126/374/94 125/373/94
f 126/380/95 121/379/95 122/378/95 125/377/95
f 127/384/96 124/383/96 123/382/96 128/381/96
o cube
v -0.9052964554485856 2.0471531558468294 0.41929096252263953
v 0.028857949593103314 1.58359375 0.07928656487881103
v -0.9052964554485856 2.0471531558468294 0.41929096252263953
v 0.028857949593103314 1.58359375 0.07928656487881103
v -0.028857949593103314 1.58359375 -0.07928656487881103
v -0.9630123546347922 2.0471531558468294 0.2607178327650175
v -0.028857949593103314 1.58359375 -0.07928656487881103
v -0.9630123546347922 2.0471531558468294 0.2607178327650175
vt 0 1
vt 0.0625 1
vt 0.0625 1
vt 0 1
vt 0 1
vt 0.375 1
vt 0.375 1
vt 0 1
vt 0 1
vt 0.0625 1
vt 0.0625 1
vt 0 1
vt 0 1
vt 0.375 1
vt 0.375 1
vt 0 1
vt 0 1
vt 0.0625 1
vt 0.0625 0.625
vt 0 0.625
vt 0.4375 1
vt 0.5625 1
vt 0.5625 0
vt 0.4375 0
vn 0.8516507396391465 -0.42261826174069944 -0.3099755192194448
vn 0.3420201433256689 0 0.9396926207859085
vn -0.8516507396391465 0.42261826174069944 0.3099755192194448
vn -0.3420201433256689 0 -0.9396926207859085
vn 0.3971312619671028 0.90630778703665 -0.14454395845259904
vn -0.3971312619671028 -0.90630778703665 0.14454395845259904
g Leaf
f 132/388/97 135/387/97 133/386/97 130/385/97
f 131/392/98 132/391/98 130/390/98 129/389/98
f 136/396/99 131/395/99 129/394/99 134/393/99
f 135/400/100 136/399/100 134/398/100 133/397/100
f 134/404/101 129/403/101 130/402/101 133/401/101
f 135/408/102 132/407/102 131/406/102 136/405/102
o cube
v -0.586753340848642 2.0033496398754576 0.8305295998143715
v 0.06463499988816378 1.58359375 0.054235204567301756
v -0.586753340848642 2.0033496398754576 0.8305295998143715
v 0.06463499988816378 1.58359375 0.054235204567301756
v -0.06463499988816378 1.58359375 -0.054235204567301756
v -0.7160233406249695 2.0033496398754576 0.7220591906797679
v -0.06463499988816378 1.58359375 -0.054235204567301756
v -0.7160233406249695 2.0033496398754576 0.7220591906797679
vt 0 1
vt 0.0625 1
vt 0.0625 1
vt 0 1
vt 0 1
vt 0.375 1
vt 0.375 1
vt 0 1
vt 0 1
vt 0.0625 1
vt 0.0625 1
vt 0 1
vt 0 1
vt 0.375 1
vt 0.375 1
vt 0 1
vt 0 1
vt 0.0625 1
vt 0.0625 0.625
vt 0 0.625
vt 0.4375 1
vt 0.5625 1
vt 0.5625 0
vt 0.4375 0
vn 0.5938583163412474 -0.3826834323650898 -0.7077327819916305
vn 0.766044443118978 0 0.6427876096865394
vn -0.5938583163412474 0.3826834323650898 0.7077327819916305
vn -0.766044443118978 0 -0.6427876096865394
vn 0.24598416875659648 0.923879532511287 -0.2931525168369743
vn -0.24598416875659648 -0.923879532511287 0.2931525168369743
g Leaf
f 140/412/103 143/411/103 141/410/103 138/409/103
f 139/416/104 140/415/104 138/414/104 137/413/104
f 144/420/105 139/419/105 137/418/105 142/417/105
f 143/424/106 144/423/106 142/422/106 141/421/106
f 142/428/107 137/427/107 138/426/107 141/425/107
f 143/432/108 140/431/108 139/430/108 144/429/108
o cube
v -0.08437499999999983 2.0900742601421776 -0.9729400076423619
v -0.08437499999999998 1.58359375 0
v -0.08437499999999983 2.0900742601421776 -0.9729400076423619
v -0.08437499999999998 1.58359375 0
v 0.08437499999999998 1.58359375 0
v 0.08437500000000013 2.0900742601421776 -0.9729400076423619
v 0.08437499999999998 1.58359375 0
v 0.08437500000000013 2.0900742601421776 -0.9729400076423619
vt 0 1
vt 0.0625 1
vt 0.0625 1
vt 0 1
vt 0 1
vt 0.375 1
vt 0.375 1
vt 0 1
vt 0 1
vt 0.0625 1
vt 0.0625 1
vt 0 1
vt 0 1
vt 0.375 1
vt 0.375 1
vt 0 1
vt 0 1
vt 0.0625 1
vt 0.0625 0.625
vt 0 0.625
vt 0.4375 1
vt 0.5625 1
vt 0.5625 0
vt 0.4375 0
vn 0 -0.4617486132350339 0.8870108331782218
vn -1 0 0
vn 0 0.4617486132350339 -0.8870108331782218
vn 1 0 0
vn 0 0.8870108331782219 0.46174861323503397
vn 0 -0.8870108331782219 -0.46174861323503397
g Leaf
f 148/436/109 151/435/109 149/434/109 146/433/109
f 147/440/110 148/439/110 146/438/110 145/437/110
f 152/444/111 147/443/111 145/442/111 150/441/111
f 151/448/112 152/447/112 150/446/112 149/445/112
f 150/452/113 145/451/113 146/450/113 149/449/113
f 151/456/114 148/455/114 147/454/114 152/453/114
o cube
v 0.4629718013682269 2.0471531558468294 -0.8837554495666735
v -0.07116115324046221 1.58359375 -0.045334654454263275
v 0.4629718013682269 2.0471531558468294 -0.8837554495666735
v -0.07116115324046221 1.58359375 -0.045334654454263275
v 0.07116115324046221 1.58359375 0.045334654454263275
v 0.6052941078491514 2.0471531558468294 -0.7930861406581469
v 0.07116115324046221 1.58359375 0.045334654454263275
v 0.6052941078491514 2.0471531558468294 -0.7930861406581469
vt 0 1
vt 0.0625 1
vt 0.0625 1
vt 0 1
vt 0 1
vt 0.375 1
vt 0.375 1
vt 0 1
vt 0 1
vt 0.0625 1
vt 0.0625 1
vt 0 1
vt 0 1
vt 0.375 1
vt 0.375 1
vt 0 1
vt 0 1
vt 0.0625 1
vt 0.0625 0.625
vt 0 0.625
vt 0.4375 1
vt 0.5625 1
vt 0.5625 0
vt 0.4375 0
vn -0.48695881901646887 -0.4226182617406995 0.764372234860317
vn -0.8433914458128855 0 -0.537299608346824
vn 0.48695881901646887 0.4226182617406995 -0.764372234860317
vn 0.8433914458128855 0 0.537299608346824
vn -0.22707262651349347 0.90630778703665 0.356432626796417
vn 0.22707262651349347 -0.90630778703665 -0.356432626796417
g Leaf
f 156/460/115 159/459/115 157/458/115 154/457/115
f 155/464/116 156/463/116 154/462/116 153/461/116
f 160/468/117 155/467/117 153/466/117 158/465/117
f 159/472/118 160/471/118 158/470/118 157/469/118
f 158/476/119 153/475/119 154/474/119 157/473/119
f 159/480/120 156/479/120 155/478/120 160/477/120
o cube
v 0.47239384780302995 1.9587470947103427 0.9199771338247982
v 0.07795233555563982 1.58359375 -0.03228891460580445
v 0.47239384780302995 1.9587470947103427 0.9199771338247982
v 0.07795233555563982 1.58359375 -0.03228891460580445
v -0.07795233555563982 1.58359375 0.03228891460580445
v 0.31648917669175036 1.9587470947103427 0.984554963036407
v -0.07795233555563982 1.58359375 0.03228891460580445
v 0.31648917669175036 1.9587470947103427 0.984554963036407
vt 0 1
vt 0.0625 1
vt 0.0625 1
vt 0 1
vt 0 1
vt 0.375 1
vt 0.375 1
vt 0 1
vt 0 1
vt 0.0625 1
vt 0.0625 1
vt 0 1
vt 0 1
vt 0.375 1
vt 0.375 1
vt 0 1
vt 0 1
vt 0.0625 1
vt 0.0625 0.625
vt 0 0.625
vt 0.4375 1
vt 0.5625 1
vt 0.5625 0
vt 0.4375 0
vn -0.3596047974904981 -0.34202014332566877 -0.8681627791959909
vn 0.9238795325112868 0 -0.3826834323650898
vn 0.3596047974904981 0.34202014332566877 0.8681627791959909
vn -0.9238795325112868 0 0.3826834323650898
vn -0.13088544238586683 0.9396926207859084 -0.31598541012516207
vn 0.13088544238586683 -0.9396926207859084 0.31598541012516207
g Leaf
f 164/484/121 167/483/121 165/482/121 162/481/121
f 163/488/122 164/487/122 162/486/122 161/485/122
f 168/492/123 163/491/123 161/490/123 166/489/123
f 167/496/124 168/495/124 166/494/124 165/493/124
f 166/500/125 161/499/125 162/498/125 165/497/125
f 167/504/126 164/503/126 163/502/126 168/501/126
o cube
v 0.9053172482150704 1.9134304238312494 0.5309071057447154
v 0.04839551181711952 1.58359375 -0.06911595373688367
v 0.9053172482150704 1.9134304238312494 0.5309071057447154
v 0.04839551181711952 1.58359375 -0.06911595373688367
v -0.04839551181711952 1.58359375 0.06911595373688367
v 0.8085262245808313 1.9134304238312494 0.6691390132184827
v -0.04839551181711952 1.58359375 0.06911595373688367
v 0.8085262245808313 1.9134304238312494 0.6691390132184827
vt 0 1
vt 0.0625 1
vt 0.0625 1
vt 0 1
vt 0 1
vt 0.375 1
vt 0.375 1
vt 0 1
vt 0 1
vt 0.0625 1
vt 0.0625 1
vt 0 1
vt 0 1
vt 0.375 1
vt 0.375 1
vt 0 1
vt 0 1
vt 0.0625 1
vt 0.0625 0.625
vt 0 0.625
vt 0.4375 1
vt 0.5625 1
vt 0.5625 0
vt 0.4375 0
vn -0.7812391898784737 -0.30070579950427306 -0.5470295698977542
vn 0.5735764363510462 0 -0.819152044288992
vn 0.7812391898784737 0.30070579950427306 0.5470295698977542
vn -0.5735764363510462 0 0.819152044288992
vn -0.246323770393481 0.953716950748227 -0.17247776086975317
vn 0.246323770393481 -0.953716950748227 0.17247776086975317
g Leaf
f 172/508/127 175/507/127 173/506/127 170/505/127
f 171/512/128 172/511/128 170/510/128 169/509/128
f 176/516/129 171/515/129 169/514/129 174/513/129
f 175/520/130 176/519/130 174/518/130 173/517/130
f 174/524/131 169/523/131 170/522/131 173/521/131
f 175/528/132 172/527/132 171/526/132 176/525/132
o cube
v 0.8753045064072066 1.9587470947103427 -0.5507775370018991
v -0.03896003924170596 1.58359375 -0.07484153904941244
v 0.8753045064072066 1.9587470947103427 -0.5507775370018991
v -0.03896003924170596 1.58359375 -0.07484153904941244
v 0.03896003924170596 1.58359375 0.07484153904941244
v 0.9532245848906186 1.9587470947103427 -0.40109445890307427
v 0.03896003924170596 1.58359375 0.07484153904941244
v 0.9532245848906186 1.9587470947103427 -0.40109445890307427
vt 0 1
vt 0.0625 1
vt 0.0625 1
vt 0 1
vt 0 1
vt 0.375 1
vt 0.375 1
vt 0 1
vt 0 1
vt 0.0625 1
vt 0.0625 1
vt 0 1
vt 0 1
vt 0.375 1
vt 0.375 1
vt 0 1
vt 0 1
vt 0.0625 1
vt 0.0625 0.625
vt 0 0.625
vt 0.4375 1
vt 0.5625 1
vt 0.5625 0
vt 0.4375 0
vn -0.8335175344947355 -0.34202014332566866 0.4339017645150877
vn -0.4617486132350339 0 -0.8870108331782218
vn 0.8335175344947355 0.34202014332566866 -0.4339017645150877
vn 0.4617486132350339 0 0.8870108331782218
vn -0.3033755722950363 0.9396926207859084 0.15792732687907504
vn 0.3033755722950363 -0.9396926207859084 -0.15792732687907504
g Leaf
f 180/532/133 183/531/133 181/530/133 178/529/133
f 179/536/134 180/535/134 178/534/134 177/533/134
f 184/540/135 179/539/135 177/538/135 182/537/135
f 183/544/136 184/543/136 182/542/136 181/541/136
f 182/548/137 177/547/137 178/546/137 181/545/137
f 183/552/138 180/551/138 179/550/138 184/549/138
o cube
v 1.0168779097914953 2.0033496398754576 0.004267990503972974
v 0.007353765794333658 1.58359375 -0.08405392765149103
v 1.0168779097914953 2.0033496398754576 0.004267990503972974
v 0.007353765794333658 1.58359375 -0.08405392765149103
v -0.007353765794333658 1.58359375 0.08405392765149103
v 1.002170378202828 2.0033496398754576 0.17237584580695503
v -0.007353765794333658 1.58359375 0.08405392765149103
v 1.002170378202828 2.0033496398754576 0.17237584580695503
vt 0 1
vt 0.0625 1
vt 0.0625 1
vt 0 1
vt 0 1
vt 0.375 1
vt 0.375 1
vt 0 1
vt 0 1
vt 0.0625 1
vt 0.0625 1
vt 0 1
vt 0 1
vt 0.375 1
vt 0.375 1
vt 0 1
vt 0 1
vt 0.0625 1
vt 0.0625 0.625
vt 0 0.625
vt 0.4375 1
vt 0.5625 1
vt 0.5625 0
vt 0.4375 0
vn -0.9203638919632244 -0.38268343236508984 -0.0805214068653804
vn 0.08715574274765805 0 -0.9961946980917455
vn 0.9203638919632244 0.38268343236508984 0.0805214068653804
vn -0.08715574274765805 0 0.9961946980917455
vn -0.3812272063696535 0.9238795325112867 -0.03335305878500264
vn 0.3812272063696535 -0.9238795325112867 0.03335305878500264
g Leaf
f 188/556/139 191/555/139 189/554/139 186/553/139
f 187/560/140 188/559/140 186/558/140 185/557/140
f 192/564/141 187/563/141 185/562/141 190/561/141
f 191/568/142 192/567/142 190/566/142 189/565/142
f 190/572/143 185/571/143 186/570/143 189/569/143
f 191/576/144 188/575/144 187/574/144 192/573/144
o cube
v -0.7958109860974284 2.314610192443941 -0.36203382912166227
v -0.0421875 1.646875 0.07307089344431204
v -0.7958109860974284 2.314610192443941 -0.36203382912166227
v -0.0421875 1.646875 0.07307089344431204
v 0.0421875 1.646875 -0.07307089344431204
v -0.7114359860974283 2.314610192443941 -0.5081756160102864
v 0.0421875 1.646875 -0.07307089344431204
v -0.7114359860974283 2.314610192443941 -0.5081756160102864
vt 0 1
vt 0.0625 1
vt 0.0625 1
vt 0 1
vt 0 1
vt 0.375 1
vt 0.375 1
vt 0 1
vt 0 1
vt 0.0625 1
vt 0.0625 1
vt 0 1
vt 0 1
vt 0.375 1
vt 0.375 1
vt 0 1
vt 0 1
vt 0.0625 1
vt 0.0625 0.625
vt 0 0.625
vt 0.4375 1
vt 0.5625 1
vt 0.5625 0
vt 0.4375 0
vn 0.68706414686945 -0.6087614290087208 0.3966766701456175
vn -0.49999999999999994 0 0.8660254037844388
vn -0.68706414686945 0.6087614290087208 -0.3966766701456175
vn 0.49999999999999994 0 -0.8660254037844388
vn 0.5272028623656692 0.7933533402912353 0.3043807145043602
vn -0.5272028623656692 -0.7933533402912353 -0.3043807145043602
g Leaf
f 196/580/145 199/579/145 197/578/145 194/577/145
f 195/584/146 196/583/146 194/582/146 193/581/146
f 200/588/147 195/587/147 193/586/147 198/585/147
f 199/592/148 200/591/148 198/590/148 197/589/148
f 198/596/149 193/595/149 194/594/149 197/593/149
f 199/600/150 196/599/150 195/598/150 200/597/150
o cube
v -0.3995040024611963 2.3519326593749232 -0.7440054806412655
v -0.07795233555563984 1.646875 0.03228891460580449
v -0.3995040024611963 2.3519326593749232 -0.7440054806412655
v -0.07795233555563984 1.646875 0.03228891460580449
v 0.07795233555563984 1.646875 -0.03228891460580449
v -0.24359933134991657 2.3519326593749232 -0.8085833098528745
v 0.07795233555563984 1.646875 -0.03228891460580449
v -0.24359933134991657 2.3519326593749232 -0.8085833098528745
vt 0 1
vt 0.0625 1
vt 0.0625 1
vt 0 1
vt 0 1
vt 0.375 1
vt 0.375 1
vt 0 1
vt 0 1
vt 0.0625 1
vt 0.0625 1
vt 0 1
vt 0 1
vt 0.375 1
vt 0.375 1
vt 0 1
vt 0 1
vt 0.0625 1
vt 0.0625 0.625
vt 0 0.625
vt 0.4375 1
vt 0.5625 1
vt 0.5625 0
vt 0.4375 0
vn 0.2931525168369744 -0.6427876096865394 0.7077327819916303
vn -0.9238795325112867 0 0.3826834323650901
vn -0.2931525168369744 0.6427876096865394 -0.7077327819916303
vn 0.9238795325112867 0 -0.3826834323650901
vn 0.2459841687565967 0.7660444431189781 0.5938583163412472
vn -0.2459841687565967 -0.7660444431189781 -0.5938583163412472
g Leaf
f 204/604/151 207/603/151 205/602/151 202/601/151
f 203/608/152 204/607/152 202/606/152 201/605/152
f 208/612/153 203/611/153 201/610/153 206/609/153
f 207/616/154 208/615/154 206/614/154 205/613/154
f 206/620/155 201/619/155 202/618/155 205/617/155
f 207/624/156 204/623/156 203/622/156 208/621/156
o cube
v -0.3761828058454319 2.2760166536225537 0.8203177326581067
v 0.07307089344431202 1.646875 0.042187499999999996
v -0.3761828058454319 2.2760166536225537 0.8203177326581067
v 0.07307089344431202 1.646875 0.042187499999999996
v -0.07307089344431202 1.646875 -0.042187499999999996
v -0.522324592734056 2.2760166536225537 0.7359427326581066
v -0.07307089344431202 1.646875 -0.042187499999999996
v -0.522324592734056 2.2760166536225537 0.7359427326581066
vt 0 1
vt 0.0625 1
vt 0.0625 1
vt 0 1
vt 0 1
vt 0.375 1
vt 0.375 1
vt 0 1
vt 0 1
vt 0.0625 1
vt 0.0625 1
vt 0 1
vt 0 1
vt 0.375 1
vt 0.375 1
vt 0 1
vt 0 1
vt 0.0625 1
vt 0.0625 0.625
vt 0 0.625
vt 0.4375 1
vt 0.5625 1
vt 0.5625 0
vt 0.4375 0
vn 0.40957602214449584 -0.573576436351046 -0.7094064799162225
vn 0.8660254037844386 0 0.4999999999999999
vn -0.40957602214449584 0.573576436351046 0.7094064799162225
vn -0.8660254037844386 0 -0.4999999999999999
vn 0.28678821817552297 0.8191520442889918 -0.49673176489215404
vn -0.28678821817552297 -0.8191520442889918 0.49673176489215404
g Leaf
f 212/628/157 215/627/157 213/626/157 210/625/157
f 211/632/158 212/631/158 210/630/158 209/629/158
f 216/636/159 211/635/159 209/634/159 214/633/159
f 215/640/160 216/639/160 214/638/160 213/637/160
f 214/644/161 209/643/161 210/642/161 213/641/161
f 215/648/162 212/647/162 211/646/162 216/645/162
o cube
v -0.8877345408667588 2.2760166536225537 0.1623640073389528
v 0.007353765794333684 1.646875 0.08405392765149104
v -0.8877345408667588 2.2760166536225537 0.1623640073389528
v 0.007353765794333684 1.646875 0.08405392765149104
v -0.007353765794333684 1.646875 -0.08405392765149104
v -0.9024420724554262 2.2760166536225537 -0.005743847964029297
v -0.007353765794333684 1.646875 -0.08405392765149104
v -0.9024420724554262 2.2760166536225537 -0.005743847964029297
vt 0 1
vt 0.0625 1
vt 0.0625 1
vt 0 1
vt 0 1
vt 0.375 1
vt 0.375 1
vt 0 1
vt 0 1
vt 0.0625 1
vt 0.0625 1
vt 0 1
vt 0 1
vt 0.375 1
vt 0.375 1
vt 0 1
vt 0 1
vt 0.0625 1
vt 0.0625 0.625
vt 0 0.625
vt 0.4375 1
vt 0.5625 1
vt 0.5625 0
vt 0.4375 0
vn 0.8160349234517084 -0.573576436351046 -0.07139380484326992
vn 0.0871557427476585 0 0.9961946980917457
vn -0.8160349234517084 0.573576436351046 0.07139380484326992
vn -0.0871557427476585 0 -0.9961946980917457
vn 0.5713938048432696 0.8191520442889918 -0.04999048033273045
vn -0.5713938048432696 -0.8191520442889918 0.04999048033273045
g Leaf
f 220/652/163 223/651/163 221/650/163 218/649/163
f 219/656/164 220/655/164 218/654/164 217/653/164
f 224/660/165 219/659/165 217/658/165 222/657/165
f 223/664/166 224/663/166 222/662/166 221/661/166
f 222/668/167 217/667/167 218/666/167 221/665/167
f 223/672/168 220/671/168 219/670/168 224/669/168
o cube
v -0.7817170835404301 2.0666308898754577 0.6503670505690666
v 0.04839551181711952 1.646875 0.06911595373688367
v -0.7817170835404301 2.0666308898754577 0.6503670505690666
v 0.04839551181711952 1.646875 0.06911595373688367
v -0.04839551181711952 1.646875 -0.06911595373688367
v -0.8785081071746692 2.0666308898754577 0.5121351430952992
v -0.04839551181711952 1.646875 -0.06911595373688367
v -0.8785081071746692 2.0666308898754577 0.5121351430952992
vt 0 1
vt 0.0625 1
vt 0.0625 1
vt 0 1
vt 0 1
vt 0.375 1
vt 0.375 1
vt 0 1
vt 0 1
vt 0.0625 1
vt 0.0625 1
vt 0 1
vt 0 1
vt 0.375 1
vt 0.375 1
vt 0 1
vt 0 1
vt 0.0625 1
vt 0.0625 0.625
vt 0 0.625
vt 0.4375 1
vt 0.5625 1
vt 0.5625 0
vt 0.4375 0
vn 0.7567978077333787 -0.38268343236508984 -0.5299155298754944
vn 0.5735764363510462 0 0.8191520442889918
vn -0.7567978077333787 0.38268343236508984 0.5299155298754944
vn -0.5735764363510462 0 -0.8191520442889918
vn 0.3134759159373914 0.923879532511287 -0.21949819938655482
vn -0.3134759159373914 -0.923879532511287 0.21949819938655482
g Leaf
f 228/676/169 231/675/169 229/674/169 226/673/169
f 227/680/170 228/679/170 226/678/170 225/677/170
f 232/684/171 227/683/171 225/682/171 230/681/171
f 231/688/172 232/687/172 230/686/172 229/685/172
f 230/692/173 225/691/173 226/690/173 229/689/173
f 231/696/174 228/695/174 227/694/174 232/693/174
o cube
v 0.15105083532475294 2.2760166536225537 -0.889729358330258
v -0.08149999159314013 1.646875 -0.021837856930525198
v 0.15105083532475294 2.2760166536225537 -0.889729358330258
v -0.08149999159314013 1.646875 -0.021837856930525198
v 0.08149999159314013 1.646875 0.021837856930525198
v 0.31405081851103317 2.2760166536225537 -0.8460536444692076
v 0.08149999159314013 1.646875 0.021837856930525198
v 0.31405081851103317 2.2760166536225537 -0.8460536444692076
vt 0 1
vt 0.0625 1
vt 0.0625 1
vt 0 1
vt 0 1
vt 0.375 1
vt 0.375 1
vt 0 1
vt 0 1
vt 0.0625 1
vt 0.0625 1
vt 0 1
vt 0 1
vt 0.375 1
vt 0.375 1
vt 0 1
vt 0 1
vt 0.0625 1
vt 0.0625 0.625
vt 0 0.625
vt 0.4375 1
vt 0.5625 1
vt 0.5625 0
vt 0.4375 0
vn -0.21201214989665473 -0.573576436351046 0.7912401152362238
vn -0.9659258262890683 0 -0.2588190451025208
vn 0.21201214989665473 0.573576436351046 -0.7912401152362238
vn 0.9659258262890683 0 0.2588190451025208
vn -0.1484525055496846 0.8191520442889918 0.5540322932223234
vn 0.1484525055496846 -0.8191520442889918 -0.5540322932223234
g Leaf
f 236/700/175 239/699/175 237/698/175 234/697/175
f 235/704/176 236/703/176 234/702/176 233/701/176
f 240/708/177 235/707/177 233/706/177 238/705/177
f 239/712/178 240/711/178 238/710/178 237/709/178
f 238/716/179 233/715/179 234/714/179 237/713/179
f 239/720/180 236/719/180 235/718/180 240/717/180
o cube
v 0.5624980438019137 2.3519326593749232 -0.62987582421123
v -0.057002923767571344 1.646875 -0.06220777529335423
v 0.5624980438019137 2.3519326593749232 -0.62987582421123
v -0.057002923767571344 1.646875 -0.06220777529335423
v 0.057002923767571344 1.646875 0.06220777529335423
v 0.6765038913370564 2.3519326593749232 -0.5054602736245216
v 0.057002923767571344 1.646875 0.06220777529335423
v 0.6765038913370564 2.3519326593749232 -0.5054602736245216
vt 0 1
vt 0.0625 1
vt 0.0625 1
vt 0 1
vt 0 1
vt 0.375 1
vt 0.375 1
vt 0 1
vt 0 1
vt 0.0625 1
vt 0.0625 1
vt 0 1
vt 0 1
vt 0.375 1
vt 0.375 1
vt 0 1
vt 0 1
vt 0.0625 1
vt 0.0625 0.625
vt 0 0.625
vt 0.4375 1
vt 0.5625 1
vt 0.5625 0
vt 0.4375 0
vn -0.5647872069009547 -0.6427876096865395 0.5175321243695733
vn -0.6755902076156602 0 -0.7372773368101241
vn 0.5647872069009547 0.6427876096865395 -0.5175321243695733
vn 0.6755902076156602 0 0.7372773368101241
vn -0.4739127370042371 0.7660444431189782 0.434261014680903
vn 0.4739127370042371 -0.7660444431189782 -0.434261014680903
g Leaf
f 244/724/181 247/723/181 245/722/181 242/721/181
f 243/728/182 244/727/182 242/726/182 241/725/182
f 248/732/183 243/731/183 241/730/183 246/729/183
f 247/736/184 248/735/184 246/734/184 245/733/184
f 246/740/185 241/739/185 242/738/185 245/737/185
f 247/744/186 244/743/186 243/742/186 248/741/186
o cube
v 0.1972382854854125 2.314610192443941 0.8517515352264585
v 0.08365316017841526 1.646875 -0.011013147468566867
v 0.1972382854854125 2.314610192443941 0.8517515352264585
