# Made in Blockbench 4.12.3

o cube
v -0.025872167200925278 0.5212257656358916 0.09454852514789569
v -0.059824249354214876 0.7181960864545449 0.02250357249295265
v -0.025872167200925278 0.5212257656358916 0.09454852514789569
v -0.059824249354214876 0.7181960864545449 0.02250357249295265
v -0.1477929050113344 0.6986939050154868 0.010641091091609711
v -0.11384082285804481 0.5017235841968335 0.08268604374655286
v -0.1477929050113344 0.6986939050154868 0.010641091091609711
v -0.11384082285804481 0.5017235841968335 0.08268604374655286
vt 0 1
vt 0.5 1
vt 0.5 0.75
vt 0 0.75
vt 0 1
vt 0.0625 1
vt 0.0625 0.90625
vt 0 0.90625
vt 0 1
vt 0.09375 1
vt 0.09375 0.90625
vt 0 0.90625
vt 0 1
vt 0.5 1
vt 0.5 0.75
vt 0 0.75
vt 0.1875 0.6875
vt 0.28125 0.6875
vt 0.28125 0.4375
vt 0.1875 0.4375
vt 0 1
vt 0.09375 1
vt 0.09375 0.875
vt 0 0.875
vn -0.15980232865623478 0.9270805778825184 -0.33909411358656827
vn 0.9679436594388267 0.21458794303666362 0.13052619222005368
vn 0.15980232865623478 -0.9270805778825184 0.33909411358656827
vn -0.9679436594388267 -0.21458794303666362 -0.13052619222005368
vn -0.1937738060425546 0.3073656077317522 0.9316534201490774
vn 0.1937738060425546 -0.3073656077317522 -0.9316534201490774
g Frond
f 4/4/1 7/3/1 5/2/1 2/1/1
f 3/8/2 4/7/2 2/6/2 1/5/2
f 8/12/3 3/11/3 1/10/3 6/9/3
f 7/16/4 8/15/4 6/14/4 5/13/4
f 6/20/5 1/19/5 2/18/5 5/17/5
f 7/24/6 4/23/6 3/22/6 8/21/6
o cube
v 0.012500543550646337 0.34334928084217786 0.10242071464132188
v -0.025877928172431397 0.5212553591292841 0.09454259445291745
v 0.012500543550646337 0.34334928084217786 0.10242071464132188
v -0.025877928172431397 0.5212553591292841 0.09454259445291745
v -0.11384658382955093 0.5017531776902261 0.08268011305157452
v -0.0754681121064732 0.32384709940311984 0.09055823323997896
v -0.11384658382955093 0.5017531776902261 0.08268011305157452
v -0.0754681121064732 0.32384709940311984 0.09055823323997896
vt 0 0.75
vt 0.5 0.75
vt 0.5 0.5
vt 0 0.5
vt 0 0.9375
vt 0.03125 0.9375
vt 0.03125 0.9375
vt 0 0.9375
vt 0 1
vt 0.09375 1
vt 0.09375 0.9375
vt 0 0.9375
vt 0 0.75
vt 0.5 0.75
vt 0.5 0.5
vt 0 0.5
vt 0.1875 0.4375
vt 0.28125 0.4375
vt 0.28125 0.21875
vt 0.1875 0.21875
vt 0 1
vt 0.0625 1
vt 0.0625 0.9375
vt 0 0.9375
vn -0.21067509687750255 0.9765990826491129 -0.043246217459636
vn 0.9679436594388267 0.2145879430366636 0.1305261922200537
vn 0.21067509687750255 -0.9765990826491129 0.043246217459636
vn -0.9679436594388267 -0.2145879430366636 -0.1305261922200537
vn -0.1367518764325658 0.014361283793756043 0.9905012255519765
vn 0.1367518764325658 -0.014361283793756043 -0.9905012255519765
g Frond
f 12/28/7 15/27/7 13/26/7 10/25/7
f 11/32/8 12/31/8 10/30/8 9/29/8
f 16/36/9 11/35/9 9/34/9 14/33/9
f 15/40/10 16/39/10 14/38/10 13/37/10
f 14/44/11 9/43/11 10/42/11 13/41/11
f 15/48/12 12/47/12 11/46/12 16/45/12
o cube
v 0.05192913280294109 0.16549840778686747 0.10242071501547645
v 0.012500544771450794 0.3433492751078985 0.10242071501547649
v 0.05192913280294109 0.16549840778686747 0.10242071501547645
v 0.012500544771450794 0.3433492751078985 0.10242071501547649
v -0.07546811088566874 0.3238470936688404 0.09055823361413357
v -0.03603952285417844 0.1459962263478094 0.09055823361413352
v -0.07546811088566874 0.3238470936688404 0.09055823361413357
v -0.03603952285417844 0.1459962263478094 0.09055823361413352
vt 0 0.75
vt 0.5 0.75
vt 0.5 0.5
vt 0 0.5
vt 0 0.9375
vt 0.03125 0.9375
vt 0.03125 0.9375
vt 0 0.9375
vt 0 1
vt 0.09375 1
vt 0.09375 0.9375
vt 0 0.9375
vt 0 0.75
vt 0.5 0.75
vt 0.5 0.5
vt 0 0.5
vt 0.1875 0.21875
vt 0.28125 0.21875
vt 0.28125 0
vt 0.1875 0
vt 0 1
vt 0.0625 1
vt 0.0625 0.9375
vt 0 0.9375
vn -0.2164396139381032 0.9762960071199334 0
vn 0.9679436594388268 0.21458794303666368 0.1305261922200537
vn 0.2164396139381032 -0.9762960071199334 0
vn -0.9679436594388268 -0.21458794303666368 -0.1305261922200537
vn -0.1274322002890073 -0.028251038652919294 0.9914448613738102
vn 0.1274322002890073 0.028251038652919294 -0.9914448613738102
g Frond
f 20/52/13 23/51/13 21/50/13 18/49/13
f 19/56/14 20/55/14 18/54/14 17/53/14
f 24/60/15 19/59/15 17/58/15 22/57/15
f 23/64/16 24/63/16 22/62/16 21/61/16
f 22/68/17 17/67/17 18/66/17 21/65/17
f 23/72/18 20/71/18 19/70/18 24/69/18
o cube
v -0.05982766189111488 0.7181332501167703 0.022632183185109733
v -0.04808729453060878 0.699510582675519 -0.033814834234882296
v -0.05982766189111488 0.7181332501167703 0.022632183185109733
v -0.04808729453060878 0.699510582675519 -0.033814834234882296
v -0.13605595018772831 0.6800084012364609 -0.045677315636225124
v -0.14779631754823463 0.6986310686777122 0.010769701783766905
v -0.13605595018772831 0.6800084012364609 -0.045677315636225124
v -0.14779631754823463 0.6986310686777122 0.010769701783766905
vt 0 1
vt 0.5 1
vt 0.5 0.75
vt 0 0.75
vt 0 1
vt 0.0625 1
vt 0.0625 0.90625
vt 0 0.90625
vt 0 1
vt 0.09375 1
vt 0.09375 0.90625
vt 0 0.90625
vt 0 1
vt 0.5 1
vt 0.5 0.75
vt 0 0.75
vt 0.1875 0.75
vt 0.28125 0.75
vt 0.28125 0.6875
vt 0.1875 0.6875
vt 0 1
vt 0.09375 1
vt 0.09375 0.875
vt 0 0.875
vn 0.19377380604255456 -0.30736560773175203 -0.9316534201490774
vn 0.9679436594388267 0.21458794303666368 0.1305261922200537
vn -0.19377380604255456 0.30736560773175203 0.9316534201490774
vn -0.9679436594388267 -0.21458794303666368 -0.1305261922200537
vn -0.15980232865623484 0.9270805778825186 -0.33909411358656805
vn 0.15980232865623484 -0.9270805778825186 0.33909411358656805
g Frond
f 28/76/19 31/75/19 29/74/19 26/73/19
f 27/80/20 28/79/20 26/78/20 25/77/20
f 32/84/21 27/83/21 25/82/21 30/81/21
f 31/88/22 32/87/22 30/86/22 29/85/22
f 30/92/23 25/91/23 26/90/23 29/89/23
f 31/96/24 28/95/24 27/94/24 32/93/24
o cube
v -0.34088759490514176 0.35759029963192757 -0.07336015751998992
v -0.3799313444397629 0.5572402129219636 -0.13464656804107278
v -0.34088759490514176 0.35759029963192757 -0.07336015751998992
v -0.3799313444397629 0.5572402129219636 -0.13464656804107278
v -0.4565804458181297 0.5572402129219636 -0.08581570503529667
v -0.41753669628350853 0.35759029963192757 -0.02452929451421404
v -0.4565804458181297 0.5572402129219636 -0.08581570503529667
v -0.41753669628350853 0.35759029963192757 -0.02452929451421404
vt 0 1
vt 0.5 1
vt 0.5 0.75
vt 0 0.75
vt 0 1
vt 0.0625 1
vt 0.0625 0.90625
vt 0 0.90625
vt 0 1
vt 0.09375 1
vt 0.09375 0.90625
vt 0 0.90625
vt 0 1
vt 0.5 1
vt 0.5 0.75
vt 0 0.75
vt 0.1875 0.6875
vt 0.28125 0.6875
vt 0.28125 0.4375
vt 0.1875 0.4375
vt 0 1
vt 0.09375 1
vt 0.09375 0.875
vt 0 0.875
vn -0.18376728905560608 0.9396926207859084 -0.28845686317656655
vn 0.8433914458128867 0 -0.5372996083468222
vn 0.18376728905560608 -0.9396926207859084 0.28845686317656655
vn -0.8433914458128867 0 0.5372996083468222
vn 0.5048964771146676 0.3420201433256688 0.792528718064328
vn -0.5048964771146676 -0.3420201433256688 -0.792528718064328
g Frond
f 36/100/25 39/99/25 37/98/25 34/97/25
f 35/104/26 36/103/26 34/102/26 33/101/26
f 40/108/27 35/107/27 33/106/27 38/105/27
f 39/112/28 40/111/28 38/110/28 37/109/28
f 38/116/29 33/115/29 34/114/29 37/113/29
f 39/120/30 36/119/30 35/118/30 40/117/30
o cube
v -0.3798616456827082 0.5571796046644627 -0.13453716290738083
v -0.4104523134381315 0.5364572882206472 -0.1825548928774623
v -0.3798616456827082 0.5571796046644627 -0.13453716290738083
v -0.4104523134381315 0.5364572882206472 -0.1825548928774623
v -0.48710141481649827 0.5364572882206472 -0.1337240298716864
v -0.456510747061075 0.5571796046644627 -0.08570629990160494
v -0.48710141481649827 0.5364572882206472 -0.1337240298716864
v -0.456510747061075 0.5571796046644627 -0.08570629990160494
vt 0 1
vt 0.5 1
vt 0.5 0.75
vt 0 0.75
vt 0 1
vt 0.0625 1
vt 0.0625 0.90625
vt 0 0.90625
vt 0 1
vt 0.09375 1
vt 0.09375 0.90625
vt 0 0.90625
vt 0 1
vt 0.5 1
vt 0.5 0.75
vt 0 0.75
vt 0.1875 0.75
vt 0.28125 0.75
vt 0.28125 0.6875
vt 0.1875 0.6875
vt 0 1
vt 0.09375 1
vt 0.09375 0.875
vt 0 0.875
vn -0.5048964771146677 -0.34202014332566855 -0.792528718064328
vn 0.8433914458128866 0 -0.5372996083468224
vn 0.5048964771146677 0.34202014332566855 0.792528718064328
vn -0.8433914458128866 0 0.5372996083468224
vn -0.183767289055606 0.9396926207859084 -0.2884568631765664
vn 0.183767289055606 -0.9396926207859084 0.2884568631765664
g Frond
f 44/124/31 47/123/31 45/122/31 42/121/31
f 43/128/32 44/127/32 42/126/32 41/125/32
f 48/132/33 43/131/33 41/130/33 46/129/33
f 47/136/34 48/135/34 46/134/34 45/133/34
f 46/140/35 41/139/35 42/138/35 45/137/35
f 47/144/36 44/143/36 43/142/36 48/141/36
o cube
v -0.3366213724489685 0.1756248230664673 -0.06666352966176003
v -0.34089080896193147 0.35762043854381276 -0.07336520257857687
v -0.3366213724489685 0.1756248230664673 -0.06666352966176003
v -0.34089080896193147 0.35762043854381276 -0.07336520257857687
v -0.41753991034029825 0.35762043854381276 -0.024534339572800934
v -0.4132704738273353 0.1756248230664673 -0.017832666655984097
v -0.41753991034029825 0.35762043854381276 -0.024534339572800934
v -0.4132704738273353 0.1756248230664673 -0.017832666655984097
vt 0 0.75
vt 0.5 0.75
vt 0.5 0.5
vt 0 0.5
vt 0 0.9375
vt 0.03125 0.9375
vt 0.03125 0.9375
vt 0 0.9375
vt 0 1
vt 0.09375 1
vt 0.09375 0.9375
vt 0 0.9375
vt 0 0.75
vt 0.5 0.75
vt 0.5 0.5
vt 0 0.5
vt 0.1875 0.4375
vt 0.28125 0.4375
vt 0.28125 0.21875
vt 0.1875 0.21875
vt 0 1
vt 0.0625 1
vt 0.0625 0.9375
vt 0 0.9375
vn -0.02343667974772359 0.9990482215818577 -0.03678821817552314
vn 0.8433914458128867 0 -0.5372996083468224
vn 0.02343667974772359 -0.9990482215818577 0.03678821817552314
vn -0.8433914458128867 0 0.5372996083468224
vn 0.5367882181755215 0.04361938736533602 0.8425887240367161
vn -0.5367882181755215 -0.04361938736533602 -0.8425887240367161
g Frond
f 52/148/37 55/147/37 53/146/37 50/145/37
f 51/152/38 52/151/38 50/150/38 49/149/38
f 56/156/39 51/155/39 49/154/39 54/153/39
f 55/160/40 56/159/40 54/158/40 53/157/40
f 54/164/41 49/163/41 50/162/41 53/161/41
f 55/168/42 52/167/42 51/166/42 56/165/42
o cube
v -0.33662137224620103 -0.006544182796117348 -0.06666352934347858
v -0.33662137224620103 0.17562481720388268 -0.06666352934347858
v -0.33662137224620103 -0.006544182796117348 -0.06666352934347858
v -0.33662137224620103 0.17562481720388268 -0.06666352934347858
v -0.4132704736245678 0.17562481720388265 -0.01783266633770264
v -0.4132704736245678 -0.0065441827961173656 -0.01783266633770264
v -0.4132704736245678 0.17562481720388265 -0.01783266633770264
v -0.4132704736245678 -0.0065441827961173656 -0.01783266633770264
vt 0 0.75
vt 0.5 0.75
vt 0.5 0.5
vt 0 0.5
vt 0 0.9375
vt 0.03125 0.9375
vt 0.03125 0.9375
vt 0 0.9375
vt 0 1
vt 0.09375 1
vt 0.09375 0.9375
vt 0 0.9375
vt 0 0.75
vt 0.5 0.75
vt 0.5 0.5
vt 0 0.5
vt 0.1875 0.21875
vt 0.28125 0.21875
vt 0.28125 0
vt 0.1875 0
vt 0 1
vt 0.0625 1
vt 0.0625 0.9375
vt 0 0.9375
vn 0 1 0
vn 0.8433914458128867 0 -0.5372996083468223
vn 0 -1 0
vn -0.8433914458128867 0 0.5372996083468223
vn 0.5372996083468222 0 0.8433914458128866
vn -0.5372996083468222 0 -0.8433914458128866
g Frond
f 60/172/43 63/171/43 61/170/43 58/169/43
f 59/176/44 60/175/44 58/174/44 57/173/44
f 64/180/45 59/179/45 57/178/45 62/177/45
f 63/184/46 64/183/46 62/182/46 61/181/46
f 62/188/47 57/187/47 58/186/47 61/185/47
f 63/192/48 60/191/48 59/190/48 64/189/48
o cube
v 0.32807600051167946 0.35759029963192845 0.0445288832875651
v 0.32174268677483636 0.5572402129219645 -0.027861223974350424
v 0.32807600051167946 0.35759029963192845 0.0445288832875651
v 0.32174268677483636 0.5572402129219645 -0.027861223974350424
v 0.2312065202228622 0.5572402129219645 -0.019940335761957972
v 0.2375398339597054 0.35759029963192845 0.052449771499957554
v 0.2312065202228622 0.5572402129219645 -0.019940335761957972
v 0.2375398339597054 0.35759029963192845 0.052449771499957554
vt 0 1
vt 0.5 1
vt 0.5 0.75
vt 0 0.75
vt 0 1
vt 0.0625 1
vt 0.0625 0.90625
vt 0 0.90625
vt 0 1
vt 0.09375 1
vt 0.09375 0.90625
vt 0 0.90625
vt 0 1
vt 0.5 1
vt 0.5 0.75
vt 0 0.75
vt 0.1875 0.6875
vt 0.28125 0.6875
vt 0.28125 0.4375
vt 0.1875 0.4375
vt 0 1
vt 0.09375 1
vt 0.09375 0.875
vt 0 0.875
vn -0.029809019626208525 0.9396926207859083 -0.34071865342161056
vn 0.9961946980917458 0 -0.08715574274765601
vn 0.029809019626208525 -0.9396926207859083 0.34071865342161056
vn -0.9961946980917458 0 0.08715574274765601
vn 0.08189960831908719 0.3420201433256692 0.9361168066628593
vn -0.08189960831908719 -0.3420201433256692 -0.9361168066628593
g Frond
f 68/196/49 71/195/49 69/194/49 66/193/49
f 67/200/50 68/199/50 66/198/50 65/197/50
f 72/204/51 67/203/51 65/202/51 70/201/51
f 71/208/52 72/207/52 70/206/52 69/205/52
f 70/212/53 65/211/53 66/210/53 69/209/53
f 71/216/54 68/215/54 67/214/54 72/213/54
o cube
v 0.32175399265863985 0.5571796046644616 -0.027731997131148045
v 0.31679185918980307 0.5364572882206463 -0.08444944221323647
v 0.32175399265863985 0.5571796046644616 -0.027731997131148045
v 0.31679185918980307 0.5364572882206463 -0.08444944221323647
v 0.2262556926378289 0.5364572882206463 -0.07652855400084402
v 0.2312178261066657 0.5571796046644616 -0.019811108918755593
v 0.2262556926378289 0.5364572882206463 -0.07652855400084402
v 0.2312178261066657 0.5571796046644616 -0.019811108918755593
vt 0 1
vt 0.5 1
vt 0.5 0.75
vt 0 0.75
vt 0 1
vt 0.0625 1
vt 0.0625 0.90625
vt 0 0.90625
vt 0 1
vt 0.09375 1
vt 0.09375 0.90625
vt 0 0.90625
vt 0 1
vt 0.5 1
vt 0.5 0.75
vt 0 0.75
vt 0.1875 0.75
vt 0.28125 0.75
vt 0.28125 0.6875
vt 0.1875 0.6875
vt 0 1
vt 0.09375 1
vt 0.09375 0.875
vt 0 0.875
vn -0.08189960831908719 -0.34202014332566893 -0.9361168066628593
vn 0.9961946980917458 0 -0.08715574274765601
vn 0.08189960831908719 0.34202014332566893 0.9361168066628593
vn -0.9961946980917458 0 0.08715574274765601
vn -0.029809019626208515 0.9396926207859085 -0.3407186534216104
vn 0.029809019626208515 -0.9396926207859085 0.3407186534216104
g Frond
f 76/220/55 79/219/55 77/218/55 74/217/55
f 75/224/56 76/223/56 74/222/56 73/221/56
f 80/228/57 75/227/57 73/226/57 78/225/57
f 79/232/58 80/231/58 78/230/58 77/229/58
f 78/236/59 73/235/59 74/234/59 77/233/59
f 79/240/60 76/239/60 75/238/60 80/237/60
o cube
v 0.32876802742016437 0.17562482306646712 0.052438787046467095
v 0.32807547915729457 0.35762043854381265 0.044522924179677695
v 0.32876802742016437 0.17562482306646712 0.052438787046467095
v 0.32807547915729457 0.35762043854381265 0.044522924179677695
v 0.23753931260532052 0.35762043854381265 0.05244381239207015
v 0.23823186086819031 0.17562482306646707 0.060359675258859546
v 0.23753931260532052 0.35762043854381265 0.05244381239207015
v 0.23823186086819031 0.17562482306646707 0.060359675258859546
vt 0 0.75
vt 0.5 0.75
vt 0.5 0.5
vt 0 0.5
vt 0 0.9375
vt 0.03125 0.9375
vt 0.03125 0.9375
vt 0 0.9375
vt 0 1
vt 0.09375 1
vt 0.09375 0.9375
vt 0 0.9375
vt 0 0.75
vt 0.5 0.75
vt 0.5 0.5
vt 0 0.5
vt 0.1875 0.4375
vt 0.28125 0.4375
vt 0.28125 0.21875
vt 0.1875 0.21875
vt 0 1
vt 0.0625 1
vt 0.0625 0.9375
vt 0 0.9375
vn -0.0038016801040237154 0.9990482215818577 -0.043453402427358116
vn 0.9961946980917458 0 -0.08715574274765601
vn 0.0038016801040237154 -0.9990482215818577 0.043453402427358116
vn -0.9961946980917458 0 0.08715574274765601
vn 0.08707278979269155 0.043619387365336326 0.9952465414778343
vn -0.08707278979269155 -0.043619387365336326 -0.9952465414778343
g Frond
f 84/244/61 87/243/61 85/242/61 82/241/61
f 83/248/62 84/247/62 82/246/62 81/245/62
f 88/252/63 83/251/63 81/250/63 86/249/63
f 87/256/64 88/255/64 86/254/64 85/253/64
f 86/260/65 81/259/65 82/258/65 85/257/65
f 87/264/66 84/263/66 83/262/66 88/261/66
o cube
v 0.32876802745305533 -0.006544182796117327 0.05243878742241427
v 0.32876802745305533 0.17562481720388257 0.05243878742241424
v 0.32876802745305533 -0.006544182796117327 0.05243878742241427
v 0.32876802745305533 0.17562481720388257 0.05243878742241424
v 0.23823186090108128 0.17562481720388257 0.060359675634806716
v 0.23823186090108128 -0.006544182796117338 0.06035967563480675
v 0.23823186090108128 0.17562481720388257 0.060359675634806716
v 0.23823186090108128 -0.006544182796117338 0.06035967563480675
vt 0 0.75
vt 0.5 0.75
vt 0.5 0.5
vt 0 0.5
vt 0 0.9375
vt 0.03125 0.9375
vt 0.03125 0.9375
vt 0 0.9375
vt 0 1
vt 0.09375 1
vt 0.09375 0.9375
vt 0 0.9375
vt 0 0.75
vt 0.5 0.75
vt 0.5 0.5
vt 0 0.5
vt 0.1875 0.21875
vt 0.28125 0.21875
vt 0.28125 0
vt 0.1875 0
vt 0 1
vt 0.0625 1
vt 0.0625 0.9375
vt 0 0.9375
vn 0 1 0
vn 0.9961946980917458 0 -0.087155742747656
vn 0 -1 0
vn -0.9961946980917458 0 0.087155742747656
vn 0.08715574274765592 0 0.9961946980917458
vn -0.08715574274765592 0 -0.9961946980917458
g Frond
f 92/268/67 95/267/67 93/266/67 90/265/67
f 91/272/68 92/271/68 90/270/68 89/269/68
f 96/276/69 91/275/69 89/274/69 94/273/69
f 95/280/70 96/279/70 94/278/70 93/277/70
f 94/284/71 89/283/71 90/282/71 93/281/71
f 95/288/72 92/287/72 91/286/72 96/285/72
o cube
v -0.04692399948832049 0.357590299631928 -0.20547111671243534
v -0.05325731322516358 0.557240212921964 -0.27786122397435087
v -0.04692399948832049 0.357590299631928 -0.20547111671243534
v -0.05325731322516358 0.557240212921964 -0.27786122397435087
v -0.14379347977713763 0.557240212921964 -0.2699403357619584
v -0.13746016604029454 0.357590299631928 -0.1975502285000429
v -0.14379347977713763 0.557240212921964 -0.2699403357619584
v -0.13746016604029454 0.357590299631928 -0.1975502285000429
vt 0 1
vt 0.5 1
vt 0.5 0.75
vt 0 0.75
vt 0 1
vt 0.0625 1
vt 0.0625 0.90625
vt 0 0.90625
vt 0 1
vt 0.09375 1
vt 0.09375 0.90625
vt 0 0.90625
vt 0 1
vt 0.5 1
vt 0.5 0.75
vt 0 0.75
vt 0.1875 0.6875
vt 0.28125 0.6875
vt 0.28125 0.4375
vt 0.1875 0.4375
vt 0 1
vt 0.09375 1
vt 0.09375 0.875
vt 0 0.875
vn -0.029809019626208525 0.9396926207859083 -0.34071865342161056
vn 0.9961946980917458 0 -0.08715574274765601
vn 0.029809019626208525 -0.9396926207859083 0.34071865342161056
vn -0.9961946980917458 0 0.08715574274765601
vn 0.08189960831908719 0.3420201433256692 0.9361168066628593
vn -0.08189960831908719 -0.3420201433256692 -0.9361168066628593
g Frond
f 100/292/73 103/291/73 101/290/73 98/289/73
f 99/296/74 100/295/74 98/294/74 97/293/74
f 104/300/75 99/299/75 97/298/75 102/297/75
f 103/304/76 104/303/76 102/302/76 101/301/76
f 102/308/77 97/307/77 98/306/77 101/305/77
f 103/312/78 100/311/78 99/310/78 104/309/78
o cube
v -0.05324600734135998 0.5571796046644624 -0.2777319971311476
v -0.05820814081019687 0.5364572882206469 -0.3344494422132369
v -0.05324600734135998 0.5571796046644624 -0.2777319971311476
v -0.05820814081019687 0.5364572882206469 -0.3344494422132369
v -0.14874430736217115 0.5364572882206469 -0.32652855400084446
v -0.14378217389333425 0.5571796046644624 -0.26981110891875515
v -0.14874430736217115 0.5364572882206469 -0.32652855400084446
v -0.14378217389333425 0.5571796046644624 -0.26981110891875515
vt 0 1
vt 0.5 1
vt 0.5 0.75
vt 0 0.75
vt 0 1
vt 0.0625 1
vt 0.0625 0.90625
vt 0 0.90625
vt 0 1
vt 0.09375 1
vt 0.09375 0.90625
vt 0 0.90625
vt 0 1
vt 0.5 1
vt 0.5 0.75
vt 0 0.75
vt 0.1875 0.75
vt 0.28125 0.75
vt 0.28125 0.6875
vt 0.1875 0.6875
vt 0 1
vt 0.09375 1
vt 0.09375 0.875
vt 0 0.875
vn -0.08189960831908719 -0.34202014332566893 -0.9361168066628593
vn 0.9961946980917458 0 -0.08715574274765601
vn 0.08189960831908719 0.34202014332566893 0.9361168066628593
vn -0.9961946980917458 0 0.08715574274765601
vn -0.029809019626208515 0.9396926207859085 -0.3407186534216104
vn 0.029809019626208515 -0.9396926207859085 0.3407186534216104
g Frond
f 108/316/79 111/315/79 109/314/79 106/313/79
f 107/320/80 108/319/80 106/318/80 105/317/80
f 112/324/81 107/323/81 105/322/81 110/321/81
f 111/328/82 112/327/82 110/326/82 109/325/82
f 110/332/83 105/331/83 106/330/83 109/329/83
f 111/336/84 108/335/84 107/334/84 112/333/84
o cube
v -0.04623197257983547 0.17562482306646718 -0.19756121295353282
v -0.046924520842705264 0.35762043854381265 -0.2054770758203222
v -0.04623197257983547 0.17562482306646718 -0.19756121295353282
v -0.046924520842705264 0.35762043854381265 -0.2054770758203222
v -0.13746068739467943 0.35762043854381265 -0.19755618760792976
v -0.13676813913180963 0.17562482306646712 -0.18964032474114034
v -0.13746068739467943 0.35762043854381265 -0.19755618760792976
v -0.13676813913180963 0.17562482306646712 -0.18964032474114034
vt 0 0.75
vt 0.5 0.75
vt 0.5 0.5
vt 0 0.5
vt 0 0.9375
vt 0.03125 0.9375
vt 0.03125 0.9375
vt 0 0.9375
vt 0 1
vt 0.09375 1
vt 0.09375 0.9375
vt 0 0.9375
vt 0 0.75
vt 0.5 0.75
vt 0.5 0.5
vt 0 0.5
vt 0.1875 0.4375
vt 0.28125 0.4375
vt 0.28125 0.21875
vt 0.1875 0.21875
vt 0 1
vt 0.0625 1
vt 0.0625 0.9375
vt 0 0.9375
vn -0.0038016801040237154 0.9990482215818577 -0.043453402427358116
vn 0.9961946980917458 0 -0.08715574274765601
vn 0.0038016801040237154 -0.9990482215818577 0.043453402427358116
vn -0.9961946980917458 0 0.08715574274765601
vn 0.08707278979269155 0.043619387365336326 0.9952465414778343
vn -0.08707278979269155 -0.043619387365336326 -0.9952465414778343
g Frond
f 116/340/85 119/339/85 117/338/85 114/337/85
f 115/344/86 116/343/86 114/342/86 113/341/86
f 120/348/87 115/347/87 113/346/87 118/345/87
f 119/352/88 120/351/88 118/350/88 117/349/88
f 118/356/89 113/355/89 114/354/89 117/353/89
f 119/360/90 116/359/90 115/358/90 120/357/90
o cube
v -0.046231972546944555 -0.0065441827961173 -0.1975612125775857
v -0.046231972546944555 0.17562481720388262 -0.19756121257758572
v -0.046231972546944555 -0.0065441827961173 -0.1975612125775857
v -0.046231972546944555 0.17562481720388262 -0.19756121257758572
v -0.1367681390989186 0.17562481720388262 -0.18964032436519326
v -0.1367681390989186 -0.00654418279611731 -0.18964032436519324
v -0.1367681390989186 0.17562481720388262 -0.18964032436519326
v -0.1367681390989186 -0.00654418279611731 -0.18964032436519324
vt 0 0.75
vt 0.5 0.75
vt 0.5 0.5
vt 0 0.5
vt 0 0.9375
vt 0.03125 0.9375
vt 0.03125 0.9375
vt 0 0.9375
vt 0 1
vt 0.09375 1
vt 0.09375 0.9375
vt 0 0.9375
vt 0 0.75
vt 0.5 0.75
vt 0.5 0.5
vt 0 0.5
vt 0.1875 0.21875
vt 0.28125 0.21875
vt 0.28125 0
vt 0.1875 0
vt 0 1
vt 0.0625 1
vt 0.0625 0.9375
vt 0 0.9375
vn 0 1 0
vn 0.9961946980917458 0 -0.087155742747656
vn 0 -1 0
vn -0.9961946980917458 0 0.087155742747656
vn 0.08715574274765592 0 0.9961946980917458
vn -0.08715574274765592 0 -0.9961946980917458
g Frond
f 124/364/91 127/363/91 125/362/91 122/361/91
f 123/368/92 124/367/92 122/366/92 121/365/92
f 128/372/93 123/371/93 121/370/93 126/369/93
f 127/376/94 128/375/94 126/374/94 125/373/94
f 126/380/95 121/379/95 122/378/95 125/377/95
f 127/384/96 124/383/96 123/382/96 128/381/96
o cube
v 0.17203606946692118 0.31033129241545865 0.17334291436839216
v 0.20849443924921252 0.5066967797424158 0.10087285828545439
v 0.17203606946692118 0.31033129241545865 0.17334291436839216
v 0.20849443924921252 0.5066967797424158 0.10087285828545439
v 0.12242242564846384 0.51209641329683 0.07220248409552532
v 0.0859640558661725 0.31573092596987284 0.1446725401784631
v 0.12242242564846384 0.51209641329683 0.07220248409552532
v 0.0859640558661725 0.31573092596987284 0.1446725401784631
vt 0 1
vt 0.5 1
vt 0.5 0.75
vt 0 0.75
vt 0 1
vt 0.0625 1
vt 0.0625 0.90625
vt 0 0.90625
vt 0 1
vt 0.09375 1
vt 0.09375 0.90625
vt 0 0.90625
vt 0 1
vt 0.5 1
vt 0.5 0.75
vt 0 0.75
vt 0.1875 0.6875
vt 0.28125 0.6875
vt 0.28125 0.4375
vt 0.1875 0.4375
vt 0 1
vt 0.09375 1
vt 0.09375 0.875
vt 0 0.875
vn 0.1715986773334247 0.9242338069544229 -0.3410949486872441
vn 0.9470743777728132 -0.05941367437351934 0.3154681255906469
vn -0.1715986773334247 -0.9242338069544229 0.3410949486872441
vn -0.9470743777728132 0.05941367437351934 -0.3154681255906469
vn -0.27130060247566334 0.377176199381631 0.8855134655759733
vn 0.27130060247566334 -0.377176199381631 -0.8855134655759733
g Frond
f 132/388/97 135/387/97 133/386/97 130/385/97
f 131/392/98 132/391/98 130/390/98 129/389/98
f 136/396/99 131/395/99 129/394/99 134/393/99
f 135/400/100 136/399/100 134/398/100 133/397/100
f 134/404/101 129/403/101 130/402/101 133/401/101
f 135/408/102 132/407/102 131/406/102 136/405/102
o cube
v 0.20844960587369243 0.5066412944463624 0.10099700380994703
v 0.2248871667764878 0.48378894287822827 0.047345513957630425
v 0.20844960587369243 0.5066412944463624 0.10099700380994703
v 0.2248871667764878 0.48378894287822827 0.047345513957630425
v 0.1388151531757389 0.48918857643264246 0.018675139767701188
v 0.12237759227294331 0.5120409280007766 0.07232662962001779
v 0.1388151531757389 0.48918857643264246 0.018675139767701188
v 0.12237759227294331 0.5120409280007766 0.07232662962001779
vt 0 1
vt 0.5 1
vt 0.5 0.75
vt 0 0.75
vt 0 1
vt 0.0625 1
vt 0.0625 0.90625
vt 0 0.90625
vt 0 1
vt 0.09375 1
vt 0.09375 0.90625
vt 0 0.90625
vt 0 1
vt 0.5 1
vt 0.5 0.75
vt 0 0.75
vt 0.1875 0.75
vt 0.28125 0.75
vt 0.28125 0.6875
vt 0.1875 0.6875
vt 0 1
vt 0.09375 1
vt 0.09375 0.875
vt 0 0.875
vn 0.2713006024756634 -0.3771761993816307 -0.8855134655759732
vn 0.9470743777728133 -0.059413674373519396 0.31546812559064685
vn -0.2713006024756634 0.3771761993816307 0.8855134655759732
vn -0.9470743777728133 0.059413674373519396 -0.31546812559064685
vn 0.17159867733342465 0.9242338069544231 -0.3410949486872439
vn -0.17159867733342465 -0.9242338069544231 0.3410949486872439
g Frond
f 140/412/103 143/411/103 141/410/103 138/409/103
f 139/416/104 140/415/104 138/414/104 137/413/104
f 144/420/105 139/419/105 137/418/105 142/417/105
f 143/424/106 144/423/106 142/422/106 141/421/106
f 142/428/107 137/427/107 138/426/107 141/425/107
f 143/432/108 140/431/108 139/430/108 144/429/108
o cube
v 0.15708850590479373 0.12912546612057713 0.1840899605094415
v 0.1720400088593822 0.3103611266622017 0.17333670665584217
v 0.15708850590479373 0.12912546612057713 0.1840899605094415
v 0.1720400088593822 0.3103611266622017 0.17333670665584217
v 0.08596799525863319 0.3157607602166159 0.14466633246591298
v 0.07101649230404472 0.13452509967499132 0.15541958631951233
v 0.08596799525863319 0.3157607602166159 0.14466633246591298
v 0.07101649230404472 0.13452509967499132 0.15541958631951233
vt 0 0.75
vt 0.5 0.75
vt 0.5 0.5
vt 0 0.5
vt 0 0.9375
vt 0.03125 0.9375
vt 0.03125 0.9375
vt 0 0.9375
vt 0 1
vt 0.09375 1
vt 0.09375 0.9375
vt 0 0.9375
vt 0 0.75
vt 0.5 0.75
vt 0.5 0.5
vt 0 0.5
vt 0.1875 0.4375
vt 0.28125 0.4375
vt 0.28125 0.21875
vt 0.1875 0.21875
vt 0 1
vt 0.0625 1
vt 0.0625 0.9375
vt 0 0.9375
vn 0.08207490272542733 0.9948765187360341 -0.05902899973979858
vn 0.9470743777728132 -0.05941367437351934 0.31546812559064685
vn -0.08207490272542733 -0.9948765187360341 0.05902899973979858
vn -0.9470743777728132 0.05941367437351934 -0.31546812559064685
vn -0.3103447007906698 0.08179686891994653 0.947098431487479
vn 0.3103447007906698 -0.08179686891994653 -0.947098431487479
g Frond
f 148/436/109 151/435/109 149/434/109 146/433/109
f 147/440/110 148/439/110 146/438/110 145/437/110
f 152/444/111 147/443/111 145/442/111 150/441/111
f 151/448/112 152/447/112 150/446/112 149/445/112
f 150/452/113 145/451/113 146/450/113 149/449/113
f 151/456/114 148/455/114 147/454/114 152/453/114
o cube
v 0.14461726303019662 -0.0525876701787965 0.18730724109565022
v 0.157088505385084 0.12912546028712596 0.18408996097103086
v 0.14461726303019662 -0.0525876701787965 0.18730724109565022
v 0.157088505385084 0.12912546028712596 0.18408996097103086
v 0.07101649178433522 0.13452509384154013 0.15541958678110174
v 0.05854524942944783 -0.04718803662438232 0.1586368669057211
v 0.07101649178433522 0.13452509384154013 0.15541958678110174
v 0.05854524942944783 -0.04718803662438232 0.1586368669057211
vt 0 0.75
vt 0.5 0.75
vt 0.5 0.5
vt 0 0.5
vt 0 0.9375
vt 0.03125 0.9375
vt 0.03125 0.9375
vt 0 0.9375
vt 0 1
vt 0.09375 1
vt 0.09375 0.9375
vt 0 0.9375
vt 0 0.75
vt 0.5 0.75
vt 0.5 0.5
vt 0 0.5
vt 0.1875 0.21875
vt 0.28125 0.21875
vt 0.28125 0
vt 0.1875 0
vt 0 1
vt 0.0625 1
vt 0.0625 0.9375
vt 0 0.9375
vn 0.06845973988377457 0.9974975460474755 -0.017660963855647107
vn 0.9470743777728133 -0.059413674373519354 0.3154681255906469
vn -0.06845973988377457 -0.9974975460474755 0.017660963855647107
vn -0.9470743777728133 0.059413674373519354 -0.3154681255906469
vn -0.3136293783772251 0.03832311217401273 0.9487718124459713
vn 0.3136293783772251 -0.03832311217401273 -0.9487718124459713
g Frond
f 156/460/115 159/459/115 157/458/115 154/457/115
f 155/464/116 156/463/116 154/462/116 153/461/116
f 160/468/117 155/467/117 153/466/117 158/465/117
f 159/472/118 160/471/118 158/470/118 157/469/118
f 158/476/119 153/475/119 154/474/119 157/473/119
f 159/480/120 156/479/120 155/478/120 160/477/120
o cube
v 0.07168084960728449 0.35759029963192757 -0.19018244420203634
v 0.07801416334412792 0.5572402129219631 -0.26257255146395164
v 0.07168084960728449 0.35759029963192757 -0.19018244420203634
v 0.07801416334412792 0.5572402129219631 -0.26257255146395164
v -0.012522003207846133 0.5572402129219631 -0.27049343967634454
v -0.01885531694468956 0.35759029963192757 -0.19810333241442923
v -0.012522003207846133 0.5572402129219631 -0.27049343967634454
v -0.01885531694468956 0.35759029963192757 -0.19810333241442923
vt 0 1
vt 0.5 1
vt 0.5 0.75
vt 0 0.75
vt 0 1
vt 0.0625 1
vt 0.0625 0.90625
vt 0 0.90625
vt 0 1
vt 0.09375 1
vt 0.09375 0.90625
vt 0 0.90625
vt 0 1
vt 0.5 1
vt 0.5 0.75
vt 0 0.75
vt 0.1875 0.6875
vt 0.28125 0.6875
vt 0.28125 0.4375
vt 0.1875 0.4375
vt 0 1
vt 0.09375 1
vt 0.09375 0.875
vt 0 0.875
vn 0.029809019626210076 0.9396926207859084 -0.3407186534216103
vn 0.9961946980917453 0 0.087155742747661
vn -0.029809019626210076 -0.9396926207859084 0.3407186534216103
vn -0.9961946980917453 0 -0.087155742747661
vn -0.08189960831909197 0.3420201433256691 0.9361168066628588
vn 0.08189960831909197 -0.3420201433256691 -0.9361168066628588
g Frond
f 164/484/121 167/483/121 165/482/121 162/481/121
f 163/488/122 164/487/122 162/486/122 161/485/122
f 168/492/123 163/491/123 161/490/123 166/489/123
f 167/496/124 168/495/124 166/494/124 165/493/124
f 166/500/125 161/499/125 162/498/125 165/497/125
f 167/504/126 164/503/126 163/502/126 168/501/126
o cube
v 0.07800285746032454 0.5571796046644624 -0.26244332462074915
v 0.08296499092916165 0.5364572882206469 -0.319160769702838
v 0.07800285746032454 0.5571796046644624 -0.26244332462074915
v 0.08296499092916165 0.5364572882206469 -0.319160769702838
v -0.007571175622812509 0.5364572882206468 -0.3270816579152309
v -0.012533309091649625 0.5571796046644623 -0.27036421283314205
v -0.007571175622812509 0.5364572882206468 -0.3270816579152309
v -0.012533309091649625 0.5571796046644623 -0.27036421283314205
vt 0 1
vt 0.5 1
vt 0.5 0.75
vt 0 0.75
vt 0 1
vt 0.0625 1
vt 0.0625 0.90625
vt 0 0.90625
vt 0 1
vt 0.09375 1
vt 0.09375 0.90625
vt 0 0.90625
vt 0 1
vt 0.5 1
vt 0.5 0.75
vt 0 0.75
vt 0.1875 0.75
vt 0.28125 0.75
vt 0.28125 0.6875
vt 0.1875 0.6875
vt 0 1
vt 0.09375 1
vt 0.09375 0.875
vt 0 0.875
vn 0.08189960831909199 -0.3420201433256689 -0.936116806662859
vn 0.9961946980917453 0 0.08715574274766101
vn -0.08189960831909199 0.3420201433256689 0.936116806662859
vn -0.9961946980917453 0 -0.08715574274766101
vn 0.029809019626210055 0.9396926207859084 -0.34071865342161006
vn -0.029809019626210055 -0.9396926207859084 0.34071865342161006
g Frond
f 172/508/127 175/507/127 173/506/127 170/505/127
f 171/512/128 172/511/128 170/510/128 169/509/128
f 176/516/129 171/515/129 169/514/129 174/513/129
f 175/520/130 176/519/130 174/518/130 173/517/130
f 174/524/131 169/523/131 170/522/131 173/521/131
f 175/528/132 172/527/132 171/526/132 176/525/132
o cube
v 0.07098882269879947 0.17562482306646704 -0.18227254044313393
v 0.07168137096166938 0.35762043854381254 -0.19018840330992332
v 0.07098882269879947 0.17562482306646704 -0.18227254044313393
v 0.07168137096166938 0.35762043854381254 -0.19018840330992332
v -0.018854795590304674 0.3576204385438124 -0.19810929152231627
v -0.01954734385317458 0.17562482306646704 -0.19019342865552685
v -0.018854795590304674 0.3576204385438124 -0.19810929152231627
v -0.01954734385317458 0.17562482306646704 -0.19019342865552685
vt 0 0.75
vt 0.5 0.75
vt 0.5 0.5
vt 0 0.5
vt 0 0.9375
vt 0.03125 0.9375
vt 0.03125 0.9375
vt 0 0.9375
vt 0 1
vt 0.09375 1
vt 0.09375 0.9375
vt 0 0.9375
vt 0 0.75
vt 0.5 0.75
vt 0.5 0.5
vt 0 0.5
vt 0.1875 0.4375
vt 0.28125 0.4375
vt 0.28125 0.21875
vt 0.1875 0.21875
vt 0 1
vt 0.0625 1
vt 0.0625 0.9375
vt 0 0.9375
vn 0.0038016801040237514 0.9990482215818577 -0.043453402427358054
vn 0.9961946980917453 0 0.08715574274766101
vn -0.0038016801040237514 -0.9990482215818577 0.043453402427358054
vn -0.9961946980917453 0 -0.08715574274766101
vn -0.0870727897926966 0.04361938736533629 0.995246541477834
vn 0.0870727897926966 -0.04361938736533629 -0.995246541477834
g Frond
f 180/532/133 183/531/133 181/530/133 178/529/133
f 179/536/134 180/535/134 178/534/134 177/533/134
f 184/540/135 179/539/135 177/538/135 182/537/135
f 183/544/136 184/543/136 182/542/136 181/541/136
f 182/548/137 177/547/137 178/546/137 181/545/137
f 183/552/138 180/551/138 179/550/138 184/549/138
o cube
v 0.07098882266590811 -0.006544182796117362 -0.18227254006718677
v 0.07098882266590811 0.1756248172038825 -0.1822725400671868
v 0.07098882266590811 -0.006544182796117362 -0.18227254006718677
v 0.07098882266590811 0.1756248172038825 -0.1822725400671868
v -0.019547343886065938 0.1756248172038825 -0.19019342827957972
v -0.019547343886065938 -0.006544182796117369 -0.1901934282795797
v -0.019547343886065938 0.1756248172038825 -0.19019342827957972
v -0.019547343886065938 -0.006544182796117369 -0.1901934282795797
vt 0 0.75
vt 0.5 0.75
vt 0.5 0.5
vt 0 0.5
vt 0 0.9375
vt 0.03125 0.9375
vt 0.03125 0.9375
vt 0 0.9375
vt 0 1
vt 0.09375 1
vt 0.09375 0.9375
vt 0 0.9375
vt 0 0.75
vt 0.5 0.75
vt 0.5 0.5
vt 0 0.5
vt 0.1875 0.21875
vt 0.28125 0.21875
vt 0.28125 0
vt 0.1875 0
vt 0 1
vt 0.0625 1
vt 0.0625 0.9375
vt 0 0.9375
vn 0 1 0
vn 0.9961946980917454 0 0.087155742747661
vn 0 -1 0
vn -0.9961946980917454 0 -0.087155742747661
vn -0.08715574274766097 0 0.9961946980917454
vn 0.08715574274766097 0 -0.9961946980917454
g Frond
f 188/556/139 191/555/139 189/554/139 186/553/139
f 187/560/140 188/559/140 186/558/140 185/557/140
f 192/564/141 187/563/141 185/562/141 190/561/141
f 191/568/142 192/567/142 190/566/142 189/565/142
f 190/572/143 185/571/143 186/570/143 189/569/143
f 191/576/144 188/575/144 187/574/144 192/573/144
o cube
v -0.4045691813029686 0.3697990091181309 0.030989884643275234
v -0.5381017205020484 0.5336540217964036 0.009516129399978146
v -0.4045691813029686 0.3697990091181309 0.030989884643275234
v -0.5381017205020484 0.5336540217964036 0.009516129399978146
v -0.5551570882673009 0.5314500821864501 0.09875622691554375
v -0.42162454906822155 0.36759506950817733 0.12022998215884106
v -0.5551570882673009 0.5314500821864501 0.09875622691554375
v -0.42162454906822155 0.36759506950817733 0.12022998215884106
vt 0 1
vt 0.5 1
vt 0.5 0.75
vt 0 0.75
vt 0 1
vt 0.0625 1
vt 0.0625 0.90625
vt 0 0.90625
vt 0 1
vt 0.09375 1
vt 0.09375 0.90625
vt 0 0.90625
vt 0 1
vt 0.5 1
vt 0.5 0.75
vt 0 0.75
vt 0.1875 0.6875
vt 0.28125 0.6875
vt 0.28125 0.4375
vt 0.1875 0.4375
vt 0 1
vt 0.09375 1
vt 0.09375 0.875
vt 0 0.875
vn -0.628497852327606 0.7712166950399517 -0.10107056401960461
vn 0.18766496957871456 0.024250562377078486 -0.9819336889105168
vn 0.628497852327606 -0.7712166950399517 0.10107056401960461
vn -0.18766496957871456 -0.024250562377078486 0.9819336889105168
vn 0.7548326362927129 0.6361106189304262 0.1599717839849997
vn -0.7548326362927129 -0.6361106189304262 -0.1599717839849997
g Frond
f 196/580/145 199/579/145 197/578/145 194/577/145
f 195/584/146 196/583/146 194/582/146 193/581/146
f 200/588/147 195/587/147 193/586/147 198/585/147
f 199/592/148 200/591/148 198/590/148 197/589/148
f 198/596/149 193/595/149 194/594/149 197/593/149
f 199/600/150 196/599/150 195/598/150 200/597/150
o cube
v -0.5379616760076233 0.5336402361254504 0.00954255392925707
v -0.5836954757753259 0.49509956594569404 -0.0001498165188260625
v -0.5379616760076233 0.5336402361254504 0.00954255392925707
v -0.5836954757753259 0.49509956594569404 -0.0001498165188260625
v -0.6007508435405784 0.49289562633574047 0.08909028099673977
v -0.5550170437728759 0.5314362965154968 0.09878265144482268
v -0.6007508435405784 0.49289562633574047 0.08909028099673977
v -0.5550170437728759 0.5314362965154968 0.09878265144482268
vt 0 1
vt 0.5 1
vt 0.5 0.75
vt 0 0.75
vt 0 1
vt 0.0625 1
vt 0.0625 0.90625
vt 0 0.90625
vt 0 1
vt 0.09375 1
vt 0.09375 0.90625
vt 0 0.90625
vt 0 1
vt 0.5 1
vt 0.5 0.75
vt 0 0.75
vt 0.1875 0.75
vt 0.28125 0.75
vt 0.28125 0.6875
vt 0.1875 0.6875
vt 0 1
vt 0.09375 1
vt 0.09375 0.875
vt 0 0.875
vn -0.754832636292713 -0.6361106189304258 -0.1599717839849997
vn 0.18766496957871462 0.024250562377078465 -0.9819336889105168
vn 0.754832636292713 0.6361106189304258 0.1599717839849997
vn -0.18766496957871462 -0.024250562377078465 0.9819336889105168
vn -0.6284978523276058 0.7712166950399518 -0.10107056401960457
vn 0.6284978523276058 -0.7712166950399518 0.10107056401960457
g Frond
f 204/604/151 207/603/151 205/602/151 202/601/151
f 203/608/152 204/607/152 202/606/152 201/605/152
f 208/612/153 203/611/153 201/610/153 206/609/153
f 207/616/154 208/615/154 206/614/154 205/613/154
f 206/620/155 201/619/155 202/618/155 205/617/155
f 207/624/156 204/623/156 203/622/156 208/621/156
o cube
v -0.33674016536068924 0.2009903454740218 0.03978419049446824
v -0.4045847291469844 0.36982541028290816 0.03098756519685364
v -0.33674016536068924 0.2009903454740218 0.03978419049446824
v -0.4045847291469844 0.36982541028290816 0.03098756519685364
v -0.42164009691223714 0.3676214706729545 0.12022766271241936
v -0.353795533125942 0.19878640586406812 0.12902428801003396
v -0.42164009691223714 0.3676214706729545 0.12022766271241936
v -0.353795533125942 0.19878640586406812 0.12902428801003396
vt 0 0.75
vt 0.5 0.75
vt 0.5 0.5
vt 0 0.5
vt 0 0.9375
vt 0.03125 0.9375
vt 0.03125 0.9375
vt 0 0.9375
vt 0 1
vt 0.09375 1
vt 0.09375 0.9375
vt 0 0.9375
vt 0 0.75
vt 0.5 0.75
vt 0.5 0.5
vt 0 0.5
vt 0.1875 0.4375
vt 0.28125 0.4375
vt 0.28125 0.21875
vt 0.1875 0.21875
vt 0 1
vt 0.0625 1
vt 0.0625 0.9375
vt 0 0.9375
vn -0.3724265038853754 0.9268045869982598 -0.04828826692584657
vn 0.18766496957871465 0.024250562377078493 -0.9819336889105168
vn 0.3724265038853754 -0.9268045869982598 0.04828826692584657
vn -0.18766496957871465 -0.024250562377078493 0.9819336889105168
vn 0.908889629381223 0.37476014695186155 0.182960306787791
vn -0.908889629381223 -0.37476014695186155 -0.182960306787791
g Frond
f 212/628/157 215/627/157 213/626/157 210/625/157
f 211/632/158 212/631/158 210/630/158 209/629/158
f 216/636/159 211/635/159 209/634/159 214/633/159
f 215/640/160 216/639/160 214/638/160 213/637/160
f 214/644/161 209/643/161 210/642/161 213/641/161
f 215/648/162 212/647/162 211/646/162 216/645/162
o cube
v -0.2761823003131695 0.0293380871679398 0.04711862273364276
v -0.336740163063005 0.20099034007592567 0.039784190800281394
v -0.2761823003131695 0.0293380871679398 0.04711862273364276
v -0.336740163063005 0.20099034007592567 0.039784190800281394
v -0.35379553082825776 0.198786400465972 0.1290242883158471
v -0.2932376680784223 0.02713414755798615 0.13635872024920848
v -0.35379553082825776 0.198786400465972 0.1290242883158471
v -0.2932376680784223 0.02713414755798615 0.13635872024920848
vt 0 0.75
vt 0.5 0.75
vt 0.5 0.5
vt 0 0.5
vt 0 0.9375
vt 0.03125 0.9375
vt 0.03125 0.9375
vt 0 0.9375
vt 0 1
vt 0.09375 1
vt 0.09375 0.9375
vt 0 0.9375
vt 0 0.75
vt 0.5 0.75
vt 0.5 0.5
vt 0 0.5
vt 0.1875 0.21875
vt 0.28125 0.21875
vt 0.28125 0
vt 0.1875 0
vt 0 1
vt 0.0625 1
vt 0.0625 0.9375
vt 0 0.9375
vn -0.3324268275603167 0.9422692824135032 -0.04026169070127963
vn 0.18766496957871462 0.024250562377078486 -0.9819336889105168
vn 0.3324268275603167 -0.9422692824135032 0.04026169070127963
vn -0.18766496957871462 -0.024250562377078486 0.9819336889105168
vn 0.9242695837855988 0.3339768100397654 0.18489247373665293
vn -0.9242695837855988 -0.3339768100397654 -0.18489247373665293
g Frond
f 220/652/163 223/651/163 221/650/163 218/649/163
f 219/656/164 220/655/164 218/654/164 217/653/164
f 224/660/165 219/659/165 217/658/165 222/657/165
f 223/664/166 224/663/166 222/662/166 221/661/166
f 222/668/167 217/667/167 218/666/167 221/665/167
f 223/672/168 220/671/168 219/670/168 224/669/168
o cube
v 0.04846338140255346 0.17562482860407627 0.31713768022027117
v 0.05357103510190353 0.3576204440814218 0.3110506134628143
v 0.04846338140255346 0.17562482860407627 0.31713768022027117
