# Made in Blockbench 4.12.3

o cube
v 0.5487771950463252 0.8735585849649337 -0.22045720498406385
v 0.5487771950463252 0.8735585849649337 -0.22045720498406385
v 0.5410548420527214 -0.011470214567049553 -0.22059199915696584
v 0.5410548420527214 -0.011470214567049553 -0.22059199915696584
v -0.7002471079015331 0.8844520130628253 -0.18774827852824078
v -0.7002471079015331 0.8844520130628253 -0.18774827852824078
v -0.7079694608951369 -0.0005767864691578195 -0.18788307270114274
v -0.7079694608951369 -0.0005767864691578195 -0.18788307270114274
vt 0 1
vt 0.10416666666666667 1
vt 0.10416666666666667 0.5625
vt 0 0.5625
vt 0 1
vt 0 1
vt 0 0.5625
vt 0 0.5625
vt 0.3125 0.29166666666666663
vt 0.6875 0.29166666666666663
vt 0.6875 0
vt 0.3125 0
vt 0 1
vt 0 1
vt 0 0.5625
vt 0 0.5625
vt 0 1
vt 0.10416666666666667 1
vt 0.10416666666666667 0.6666666666666667
vt 0 0.6666666666666667
vt 0 1
vt 0.10416666666666667 1
vt 0.10416666666666667 0.6666666666666667
vt 0 0.6666666666666667
vn -0.02617528766821998 0.0003806461322609161 -0.9996572959889845
vn 0.9996192900743165 -0.008718229770221457 -0.02617761220954229
vn 0.02617528766821998 -0.0003806461322609161 0.9996572959889845
vn -0.9996192900743165 0.008718229770221457 0.02617761220954229
vn 0.008725206404749634 0.9999619230641713 0.00015229904430700517
vn -0.008725206404749634 -0.9999619230641713 -0.00015229904430700517
g Base
f 4/4/1 7/3/1 5/2/1 2/1/1
f 3/8/2 4/7/2 2/6/2 1/5/2
f 8/12/3 3/11/3 1/10/3 6/9/3
f 7/16/4 8/15/4 6/14/4 5/13/4
f 6/20/5 1/19/5 2/18/5 5/17/5
f 7/24/6 4/23/6 3/22/6 8/21/6
o cube
v 0.204998986575275 0.8782541453375552 0.5752042558945873
v 0.204998986575275 0.8782541453375552 0.5752042558945873
v 0.1972766335816705 -0.006774654194428104 0.5750694617216856
v 0.1972766335816705 -0.006774654194428104 0.5750694617216856
v 0.1722929646338694 0.8787297626798145 -0.6738675354436492
v 0.1722929646338694 0.8787297626798145 -0.6738675354436492
v 0.16457061164026487 -0.00629903685216876 -0.6740023296165509
v 0.16457061164026487 -0.00629903685216876 -0.6740023296165509
vt 0 1
vt 0.10416666666666667 1
vt 0.10416666666666667 0.5625
vt 0 0.5625
vt 0 1
vt 0 1
vt 0 0.5625
vt 0 0.5625
vt 0.3125 0.29166666666666663
vt 0.6875 0.29166666666666663
vt 0.6875 0
vt 0.3125 0
vt 0 1
vt 0 1
vt 0 0.5625
vt 0 0.5625
vt 0 1
vt 0.10416666666666667 1
vt 0.10416666666666667 0.6666666666666667
vt 0 0.6666666666666667
vt 0 1
vt 0.10416666666666667 1
vt 0.10416666666666667 0.6666666666666667
vt 0 0.6666666666666667
vn 0.9996192900743173 -0.008718229770222354 -0.026177612209514076
vn 0.026175287668191792 -0.00038064613226038336 0.9996572959889852
vn -0.9996192900743173 0.008718229770222354 0.026177612209514076
vn -0.026175287668191792 0.00038064613226038336 -0.9996572959889852
vn 0.008725206404750517 0.9999619230641714 0.00015229904430669454
vn -0.008725206404750517 -0.9999619230641714 -0.00015229904430669454
g Base
f 12/28/7 15/27/7 13/26/7 10/25/7
f 11/32/8 12/31/8 10/30/8 9/29/8
f 16/36/9 11/35/9 9/34/9 14/33/9
f 15/40/10 16/39/10 14/38/10 13/37/10
f 14/44/11 9/43/11 10/42/11 13/41/11
f 15/48/12 12/47/12 11/46/12 16/45/12
o cube
v 0.5596792023601387 0.8734000458508471 0.19590005879534805
v 0.5596792023601387 0.8734000458508471 0.19590005879534805
v 0.5519568493665349 -0.01162875368113625 0.19576526462244606
v 0.5519568493665349 -0.01162875368113625 0.19576526462244606
v -0.6893451005877196 0.8842934739487387 0.22860898525117113
v -0.6893451005877196 0.8842934739487387 0.22860898525117113
v -0.6970674535813234 -0.0007353255832445171 0.22847419107826916
v -0.6970674535813234 -0.0007353255832445171 0.22847419107826916
vt 0 1
vt 0.10416666666666667 1
vt 0.10416666666666667 0.5625
vt 0 0.5625
vt 0 1
vt 0 1
vt 0 0.5625
vt 0 0.5625
vt 0.3125 0.29166666666666663
vt 0.6875 0.29166666666666663
vt 0.6875 0
vt 0.3125 0
vt 0 1
vt 0 1
vt 0 0.5625
vt 0 0.5625
vt 0 1
vt 0.10416666666666667 1
vt 0.10416666666666667 0.6666666666666667
vt 0 0.6666666666666667
vt 0 1
vt 0.10416666666666667 1
vt 0.10416666666666667 0.6666666666666667
vt 0 0.6666666666666667
vn -0.02617528766821998 0.0003806461322609161 -0.9996572959889845
vn 0.9996192900743165 -0.008718229770221457 -0.02617761220954229
vn 0.02617528766821998 -0.0003806461322609161 0.9996572959889845
vn -0.9996192900743165 0.008718229770221457 0.02617761220954229
vn 0.008725206404749634 0.9999619230641713 0.00015229904430700517
vn -0.008725206404749634 -0.9999619230641713 -0.00015229904430700517
g Base
f 20/52/13 23/51/13 21/50/13 18/49/13
f 19/56/14 20/55/14 18/54/14 17/53/14
f 24/60/15 19/59/15 17/58/15 22/57/15
f 23/64/16 24/63/16 22/62/16 21/61/16
f 22/68/17 17/67/17 18/66/17 21/65/17
f 23/72/18 20/71/18 19/70/18 24/69/18
o cube
v -0.21134244774067795 0.8818852880368526 0.58610723137985
v -0.21134244774067795 0.8818852880368526 0.58610723137985
v -0.21906480073428247 -0.00314351149513048 0.5859724372069482
v -0.21906480073428247 -0.00314351149513048 0.5859724372069482
v -0.24404846968208355 0.8823609053791119 -0.6629645599583865
v -0.24404846968208355 0.8823609053791119 -0.6629645599583865
v -0.25177082267568807 -0.0026678941528711364 -0.6630993541312883
v -0.25177082267568807 -0.0026678941528711364 -0.6630993541312883
vt 0 1
vt 0.10416666666666667 1
vt 0.10416666666666667 0.5625
vt 0 0.5625
vt 0 1
vt 0 1
vt 0 0.5625
vt 0 0.5625
vt 0.3125 0.29166666666666663
vt 0.6875 0.29166666666666663
vt 0.6875 0
vt 0.3125 0
vt 0 1
vt 0 1
vt 0 0.5625
vt 0 0.5625
vt 0 1
vt 0.10416666666666667 1
vt 0.10416666666666667 0.6666666666666667
vt 0 0.6666666666666667
vt 0 1
vt 0.10416666666666667 1
vt 0.10416666666666667 0.6666666666666667
vt 0 0.6666666666666667
vn 0.9996192900743173 -0.008718229770222354 -0.026177612209514076
vn 0.026175287668191792 -0.00038064613226038336 0.9996572959889852
vn -0.9996192900743173 0.008718229770222354 0.026177612209514076
vn -0.026175287668191792 0.00038064613226038336 -0.9996572959889852
vn 0.008725206404750517 0.9999619230641714 0.00015229904430669454
vn -0.008725206404750517 -0.9999619230641714 -0.00015229904430669454
g Base
f 28/76/19 31/75/19 29/74/19 26/73/19
f 27/80/20 28/79/20 26/78/20 25/77/20
f 32/84/21 27/83/21 25/82/21 30/81/21
f 31/88/22 32/87/22 30/86/22 29/85/22
f 30/92/23 25/91/23 26/90/23 29/89/23
f 31/96/24 28/95/24 27/94/24 32/93/24
o cube
v 0.989838291424321 1.3528543314077752 -1.7318228654116226
v 0.469557960279463 0.9925374258848189 -0.8326497462526047
v 0.989838291424321 1.3528543314077752 -1.7318228654116226
v 0.469557960279463 0.9925374258848189 -0.8326497462526047
v 0.6434669774045232 1.0095387399028244 -0.7252095883817266
v 1.163747308549381 1.3698556454257806 -1.6243827075407442
v 0.6434669774045232 1.0095387399028244 -0.7252095883817266
v 1.163747308549381 1.3698556454257806 -1.6243827075407442
vt 0 1
vt 0.020833333333333332 1
vt 0.020833333333333332 0.6666666666666667
vt 0 0.6666666666666667
vt 0 1
vt 0.3125 1
vt 0.3125 0.6666666666666667
vt 0 0.6666666666666667
vt 0 1
vt 0.020833333333333332 1
vt 0.020833333333333332 0.6666666666666667
vt 0 0.6666666666666667
vt 0 1
vt 0.3125 1
vt 0.3125 0.6666666666666667
vt 0 0.6666666666666667
vt 0 1
vt 0.020833333333333332 1
vt 0.020833333333333332 0.33333333333333337
vt 0 0.33333333333333337
vt 0.4479166666666667 1
vt 0.5520833333333334 1
vt 0.5520833333333334 0.16927083333333337
vt 0.4479166666666667 0.16927083333333337
vn -0.4731713877777096 -0.3276918999626729 0.8177572112108644
vn -0.847814539216995 -0.08288219580870505 -0.5237757618582614
vn 0.4731713877777096 0.3276918999626729 -0.8177572112108644
vn 0.847814539216995 0.08288219580870505 0.5237757618582614
vn -0.2394145878612895 0.9411421573369144 0.2386044735591261
vn 0.2394145878612895 -0.9411421573369144 -0.2386044735591261
g Stem
f 36/100/25 39/99/25 37/98/25 34/97/25
f 35/104/26 36/103/26 34/102/26 33/101/26
f 40/108/27 35/107/27 33/106/27 38/105/27
f 39/112/28 40/111/28 38/110/28 37/109/28
f 38/116/29 33/115/29 34/114/29 37/113/29
f 39/120/30 36/119/30 35/118/30 40/117/30
o cube
v -0.5058941921458775 1.0987570015713104 -0.8881469862146014
v 0.5857712284565886 1.0639857465099898 -0.7613015571195675
v -0.5058941921458775 1.0987570015713104 -0.8881469862146014
v 0.5857712284565886 1.0639857465099898 -0.7613015571195675
v 0.5979116168160656 0.9569347421991592 -0.8951301078312376
v -0.4937538037864002 0.9917059972604797 -1.0219755369262715
v 0.5979116168160656 0.9569347421991592 -0.8951301078312376
v -0.4937538037864002 0.9917059972604797 -1.0219755369262715
vt 0.22916666666666666 1
vt 0.020833333333333332 1
vt 0.020833333333333332 0.6666666666666667
vt 0.22916666666666666 0.6666666666666667
vt 0.22916666666666666 1
vt 0.3125 1
vt 0.3125 0.6666666666666667
vt 0.22916666666666666 0.6666666666666667
vt 0.22916666666666666 1
vt 0.020833333333333332 1
vt 0.020833333333333332 0.6666666666666667
vt 0.22916666666666666 0.6666666666666667
vt 0.22916666666666666 1
vt 0.3125 1
vt 0.3125 0.6666666666666667
vt 0.22916666666666666 0.6666666666666667
vt 0.3541666666666667 0
vt 0.5 0
vt 0.5 1
vt 0.3541666666666667 1
vt 0.23958333333333334 1
vt 0.041666666666666664 1
vt 0.041666666666666664 0.5
vt 0.23958333333333334 0.5
vn 0.9928202377336983 -0.03162288102633828 0.11536017051823798
vn -0.07066325211962397 0.6230914434767696 0.7789504206725318
vn -0.9928202377336983 0.03162288102633828 -0.11536017051823798
vn 0.07066325211962397 -0.6230914434767696 -0.7789504206725318
vn 0.0965125916462789 0.7815094666487604 -0.6163832194277263
vn -0.0965125916462789 -0.7815094666487604 0.6163832194277263
g Frond
f 44/124/31 47/123/31 45/122/31 42/121/31
f 43/128/32 44/127/32 42/126/32 41/125/32
f 48/132/33 43/131/33 41/130/33 46/129/33
f 47/136/34 48/135/34 46/134/34 45/133/34
f 46/140/35 41/139/35 42/138/35 45/137/35
f 47/144/36 44/143/36 43/142/36 48/141/36
o cube
v 0.4696031226496835 0.9926047970761668 -0.8327335095527927
v 0.17224764221655203 0.13269625452446257 -0.21534448284193117
v 0.4696031226496835 0.9926047970761668 -0.8327335095527927
v 0.17224764221655203 0.13269625452446257 -0.21534448284193117
v 0.3461566593416119 0.14969756854246846 -0.10790432497105233
v 0.6435121397747433 1.0096061110941728 -0.7252933516819138
v 0.3461566593416119 0.14969756854246846 -0.10790432497105233
v 0.6435121397747433 1.0096061110941728 -0.7252933516819138
vt 0 1
vt 0.020833333333333332 1
vt 0.020833333333333332 0.6666666666666667
vt 0 0.6666666666666667
vt 0 1
vt 0.3125 1
vt 0.3125 0.6666666666666667
vt 0 0.6666666666666667
vt 0 1
vt 0.020833333333333332 1
vt 0.020833333333333332 0.6666666666666667
vt 0 0.6666666666666667
vt 0 1
vt 0.3125 1
vt 0.3125 0.6666666666666667
vt 0 0.6666666666666667
vt 0 1
vt 0.020833333333333332 1
vt 0.020833333333333332 0.33333333333333337
vt 0 0.33333333333333337
vt 0.453125 0.5026041666666667
vt 0.546875 0.5026041666666667
vt 0.546875 0
vt 0.453125 0
vn -0.2704313365647456 -0.7820478578264983 0.5614873464939263
vn -0.847814539216993 -0.08288219580870754 -0.523775761858264
vn 0.2704313365647456 0.7820478578264983 -0.5614873464939263
vn 0.847814539216993 0.08288219580870754 0.523775761858264
vn -0.45615501673891873 0.6176825152834685 0.6406176012388393
vn 0.45615501673891873 -0.6176825152834685 -0.6406176012388393
g Stem
f 52/148/37 55/147/37 53/146/37 50/145/37
f 51/152/38 52/151/38 50/150/38 49/149/38
f 56/156/39 51/155/39 49/154/39 54/153/39
f 55/160/40 56/159/40 54/158/40 53/157/40
f 54/164/41 49/163/41 50/162/41 53/161/41
f 55/168/42 52/167/42 51/166/42 56/165/42
o cube
v -0.4790096928889255 1.0952478797391112 -0.8734303134538486
v 0.6126557277135406 1.0604766246777948 -0.746584884358813
v -0.4790096928889255 1.0952478797391112 -0.8734303134538486
v 0.6126557277135406 1.0604766246777948 -0.746584884358813
v 0.5971954633156459 0.9173892351595704 -0.6527532973282741
v -0.49446995728681997 0.9521604902208868 -0.7795987264233097
v 0.5971954633156459 0.9173892351595704 -0.6527532973282741
v -0.49446995728681997 0.9521604902208868 -0.7795987264233097
vt 0.22916666666666666 1
vt 0.020833333333333332 1
vt 0.020833333333333332 0.6666666666666667
vt 0.22916666666666666 0.6666666666666667
vt 0.22916666666666666 1
vt 0.3125 1
vt 0.3125 0.6666666666666667
vt 0.22916666666666666 0.6666666666666667
vt 0.22916666666666666 1
vt 0.020833333333333332 1
vt 0.020833333333333332 0.6666666666666667
vt 0.22916666666666666 0.6666666666666667
vt 0.22916666666666666 1
vt 0.3125 1
vt 0.3125 0.6666666666666667
vt 0.22916666666666666 0.6666666666666667
vt 0.3541666666666667 0
vt 0.5 0
vt 0.5 1
vt 0.3541666666666667 1
vt 0.23958333333333334 1
vt 0.041666666666666664 1
vt 0.041666666666666664 0.5
vt 0.23958333333333334 0.5
vn 0.9928202377336983 -0.03162288102633457 0.11536017051823945
vn 0.08998662387366381 0.8328415847399294 -0.5461476927093099
vn -0.9928202377336983 0.03162288102633457 -0.11536017051823945
vn -0.08998662387366381 -0.8328415847399294 0.5461476927093099
vn 0.0788059837209254 -0.5526073543877944 -0.8297076164567249
vn -0.0788059837209254 0.5526073543877944 0.8297076164567249
g Frond
f 60/172/43 63/171/43 61/170/43 58/169/43
f 59/176/44 60/175/44 58/174/44 57/173/44
f 64/180/45 59/179/45 57/178/45 62/177/45
f 63/184/46 64/183/46 62/182/46 61/181/46
f 62/188/47 57/187/47 58/186/47 61/185/47
f 63/192/48 60/191/48 59/190/48 64/189/48
o cube
v 0.05986566214900768 1.368608356423523 -2.1049605007288026
v 0.8934103334518227 1.2833727362229586 -1.3929419872112752
v 0.05986566214900768 1.368608356423523 -2.1049605007288026
v 0.8934103334518227 1.2833727362229586 -1.3929419872112752
v 0.8179529142744812 1.146841871818385 -1.3209497064091116
v -0.015591757028333708 1.2320774920189492 -2.032968219926639
v 0.8179529142744812 1.146841871818385 -1.3209497064091116
v -0.015591757028333708 1.2320774920189492 -2.032968219926639
vt 0.22916666666666666 1
vt 0.020833333333333332 1
vt 0.020833333333333332 0.6666666666666667
vt 0.22916666666666666 0.6666666666666667
vt 0.22916666666666666 1
vt 0.3125 1
vt 0.3125 0.6666666666666667
vt 0.22916666666666666 0.6666666666666667
vt 0.22916666666666666 1
vt 0.020833333333333332 1
vt 0.020833333333333332 0.6666666666666667
vt 0.22916666666666666 0.6666666666666667
vt 0.22916666666666666 1
vt 0.3125 1
vt 0.3125 0.6666666666666667
vt 0.22916666666666666 0.6666666666666667
vt 0.3541666666666667 0
vt 0.5 0
vt 0.5 1
vt 0.3541666666666667 1
vt 0.23958333333333334 1
vt 0.041666666666666664 1
vt 0.041666666666666664 0.5
vt 0.23958333333333334 0.5
vn 0.7580711114471377 -0.07751793462890989 0.6475485771740757
vn 0.439200664570359 0.794679264605178 -0.41903179192935763
vn -0.7580711114471377 0.07751793462890989 -0.6475485771740757
vn -0.439200664570359 -0.794679264605178 0.41903179192935763
vn 0.48211094805060883 -0.6020596616760184 -0.6364693217683799
vn -0.48211094805060883 0.6020596616760184 0.6364693217683799
g Frond
f 68/196/49 71/195/49 69/194/49 66/193/49
f 67/200/50 68/199/50 66/198/50 65/197/50
f 72/204/51 67/203/51 65/202/51 70/201/51
f 71/208/52 72/207/52 70/206/52 69/205/52
f 70/212/53 65/211/53 66/210/53 69/209/53
f 71/216/54 68/215/54 67/214/54 72/213/54
o cube
v 0.059865661520192015 1.3686083569668896 -2.1049604999276155
v 0.8934103328230071 1.283372736766323 -1.3929419864100887
v 0.059865661520192015 1.3686083569668896 -2.1049604999276155
v 0.8934103328230071 1.283372736766323 -1.3929419864100887
v 0.9693482675605113 1.1684292864675152 -1.4956007456090519
v 0.1358035962576961 1.2536649066680818 -2.2076192591265786
v 0.9693482675605113 1.1684292864675152 -1.4956007456090519
v 0.1358035962576961 1.2536649066680818 -2.2076192591265786
vt 0.22916666666666666 1
vt 0.020833333333333332 1
vt 0.020833333333333332 0.6666666666666667
vt 0.22916666666666666 0.6666666666666667
vt 0.22916666666666666 1
vt 0.3125 1
vt 0.3125 0.6666666666666667
vt 0.22916666666666666 0.6666666666666667
vt 0.22916666666666666 1
vt 0.020833333333333332 1
vt 0.020833333333333332 0.6666666666666667
vt 0.22916666666666666 0.6666666666666667
vt 0.22916666666666666 1
vt 0.3125 1
vt 0.3125 0.6666666666666667
vt 0.22916666666666666 0.6666666666666667
vt 0.3541666666666667 0
vt 0.5 0
vt 0.5 1
vt 0.3541666666666667 1
vt 0.23958333333333334 1
vt 0.041666666666666664 1
vt 0.041666666666666664 0.5
vt 0.23958333333333334 0.5
vn 0.7580711114471377 -0.07751793462891216 0.6475485771740754
vn -0.44199751020410494 0.6690295044493875 0.5975263367832244
vn -0.7580711114471377 0.07751793462891216 -0.6475485771740754
vn 0.44199751020410494 -0.6690295044493875 -0.5975263367832244
vn 0.47954811120749286 0.7391823130913475 -0.4729092059267311
vn -0.47954811120749286 -0.7391823130913475 0.4729092059267311
g Frond
f 76/220/55 79/219/55 77/218/55 74/217/55
f 75/224/56 76/223/56 74/222/56 73/221/56
f 80/228/57 75/227/57 73/226/57 78/225/57
f 79/232/58 80/231/58 78/230/58 77/229/58
f 78/236/59 73/235/59 74/234/59 77/233/59
f 79/240/60 76/239/60 75/238/60 80/237/60
o cube
v -0.18049146453702214 1.3100333836765488 -1.7727837003004687
v 0.7581925114123215 1.1835678871993518 -1.2142937137324827
v -0.18049146453702214 1.3100333836765488 -1.7727837003004687
v 0.7581925114123215 1.1835678871993518 -1.2142937137324827
v 0.8117797654328023 1.06878116624271 -1.330353191749701
v -0.12690421051654133 1.195246662719907 -1.8888431783176867
v 0.8117797654328023 1.06878116624271 -1.330353191749701
v -0.12690421051654133 1.195246662719907 -1.8888431783176867
vt 0.22916666666666666 1
vt 0.020833333333333332 1
vt 0.020833333333333332 0.6666666666666667
vt 0.22916666666666666 0.6666666666666667
vt 0.22916666666666666 1
vt 0.3125 1
vt 0.3125 0.6666666666666667
vt 0.22916666666666666 0.6666666666666667
vt 0.22916666666666666 1
vt 0.020833333333333332 1
vt 0.020833333333333332 0.6666666666666667
vt 0.22916666666666666 0.6666666666666667
vt 0.22916666666666666 1
vt 0.3125 1
vt 0.3125 0.6666666666666667
vt 0.22916666666666666 0.6666666666666667
vt 0.3541666666666667 0
vt 0.5 0
vt 0.5 1
vt 0.3541666666666667 1
vt 0.23958333333333334 1
vt 0.041666666666666664 1
vt 0.041666666666666664 0.5
vt 0.23958333333333334 0.5
vn 0.853690545262963 -0.11501463901669483 0.5079213381425166
vn -0.3119051490878865 0.6681172597425391 0.6755253549694372
vn -0.853690545262963 0.11501463901669483 -0.5079213381425166
vn 0.3119051490878865 -0.6681172597425391 -0.6755253549694372
vn 0.41704631745297627 0.7351128893210757 -0.5344917296394129
vn -0.41704631745297627 -0.7351128893210757 0.5344917296394129
g Frond
f 84/244/61 87/243/61 85/242/61 82/241/61
f 83/248/62 84/247/62 82/246/62 81/245/62
f 88/252/63 83/251/63 81/250/63 86/249/63
f 87/256/64 88/255/64 86/254/64 85/253/64
f 86/260/65 81/259/65 82/258/65 85/257/65
f 87/264/66 84/263/66 83/262/66 88/261/66
o cube
v -0.16847620071878944 1.3097858595432796 -1.7664529640867932
v 0.7702077752305544 1.1833203630660842 -1.2079629775188063
v -0.16847620071878944 1.3097858595432796 -1.7664529640867932
v 0.7702077752305544 1.1833203630660842 -1.2079629775188063
v 0.7034997025892448 1.0474996504752634 -1.1265986449469352
v -0.23518427336009906 1.1739651469524588 -1.685088631514922
v 0.7034997025892448 1.0474996504752634 -1.1265986449469352
v -0.23518427336009906 1.1739651469524588 -1.685088631514922
vt 0.22916666666666666 1
vt 0.020833333333333332 1
vt 0.020833333333333332 0.6666666666666667
vt 0.22916666666666666 0.6666666666666667
vt 0.22916666666666666 1
vt 0.3125 1
vt 0.3125 0.6666666666666667
vt 0.22916666666666666 0.6666666666666667
vt 0.22916666666666666 1
vt 0.020833333333333332 1
vt 0.020833333333333332 0.6666666666666667
vt 0.22916666666666666 0.6666666666666667
vt 0.22916666666666666 1
vt 0.3125 1
vt 0.3125 0.6666666666666667
vt 0.22916666666666666 0.6666666666666667
vt 0.3541666666666667 0
vt 0.5 0
vt 0.5 1
vt 0.3541666666666667 1
vt 0.23958333333333334 1
vt 0.041666666666666664 1
vt 0.041666666666666664 0.5
vt 0.23958333333333334 0.5
vn 0.8536905452629627 -0.11501463901669343 0.5079213381425173
vn 0.38827500536976656 0.7905458188559527 -0.4735819131834315
vn -0.8536905452629627 0.11501463901669343 -0.5079213381425173
vn -0.38827500536976656 -0.7905458188559527 0.4735819131834315
vn 0.3470662373866601 -0.6015055619869457 -0.7195388007363015
vn -0.3470662373866601 0.6015055619869457 0.7195388007363015
g Frond
f 92/268/67 95/267/67 93/266/67 90/265/67
f 91/272/68 92/271/68 90/270/68 89/269/68
f 96/276/69 91/275/69 89/274/69 94/273/69
f 95/280/70 96/279/70 94/278/70 93/277/70
f 94/284/71 89/283/71 90/282/71 93/281/71
f 95/288/72 92/287/72 91/286/72 96/285/72
o cube
v -0.41095099416637926 1.1615303332097606 -1.343924718722189
v 0.6399901508269993 1.1117144698139294 -1.024435621703001
v -0.41095099416637926 1.1615303332097606 -1.343924718722189
v 0.6399901508269993 1.1117144698139294 -1.024435621703001
v 0.6743276456757996 1.0043844431101512 -1.1541221258363812
v -0.3766134993175789 1.0542003065059824 -1.4736112228555691
v 0.6743276456757996 1.0043844431101512 -1.1541221258363812
v -0.3766134993175789 1.0542003065059824 -1.4736112228555691
vt 0.22916666666666666 1
vt 0.020833333333333332 1
vt 0.020833333333333332 0.6666666666666667
vt 0.22916666666666666 0.6666666666666667
vt 0.22916666666666666 1
vt 0.3125 1
vt 0.3125 0.6666666666666667
vt 0.22916666666666666 0.6666666666666667
vt 0.22916666666666666 1
vt 0.020833333333333332 1
vt 0.020833333333333332 0.6666666666666667
vt 0.22916666666666666 0.6666666666666667
vt 0.22916666666666666 1
vt 0.3125 1
vt 0.3125 0.6666666666666667
vt 0.22916666666666666 0.6666666666666667
vt 0.3541666666666667 0
vt 0.5 0
vt 0.5 1
vt 0.3541666666666667 1
vt 0.23958333333333334 1
vt 0.041666666666666664 1
vt 0.041666666666666664 0.5
vt 0.23958333333333334 0.5
vn 0.9557833542447687 -0.04530527064992474 0.29056085799700565
vn -0.19986173290436415 0.6247154961113376 0.7548415970512159
vn -0.9557833542447687 0.04530527064992474 -0.29056085799700565
vn 0.19986173290436415 -0.6247154961113376 -0.7548415970512159
vn 0.21571617340636215 0.7795370301465496 -0.5880378824201836
vn -0.21571617340636215 -0.7795370301465496 0.5880378824201836
g Frond
f 100/292/73 103/291/73 101/290/73 98/289/73
f 99/296/74 100/295/74 98/294/74 97/293/74
f 104/300/75 99/299/75 97/298/75 102/297/75
f 103/304/76 104/303/76 102/302/76 101/301/76
f 102/308/77 97/307/77 98/306/77 101/305/77
f 103/312/78 100/311/78 99/310/78 104/309/78
o cube
v -0.39392990484965107 1.1581280274745076 -1.3308275880354994
v 0.6570112401437271 1.1083121640786793 -1.0113384910163103
v -0.39392990484965107 1.1581280274745076 -1.3308275880354994
v 0.6570112401437271 1.1083121640786793 -1.0113384910163103
v 0.6230835929600502 0.9655380435463765 -0.9219972754331892
v -0.427857552033328 1.0153539069422048 -1.2414863724523781
v 0.6230835929600502 0.9655380435463765 -0.9219972754331892
v -0.427857552033328 1.0153539069422048 -1.2414863724523781
vt 0.22916666666666666 1
vt 0.020833333333333332 1
vt 0.020833333333333332 0.6666666666666667
vt 0.22916666666666666 0.6666666666666667
vt 0.22916666666666666 1
vt 0.3125 1
vt 0.3125 0.6666666666666667
vt 0.22916666666666666 0.6666666666666667
vt 0.22916666666666666 1
vt 0.020833333333333332 1
vt 0.020833333333333332 0.6666666666666667
vt 0.22916666666666666 0.6666666666666667
vt 0.22916666666666666 1
vt 0.3125 1
vt 0.3125 0.6666666666666667
vt 0.22916666666666666 0.6666666666666667
vt 0.3541666666666667 0
vt 0.5 0
vt 0.5 1
vt 0.3541666666666667 1
vt 0.23958333333333334 1
vt 0.041666666666666664 1
vt 0.041666666666666664 0.5
vt 0.23958333333333334 0.5
vn 0.9557833542447687 -0.045305270649921965 0.29056085799700654
vn 0.19747621046194203 0.8310181994677333 -0.5200114406962577
vn -0.9557833542447687 0.045305270649921965 -0.29056085799700654
vn -0.19747621046194203 -0.8310181994677333 0.5200114406962577
vn 0.2179021019866724 -0.5543971361801434 -0.8032200752876173
vn -0.2179021019866724 0.5543971361801434 0.8032200752876173
g Frond
f 108/316/79 111/315/79 109/314/79 106/313/79
f 107/320/80 108/319/80 106/318/80 105/317/80
f 112/324/81 107/323/81 105/322/81 110/321/81
f 111/328/82 112/327/82 110/326/82 109/325/82
f 110/332/83 105/331/83 106/330/83 109/329/83
f 111/336/84 108/335/84 107/334/84 112/333/84
o cube
v 0.47934426574307964 1.3661172915831672 -2.592582430056697
v 1.0293741058103385 1.3595385179149277 -1.640502555060587
v 0.47934426574307964 1.3661172915831672 -2.592582430056697
v 1.0293741058103385 1.3595385179149277 -1.640502555060587
v 1.1415941633078532 1.2472009739046597 -1.7061098903216554
v 0.5915643232405943 1.2537797475728991 -2.6581897653177657
v 1.1415941633078532 1.2472009739046597 -1.7061098903216554
v 0.5915643232405943 1.2537797475728991 -2.6581897653177657
vt 0.22916666666666666 1
vt 0.020833333333333332 1
vt 0.020833333333333332 0.6666666666666667
vt 0.22916666666666666 0.6666666666666667
vt 0.22916666666666666 1
vt 0.3125 1
vt 0.3125 0.6666666666666667
vt 0.22916666666666666 0.6666666666666667
vt 0.22916666666666666 1
vt 0.020833333333333332 1
vt 0.020833333333333332 0.6666666666666667
vt 0.22916666666666666 0.6666666666666667
vt 0.22916666666666666 1
vt 0.3125 1
vt 0.3125 0.6666666666666667
vt 0.22916666666666666 0.6666666666666667
vt 0.3541666666666667 0
vt 0.5 0
vt 0.5 1
vt 0.3541666666666667 1
vt 0.23958333333333334 1
vt 0.041666666666666664 1
vt 0.041666666666666664 0.5
vt 0.23958333333333334 0.5
vn 0.50022721822116 -0.005983096573392493 0.8658735084907689
vn -0.6531779693550982 0.653861800780052 0.3818681524162732
vn -0.50022721822116 0.005983096573392493 -0.8658735084907689
vn 0.6531779693550982 -0.653861800780052 -0.3818681524162732
vn 0.5684463655437251 0.756590343604821 -0.3231714428350197
vn -0.5684463655437251 -0.756590343604821 0.3231714428350197
g Frond
f 116/340/85 119/339/85 117/338/85 114/337/85
f 115/344/86 116/343/86 114/342/86 113/341/86
f 120/348/87 115/347/87 113/346/87 118/345/87
f 119/352/88 120/351/88 118/350/88 117/349/88
f 118/356/89 113/355/89 114/354/89 117/353/89
f 119/360/90 116/359/90 115/358/90 120/357/90
o cube
v 0.45938476543744844 1.365082986572558 -2.610829803494913
v 1.0094146055047084 1.3585042129043234 -1.6587499284988032
v 0.45938476543744844 1.365082986572558 -2.610829803494913
v 1.0094146055047084 1.3585042129043234 -1.6587499284988032
v 0.9219042254011235 1.219221040684526 -1.6091563921298457
v 0.3718743853338635 1.2257998143527606 -2.561236267125955
v 0.9219042254011235 1.219221040684526 -1.6091563921298457
v 0.3718743853338635 1.2257998143527606 -2.561236267125955
vt 0.22916666666666666 1
vt 0.020833333333333332 1
vt 0.020833333333333332 0.6666666666666667
vt 0.22916666666666666 0.6666666666666667
vt 0.22916666666666666 1
vt 0.3125 1
vt 0.3125 0.6666666666666667
vt 0.22916666666666666 0.6666666666666667
vt 0.22916666666666666 1
vt 0.020833333333333332 1
vt 0.020833333333333332 0.6666666666666667
vt 0.22916666666666666 0.6666666666666667
vt 0.22916666666666666 1
vt 0.3125 1
vt 0.3125 0.6666666666666667
vt 0.22916666666666666 0.6666666666666667
vt 0.3541666666666667 0
vt 0.5 0
vt 0.5 1
vt 0.3541666666666667 1
vt 0.23958333333333334 1
vt 0.041666666666666664 1
vt 0.041666666666666664 0.5
vt 0.23958333333333334 0.5
vn 0.5002272182211608 -0.005983096573388026 0.8658735084907684
vn 0.5093550444386303 0.81069909982784 -0.28865967547139476
vn -0.5002272182211608 0.005983096573388026 -0.8658735084907684
vn -0.5093550444386303 -0.81069909982784 0.28865967547139476
vn 0.7002357951830511 -0.585432465869227 -0.40858127594229826
vn -0.7002357951830511 0.585432465869227 0.40858127594229826
g Frond
f 124/364/91 127/363/91 125/362/91 122/361/91
f 123/368/92 124/367/92 122/366/92 121/365/92
f 128/372/93 123/371/93 121/370/93 126/369/93
f 127/376/94 128/375/94 126/374/94 125/373/94
f 126/380/95 121/379/95 122/378/95 125/377/95
f 127/384/96 124/383/96 123/382/96 128/381/96
o cube
v 0.9461740593929773 1.343393675900992 -2.987124262246402
v 1.190972654282179 1.3953526742456317 -1.9164207066198715
v 0.9461740593929773 1.343393675900992 -2.987124262246402
v 1.190972654282179 1.3953526742456317 -1.9164207066198715
v 1.3229704917997458 1.2882552274736154 -1.9414026065609054
v 1.0781718969105443 1.2362962291289759 -3.012106162187436
v 1.3229704917997458 1.2882552274736154 -1.9414026065609054
v 1.0781718969105443 1.2362962291289759 -3.012106162187436
vt 0.22916666666666666 1
vt 0.020833333333333332 1
vt 0.020833333333333332 0.6666666666666667
vt 0.22916666666666666 0.6666666666666667
vt 0.22916666666666666 1
vt 0.3125 1
vt 0.3125 0.6666666666666667
vt 0.22916666666666666 0.6666666666666667
vt 0.22916666666666666 1
vt 0.020833333333333332 1
vt 0.020833333333333332 0.6666666666666667
vt 0.22916666666666666 0.6666666666666667
vt 0.22916666666666666 1
vt 0.3125 1
vt 0.3125 0.6666666666666667
vt 0.22916666666666666 0.6666666666666667
vt 0.3541666666666667 0
vt 0.5 0
vt 0.5 1
vt 0.3541666666666667 1
vt 0.23958333333333334 1
vt 0.041666666666666664 1
vt 0.041666666666666664 0.5
vt 0.23958333333333334 0.5
vn 0.2226332304641869 0.047254354782494415 0.9737563712999112
vn -0.7682947361784945 0.6233617622875535 0.14540739898015234
vn -0.2226332304641869 -0.047254354782494415 -0.9737563712999112
vn 0.7682947361784945 -0.6233617622875535 -0.14540739898015234
vn 0.6001313548328379 0.7805044133583399 -0.17508631492682816
vn -0.6001313548328379 -0.7805044133583399 0.17508631492682816
g Frond
f 132/388/97 135/387/97 133/386/97 130/385/97
f 131/392/98 132/391/98 130/390/98 129/389/98
f 136/396/99 131/395/99 129/394/99 134/393/99
f 135/400/100 136/399/100 134/398/100 133/397/100
f 134/404/101 129/403/101 130/402/101 133/401/101
f 135/408/102 132/407/102 131/406/102 136/405/102
o cube
v 0.9325521455731475 1.340673518239578 -3.0103505896117295
v 1.1773507404623484 1.3926325165842242 -1.9396470339851992
v 0.9325521455731475 1.340673518239578 -3.0103505896117295
v 1.1773507404623484 1.3926325165842242 -1.9396470339851992
v 1.0861411431180712 1.2497130966973125 -1.911857893830341
v 0.8413425482288702 1.1977540983526662 -2.9825614494568713
v 1.0861411431180712 1.2497130966973125 -1.911857893830341
v 0.8413425482288702 1.1977540983526662 -2.9825614494568713
vt 0.22916666666666666 1
vt 0.020833333333333332 1
vt 0.020833333333333332 0.6666666666666667
vt 0.22916666666666666 0.6666666666666667
vt 0.22916666666666666 1
vt 0.3125 1
vt 0.3125 0.6666666666666667
vt 0.22916666666666666 0.6666666666666667
vt 0.22916666666666666 1
vt 0.020833333333333332 1
vt 0.020833333333333332 0.6666666666666667
vt 0.22916666666666666 0.6666666666666667
vt 0.22916666666666666 1
vt 0.3125 1
vt 0.3125 0.6666666666666667
vt 0.22916666666666666 0.6666666666666667
vt 0.3541666666666667 0
vt 0.5 0
vt 0.5 1
vt 0.3541666666666667 1
vt 0.23958333333333334 1
vt 0.041666666666666664 1
vt 0.041666666666666664 0.5
vt 0.23958333333333334 0.5
vn 0.22263323046418612 0.047254354782500355 0.9737563712999111
vn 0.5308863754623392 0.8318639158174443 -0.16174696877941308
vn -0.22263323046418612 -0.047254354782500355 -0.9737563712999111
vn -0.5308863754623392 -0.8318639158174443 0.16174696877941308
vn 0.8176760367294252 -0.5529642407199203 -0.16011385774973247
vn -0.8176760367294252 0.5529642407199203 0.16011385774973247
g Frond
f 140/412/103 143/411/103 141/410/103 138/409/103
f 139/416/104 140/415/104 138/414/104 137/413/104
f 144/420/105 139/419/105 137/418/105 142/417/105
f 143/424/106 144/423/106 142/422/106 141/421/106
f 142/428/107 137/427/107 138/426/107 141/425/107
f 143/432/108 140/431/108 139/430/108 144/429/108
o cube
v 1.3107426549168986 1.346485152751196 -3.308746863381789
v 1.415651181871434 1.4191138795634708 -2.2166152492372944
v 1.3107426549168986 1.346485152751196 -3.308746863381789
v 1.415651181871434 1.4191138795634708 -2.2166152492372944
v 1.5521708185399699 1.3149915195461608 -2.2228047958587545
v 1.4472622915854345 1.242362792733886 -3.314936410003249
v 1.5521708185399699 1.3149915195461608 -2.2228047958587545
v 1.4472622915854345 1.242362792733886 -3.314936410003249
vt 0.22916666666666666 1
vt 0.020833333333333332 1
vt 0.020833333333333332 0.6666666666666667
vt 0.22916666666666666 0.6666666666666667
vt 0.22916666666666666 1
vt 0.3125 1
vt 0.3125 0.6666666666666667
vt 0.22916666666666666 0.6666666666666667
vt 0.22916666666666666 1
vt 0.020833333333333332 1
vt 0.020833333333333332 0.6666666666666667
vt 0.22916666666666666 0.6666666666666667
vt 0.22916666666666666 1
vt 0.3125 1
vt 0.3125 0.6666666666666667
vt 0.22916666666666666 0.6666666666666667
vt 0.3541666666666667 0
vt 0.5 0
vt 0.5 1
vt 0.3541666666666667 1
vt 0.23958333333333334 1
vt 0.041666666666666664 1
vt 0.041666666666666664 0.5
vt 0.23958333333333334 0.5
vn 0.09540955196127096 0.06605253629840546 0.9932442196373948
vn -0.794613913455044 0.6060452400148999 0.03602631814302562
vn -0.09540955196127096 -0.06605253629840546 -0.9932442196373948
vn 0.794613913455044 -0.6060452400148999 -0.03602631814302562
vn 0.5995713017967166 0.7926829312555119 -0.11030876917978999
vn -0.5995713017967166 -0.7926829312555119 0.11030876917978999
g Frond
f 148/436/109 151/435/109 149/434/109 146/433/109
f 147/440/110 148/439/110 146/438/110 145/437/110
f 152/444/111 147/443/111 145/442/111 150/441/111
f 151/448/112 152/447/112 150/446/112 149/445/112
f 150/452/113 145/451/113 146/450/113 149/449/113
f 151/456/114 148/455/114 147/454/114 152/453/114
o cube
v 1.3002618727965747 1.3431111426317135 -3.333469066733416
v 1.4051703997511134 1.415739869443993 -2.2413374525889225
v 1.3002618727965747 1.3431111426317135 -3.333469066733416
v 1.4051703997511134 1.415739869443993 -2.2413374525889225
v 1.3144507576338527 1.2709953619687433 -2.2229972882241604
v 1.209542230679314 1.1983666351564637 -3.315128902368654
v 1.3144507576338527 1.2709953619687433 -2.2229972882241604
v 1.209542230679314 1.1983666351564637 -3.315128902368654
vt 0.22916666666666666 1
vt 0.020833333333333332 1
vt 0.020833333333333332 0.6666666666666667
vt 0.22916666666666666 0.6666666666666667
vt 0.22916666666666666 1
vt 0.3125 1
vt 0.3125 0.6666666666666667
vt 0.22916666666666666 0.6666666666666667
vt 0.22916666666666666 1
vt 0.020833333333333332 1
vt 0.020833333333333332 0.6666666666666667
vt 0.22916666666666666 0.6666666666666667
vt 0.22916666666666666 1
vt 0.3125 1
vt 0.3125 0.6666666666666667
vt 0.22916666666666666 0.6666666666666667
vt 0.3541666666666667 0
vt 0.5 0
vt 0.5 1
vt 0.3541666666666667 1
vt 0.23958333333333334 1
vt 0.041666666666666664 1
vt 0.041666666666666664 0.5
vt 0.23958333333333334 0.5
vn 0.09540955196127396 0.0660525362984099 0.9932442196373943
vn 0.5280345861530643 0.8424868564167407 -0.10674911049371986
vn -0.09540955196127396 -0.0660525362984099 -0.9932442196373943
vn -0.5280345861530643 -0.8424868564167407 0.10674911049371986
vn 0.8438462497521163 -0.5346521852696251 -0.045503269835292424
vn -0.8438462497521163 0.5346521852696251 0.045503269835292424
g Frond
f 156/460/115 159/459/115 157/458/115 154/457/115
f 155/464/116 156/463/116 154/462/116 153/461/116
f 160/468/117 155/467/117 153/466/117 158/465/117
f 159/472/118 160/471/118 158/470/118 157/469/118
f 158/476/119 153/475/119 154/474/119 157/473/119
f 159/480/120 156/479/120 155/478/120 160/477/120
o cube
v 1.729013598558338 1.3415783625790811 -3.524851898507258
v 1.5038285155107771 1.4495429743091817 -2.4540262756410356
v 1.729013598558338 1.3415783625790811 -3.524851898507258
v 1.5038285155107771 1.4495429743091817 -2.4540262756410356
v 1.6411065791477708 1.3536921736671876 -2.4154938892702327
v 1.8662916621953318 1.2457275619370871 -3.486319512136455
v 1.6411065791477708 1.3536921736671876 -2.4154938892702327
v 1.8662916621953318 1.2457275619370871 -3.486319512136455
vt 0.22916666666666666 1
vt 0.020833333333333332 1
vt 0.020833333333333332 0.6666666666666667
vt 0.22916666666666666 0.6666666666666667
vt 0.22916666666666666 1
vt 0.3125 1
vt 0.3125 0.6666666666666667
vt 0.22916666666666666 0.6666666666666667
vt 0.22916666666666666 1
vt 0.020833333333333332 1
vt 0.020833333333333332 0.6666666666666667
vt 0.22916666666666666 0.6666666666666667
vt 0.22916666666666666 1
vt 0.3125 1
vt 0.3125 0.6666666666666667
vt 0.22916666666666666 0.6666666666666667
vt 0.3541666666666667 0
vt 0.5 0
vt 0.5 1
vt 0.3541666666666667 1
vt 0.23958333333333334 1
vt 0.041666666666666664 1
vt 0.041666666666666664 0.5
vt 0.23958333333333334 0.5
vn -0.20479563011346422 0.09818892259640269 0.9738673859236622
vn -0.7990283452260526 0.5579005457717272 -0.2242781410501819
vn 0.20479563011346422 -0.09818892259640269 -0.9738673859236622
vn 0.7990283452260526 -0.5579005457717272 0.2242781410501819
vn 0.5653427751477375 0.8240788290612536 0.03579986147023379
vn -0.5653427751477375 -0.8240788290612536 -0.03579986147023379
g Frond
f 164/484/121 167/483/121 165/482/121 162/481/121
f 163/488/122 164/487/122 162/486/122 161/485/122
f 168/492/123 163/491/123 161/490/123 166/489/123
f 167/496/124 168/495/124 166/494/124 165/493/124
f 166/500/125 161/499/125 162/498/125 165/497/125
f 167/504/126 164/503/126 163/502/126 168/501/126
o cube
v 1.726460996432674 1.3369206682135684 -3.5513888196226606
v 1.5012759133851235 1.4448852799436744 -2.4805631967564366
v 1.726460996432674 1.3369206682135684 -3.5513888196226606
v 1.5012759133851235 1.4448852799436744 -2.4805631967564366
v 1.4164806695971404 1.295488200744205 -2.4833321129102313
v 1.6416657526446907 1.187523589014099 -3.5541577357764553
v 1.4164806695971404 1.295488200744205 -2.4833321129102313
v 1.6416657526446907 1.187523589014099 -3.5541577357764553
vt 0.22916666666666666 1
vt 0.020833333333333332 1
vt 0.020833333333333332 0.6666666666666667
vt 0.22916666666666666 0.6666666666666667
vt 0.22916666666666666 1
vt 0.3125 1
vt 0.3125 0.6666666666666667
vt 0.22916666666666666 0.6666666666666667
vt 0.22916666666666666 1
vt 0.020833333333333332 1
vt 0.020833333333333332 0.6666666666666667
vt 0.22916666666666666 0.6666666666666667
vt 0.22916666666666666 1
vt 0.3125 1
vt 0.3125 0.6666666666666667
vt 0.22916666666666666 0.6666666666666667
vt 0.3541666666666667 0
vt 0.5 0
vt 0.5 1
vt 0.3541666666666667 1
vt 0.23958333333333334 1
vt 0.041666666666666664 1
vt 0.041666666666666664 0.5
vt 0.23958333333333334 0.5
vn -0.2047956301134554 0.09818892259640756 0.9738673859236635
vn 0.49355156630205643 0.8695671967665249 0.01611650422376819
vn 0.2047956301134554 -0.09818892259640756 -0.9738673859236635
vn -0.49355156630205643 -0.8695671967665249 -0.01611650422376819
vn 0.8452606706142309 -0.4839543633308465 0.2265448585287594
vn -0.8452606706142309 0.4839543633308465 -0.2265448585287594
g Frond
f 172/508/127 175/507/127 173/506/127 170/505/127
f 171/512/128 172/511/128 170/510/128 169/509/128
f 176/516/129 171/515/129 169/514/129 174/513/129
f 175/520/130 176/519/130 174/518/130 173/517/130
f 174/524/131 169/523/131 170/522/131 173/521/131
f 175/528/132 172/527/132 171/526/132 176/525/132
o cube
v 1.5651675101831974 1.3853001452428502 -2.6682191107352176
v 0.9898063257442736 1.3528428771224073 -1.7317693113400794
v 1.5651675101831974 1.3853001452428502 -2.6682191107352176
v 0.9898063257442736 1.3528428771224073 -1.7317693113400794
v 1.1637153428693339 1.3698441911404127 -1.624329153469201
v 1.7390765273082576 1.4023014592608556 -2.5607789528643394
v 1.1637153428693339 1.3698441911404127 -1.624329153469201
v 1.7390765273082576 1.4023014592608556 -2.5607789528643394
vt 0 1
vt 0.020833333333333332 1
vt 0.020833333333333332 0.6666666666666667
vt 0 0.6666666666666667
vt 0 1
vt 0.3125 1
vt 0.3125 0.6666666666666667
vt 0 0.6666666666666667
vt 0 1
vt 0.020833333333333332 1
vt 0.020833333333333332 0.6666666666666667
vt 0 0.6666666666666667
vt 0 1
vt 0.3125 1
vt 0.3125 0.6666666666666667
vt 0 0.6666666666666667
vt 0 1
vt 0.020833333333333332 1
vt 0.020833333333333332 0.33333333333333337
vt 0 0.33333333333333337
vt 0.4479166666666667 1
vt 0.5520833333333334 1
vt 0.5520833333333334 0.16927083333333337
vt 0.4479166666666667 0.16927083333333337
vn -0.5232649281884793 -0.029518414748120045 0.8516586629152926
vn -0.8478145392169948 -0.08288219580870526 -0.5237757618582615
vn 0.5232649281884793 0.029518414748120045 -0.8516586629152926
vn 0.8478145392169948 0.08288219580870526 0.5237757618582615
vn -0.08604837023547006 0.9961220832853198 -0.018343205039851988
vn 0.08604837023547006 -0.9961220832853198 0.018343205039851988
g Stem
f 180/532/133 183/531/133 181/530/133 178/529/133
f 179/536/134 180/535/134 178/534/134 177/533/134
