# Made in Blockbench 4.12.3

o cube
v 0.390625 0.13718297616292563 -0.23421918621878923
v 0.390625 0.13718297616292563 -0.23421918621878923
v 0.390625 0.35368932710903533 -0.10921918621878923
v 0.390625 0.35368932710903533 -0.10921918621878923
v 0.140625 0.13718297616292563 -0.23421918621878923
v 0.140625 0.13718297616292563 -0.23421918621878923
v 0.140625 0.35368932710903533 -0.10921918621878923
v 0.140625 0.35368932710903533 -0.10921918621878923
vt 0.09375 0
vt 0.8125 0
vt 0.8125 0.75
vt 0.09375 0.75
vt 0.09375 0.75
vt 0.09375 0.75
vt 0.09375 0.6875
vt 0.09375 0.6875
vt 0.09375 0.6875
vt 0.09375 0.6875
vt 0.09375 1
vt 0.09375 1
vt 0.09375 0.75
vt 0.09375 0.75
vt 0.09375 0.6875
vt 0.09375 0.6875
vt 0.09375 0.6875
vt 0.09375 0.6875
vt 0.09375 1
vt 0.09375 1
vt 0.09375 0.6875
vt 0.09375 0.6875
vt 0.09375 1
vt 0.09375 1
vn 0 -0.49999999999999994 0.8660254037844388
vn 1 0 0
vn 0 0.49999999999999994 -0.8660254037844388
vn -1 0 0
vn 0 -0.8660254037844388 -0.49999999999999994
vn 0 0.8660254037844388 0.49999999999999994
g Flower
f 4/4/1 7/3/1 5/2/1 2/1/1
f 3/8/2 4/7/2 2/6/2 1/5/2
f 8/12/3 3/11/3 1/10/3 6/9/3
f 7/16/4 8/15/4 6/14/4 5/13/4
f 6/20/5 1/19/5 2/18/5 5/17/5
f 7/24/6 4/23/6 3/22/6 8/21/6
o cube
v -0.16160416428402632 0.13718297616292557 -0.2518498381064368
v -0.16160416428402632 0.13718297616292557 -0.2518498381064368
v -0.1991923892220604 0.35368932710903533 -0.13263521926290853
v -0.1991923892220604 0.35368932710903533 -0.13263521926290853
v -0.4000334019710831 0.13718297616292557 -0.327026287982505
v -0.4000334019710831 0.13718297616292557 -0.327026287982505
v -0.43762162690911716 0.35368932710903533 -0.2078116691389767
v -0.43762162690911716 0.35368932710903533 -0.2078116691389767
vt 0.09375 0
vt 0.8125 0
vt 0.8125 0.75
vt 0.09375 0.75
vt 0.09375 0.75
vt 0.09375 0.75
vt 0.09375 0.6875
vt 0.09375 0.6875
vt 0.09375 0.6875
vt 0.09375 0.6875
vt 0.09375 1
vt 0.09375 1
vt 0.09375 0.75
vt 0.09375 0.75
vt 0.09375 0.6875
vt 0.09375 0.6875
vt 0.09375 0.6875
vt 0.09375 0.6875
vt 0.09375 1
vt 0.09375 1
vt 0.09375 0.6875
vt 0.09375 0.6875
vt 0.09375 1
vt 0.09375 1
vn -0.26041886143601023 -0.49999999999999967 0.8259431073677971
vn 0.953716950748227 0 0.3007057995042727
vn 0.26041886143601023 0.49999999999999967 -0.8259431073677971
vn -0.953716950748227 0 -0.3007057995042727
vn 0.15035289975213625 -0.8660254037844388 -0.4768584753741132
vn -0.15035289975213625 0.8660254037844388 0.4768584753741132
g Flower
f 12/28/7 15/27/7 13/26/7 10/25/7
f 11/32/8 12/31/8 10/30/8 9/29/8
f 16/36/9 11/35/9 9/34/9 14/33/9
f 15/40/10 16/39/10 14/38/10 13/37/10
f 14/44/11 9/43/11 10/42/11 13/41/11
f 15/48/12 12/47/12 11/46/12 16/45/12
o cube
v -0.21848279643426133 0.13718297616292563 0.18822032245483689
v -0.21848279643426133 0.13718297616292563 0.18822032245483689
v -0.196776774225895 0.35368932710903533 0.3113212915813628
v -0.196776774225895 0.35368932710903533 0.3113212915813628
v -0.4646847346873133 0.13718297616292563 0.23163236687156946
v -0.4646847346873133 0.13718297616292563 0.23163236687156946
v -0.44297871247894705 0.35368932710903533 0.3547333359980954
v -0.44297871247894705 0.35368932710903533 0.3547333359980954
vt 0.09375 0
vt 0.8125 0
vt 0.8125 0.75
vt 0.09375 0.75
vt 0.09375 0.75
vt 0.09375 0.75
vt 0.09375 0.6875
vt 0.09375 0.6875
vt 0.09375 0.6875
vt 0.09375 0.6875
vt 0.09375 1
vt 0.09375 1
vt 0.09375 0.75
vt 0.09375 0.75
vt 0.09375 0.6875
vt 0.09375 0.6875
vt 0.09375 0.6875
vt 0.09375 0.6875
vt 0.09375 1
vt 0.09375 1
vt 0.09375 0.6875
vt 0.09375 0.6875
vt 0.09375 1
vt 0.09375 1
vn 0.1503837331804354 -0.49999999999999956 0.8528685319524434
vn 0.9848077530122081 0 -0.17364817766693044
vn -0.1503837331804354 0.49999999999999956 -0.8528685319524434
vn -0.9848077530122081 0 0.17364817766693044
vn -0.08682408883346511 -0.866025403784439 -0.4924038765061037
vn 0.08682408883346511 0.866025403784439 0.4924038765061037
g Flower
f 20/52/13 23/51/13 21/50/13 18/49/13
f 19/56/14 20/55/14 18/54/14 17/53/14
f 24/60/15 19/59/15 17/58/15 22/57/15
f 23/64/16 24/63/16 22/62/16 21/61/16
f 22/68/17 17/67/17 18/66/17 21/65/17
f 23/72/18 20/71/18 19/70/18 24/69/18
o cube
v 0.2452297472602009 0.13718297616292568 0.24487076825200355
v 0.2452297472602009 0.13718297616292568 0.24487076825200355
v 0.282817972198235 0.35368932710903533 0.36408538709553184
v 0.282817972198235 0.35368932710903533 0.36408538709553184
v 0.006800509573144126 0.13718297616292568 0.32004721812807185
v 0.006800509573144126 0.13718297616292568 0.32004721812807185
v 0.04438873451117825 0.35368932710903533 0.4392618369716001
v 0.04438873451117825 0.35368932710903533 0.4392618369716001
vt 0.09375 0
vt 0.8125 0
vt 0.8125 0.75
vt 0.09375 0.75
vt 0.09375 0.75
vt 0.09375 0.75
vt 0.09375 0.6875
vt 0.09375 0.6875
vt 0.09375 0.6875
vt 0.09375 0.6875
vt 0.09375 1
vt 0.09375 1
vt 0.09375 0.75
vt 0.09375 0.75
vt 0.09375 0.6875
vt 0.09375 0.6875
vt 0.09375 0.6875
vt 0.09375 0.6875
vt 0.09375 1
vt 0.09375 1
vt 0.09375 0.6875
vt 0.09375 0.6875
vt 0.09375 1
vt 0.09375 1
vn 0.2604188614360107 -0.49999999999999967 0.8259431073677969
vn 0.953716950748227 0 -0.3007057995042733
vn -0.2604188614360107 0.49999999999999967 -0.8259431073677969
vn -0.953716950748227 0 0.3007057995042733
vn -0.15035289975213645 -0.8660254037844388 -0.4768584753741131
vn 0.15035289975213645 0.8660254037844388 0.4768584753741131
g Flower
f 28/76/19 31/75/19 29/74/19 26/73/19
f 27/80/20 28/79/20 26/78/20 25/77/20
f 32/84/21 27/83/21 25/82/21 30/81/21
f 31/88/22 32/87/22 30/86/22 29/85/22
f 30/92/23 25/91/23 26/90/23 29/89/23
f 31/96/24 28/95/24 27/94/24 32/93/24
o cube
v 0.15089583571597381 0.13718297616292574 -0.0018498381064366576
v 0.15089583571597381 0.13718297616292574 -0.0018498381064366576
v 0.11330761077793966 0.35368932710903533 0.11736478073709158
v 0.11330761077793966 0.35368932710903533 0.11736478073709158
v -0.08753340197108289 0.13718297616292574 -0.07702628798250499
v -0.08753340197108289 0.13718297616292574 -0.07702628798250499
v -0.12512162690911705 0.35368932710903533 0.04218833086102325
v -0.12512162690911705 0.35368932710903533 0.04218833086102325
vt 0.09375 0
vt 0.8125 0
vt 0.8125 0.75
vt 0.09375 0.75
vt 0.09375 0.75
vt 0.09375 0.75
vt 0.09375 0.6875
vt 0.09375 0.6875
vt 0.09375 0.6875
vt 0.09375 0.6875
vt 0.09375 1
vt 0.09375 1
vt 0.09375 0.75
vt 0.09375 0.75
vt 0.09375 0.6875
vt 0.09375 0.6875
vt 0.09375 0.6875
vt 0.09375 0.6875
vt 0.09375 1
vt 0.09375 1
vt 0.09375 0.6875
vt 0.09375 0.6875
vt 0.09375 1
vt 0.09375 1
vn -0.26041886143601084 -0.4999999999999997 0.825943107367797
vn 0.9537169507482268 0 0.3007057995042734
vn 0.26041886143601084 0.4999999999999997 -0.825943107367797
vn -0.9537169507482268 0 -0.3007057995042734
vn 0.15035289975213662 -0.8660254037844389 -0.4768584753741132
vn -0.15035289975213662 0.8660254037844389 0.4768584753741132
g Flower
f 36/100/25 39/99/25 37/98/25 34/97/25
f 35/104/26 36/103/26 34/102/26 33/101/26
f 40/108/27 35/107/27 33/106/27 38/105/27
f 39/112/28 40/111/28 38/110/28 37/109/28
f 38/116/29 33/115/29 34/114/29 37/113/29
f 39/120/30 36/119/30 35/118/30 40/117/30
o cube
v 0.1302328806768088 0.039832823145024954 0.4719747754180874
v 0.1302328806768088 0.039832823145024954 0.4719747754180874
v 0.14616190571293444 0.06688777488728775 0.350981817988234
v 0.14616190571293444 0.06688777488728775 0.350981817988234
v 0.006302273005082501 0.039832823145024954 0.455659001390581
v 0.006302273005082501 0.039832823145024954 0.455659001390581
v 0.022231298041208145 0.06688777488728775 0.33466604396072763
v 0.022231298041208145 0.06688777488728775 0.33466604396072763
vt 0 1
vt 0.03125 1
vt 0.03125 0.21875
vt 0 0.21875
vt 0 1
vt 0 1
vt 0 0.125
vt 0 0.125
vt 0.375 0.9375
vt 0.53125 0.9375
vt 0.53125 0.78125
vt 0.375 0.78125
vt 0 1
vt 0 1
vt 0 0.125
vt 0 0.125
vt 0 1
vt 0.4375 1
vt 0.4375 1
vt 0 1
vt 0 1
vt 0.4375 1
vt 0.4375 1
vt 0 1
vn -0.028251038652918503 0.9762960071199335 0.21458794303666295
vn 0.9914448613738104 0 0.13052619222005155
vn 0.028251038652918503 -0.9762960071199335 -0.21458794303666295
vn -0.9914448613738104 0 -0.13052619222005155
vn -0.1274322002890053 -0.2164396139381025 0.9679436594388271
vn 0.1274322002890053 0.2164396139381025 -0.9679436594388271
g Stem
f 44/124/31 47/123/31 45/122/31 42/121/31
f 43/128/32 44/127/32 42/126/32 41/125/32
f 48/132/33 43/131/33 41/130/33 46/129/33
f 47/136/34 48/135/34 46/134/34 45/133/34
f 46/140/35 41/139/35 42/138/35 45/137/35
f 47/144/36 44/143/36 43/142/36 48/141/36
o cube
v 0.19394897200686223 0.09394283683763449 -0.011996987348937505
v 0.19394897200686223 0.09394283683763449 -0.011996987348937505
v 0.2246125969189786 0.008437801006217237 -0.24491034238620685
v 0.2246125969189786 0.008437801006217237 -0.24491034238620685
v 0.07001836433513595 0.09394283683763449 -0.028312761376443965
v 0.07001836433513595 0.09394283683763449 -0.028312761376443965
v 0.10068198924725233 0.008437801006217237 -0.26122611641371324
v 0.10068198924725233 0.008437801006217237 -0.26122611641371324
vt 0 1
vt 0.03125 1
vt 0.03125 0.21875
vt 0 0.21875
vt 0 1
vt 0 1
vt 0 0.125
vt 0 0.125
vt 0.375 0.3125
vt 0.53125 0.3125
vt 0.53125 0
vt 0.375 0
vt 0 1
vt 0 1
vt 0 0.125
vt 0 0.125
vt 0 1
vt 0.4375 1
vt 0.4375 1
vt 0 1
vt 0 1
vt 0.4375 1
vt 0.4375 1
vt 0 1
vn 0.044642586970855866 0.9396926207859082 -0.3390941135865687
vn 0.9914448613738105 0 0.1305261922200516
vn -0.044642586970855866 -0.9396926207859082 0.3390941135865687
vn -0.9914448613738105 0 -0.1305261922200516
vn -0.1226544996484655 0.3420201433256691 0.9316534201490775
vn 0.1226544996484655 -0.3420201433256691 -0.9316534201490775
g Stem
f 52/148/37 55/147/37 53/146/37 50/145/37
f 51/152/38 52/151/38 50/150/38 49/149/38
f 56/156/39 51/155/39 49/154/39 54/153/39
f 55/160/40 56/159/40 54/158/40 53/157/40
f 54/164/41 49/163/41 50/162/41 53/161/41
f 55/168/42 52/167/42 51/166/42 56/165/42
o cube
v 0.16209098242613557 0.03983308396995147 0.22998846803202222
v 0.16209098242613557 0.03983308396995147 0.22998846803202222
v 0.19394903249838688 0.09394298745447707 -0.011997446827684555
v 0.19394903249838688 0.09394298745447707 -0.011997446827684555
v 0.03816037475440927 0.03983308396995147 0.21367269400451577
v 0.03816037475440927 0.03983308396995147 0.21367269400451577
v 0.07001842482666058 0.09394298745447707 -0.028313220855191
v 0.07001842482666058 0.09394298745447707 -0.028313220855191
vt 0 1
vt 0.03125 1
vt 0.03125 0.21875
vt 0 0.21875
vt 0 1
vt 0 1
vt 0 0.125
vt 0 0.125
vt 0.375 0.625
vt 0.53125 0.625
vt 0.53125 0.3125
vt 0.375 0.3125
vt 0 1
vt 0 1
vt 0 0.125
vt 0 0.125
vt 0 1
vt 0.4375 1
vt 0.4375 1
vt 0 1
vt 0 1
vt 0.4375 1
vt 0.4375 1
vt 0 1
vn -0.028251038652918503 0.9762960071199335 0.21458794303666295
vn 0.9914448613738104 0 0.13052619222005155
vn 0.028251038652918503 -0.9762960071199335 -0.21458794303666295
vn -0.9914448613738104 0 -0.13052619222005155
vn -0.1274322002890053 -0.2164396139381025 0.9679436594388271
vn 0.1274322002890053 0.2164396139381025 -0.9679436594388271
g Stem
f 60/172/43 63/171/43 61/170/43 58/169/43
f 59/176/44 60/175/44 58/174/44 57/173/44
f 64/180/45 59/179/45 57/178/45 62/177/45
f 63/184/46 64/183/46 62/182/46 61/181/46
f 62/188/47 57/187/47 58/186/47 61/185/47
f 63/192/48 60/191/48 59/190/48 64/189/48
o cube
v 0.14616191247779567 0.06688823811007569 0.3509817666040116
v 0.14616191247779567 0.06688823811007569 0.3509817666040116
v 0.16209093751392134 0.039833286367812776 0.2299888091741582
v 0.16209093751392134 0.039833286367812776 0.2299888091741582
v 0.02223130480606937 0.06688823811007569 0.3346659925765051
v 0.02223130480606937 0.06688823811007569 0.3346659925765051
v 0.03816032984219504 0.039833286367812776 0.21367303514665176
v 0.03816032984219504 0.039833286367812776 0.21367303514665176
vt 0 1
vt 0.03125 1
vt 0.03125 0.21875
vt 0 0.21875
vt 0 1
vt 0 1
vt 0 0.125
vt 0 0.125
vt 0.375 0.78125
vt 0.53125 0.78125
vt 0.53125 0.625
vt 0.375 0.625
vt 0 1
vt 0 1
vt 0 0.125
vt 0 0.125
vt 0 1
vt 0.4375 1
vt 0.4375 1
vt 0 1
vt 0 1
vt 0.4375 1
vt 0.4375 1
vt 0 1
vn 0.02825103865291862 0.9762960071199333 -0.21458794303666384
vn 0.9914448613738105 0 0.13052619222005157
vn -0.02825103865291862 -0.9762960071199333 0.21458794303666384
vn -0.9914448613738105 0 -0.13052619222005157
vn -0.12743220028900526 0.2164396139381033 0.9679436594388269
vn 0.12743220028900526 -0.2164396139381033 -0.9679436594388269
g Stem
f 68/196/49 71/195/49 69/194/49 66/193/49
f 67/200/50 68/199/50 66/198/50 65/197/50
f 72/204/51 67/203/51 65/202/51 70/201/51
f 71/208/52 72/207/52 70/206/52 69/205/52
f 70/212/53 65/211/53 66/210/53 69/209/53
f 71/216/54 68/215/54 67/214/54 72/213/54
o cube
v 0.12210605990951934 0.045279944598346326 0.5337041076846065
v 0.12210605990951934 0.045279944598346326 0.5337041076846065
v 0.13023290370025178 0.03983271067661765 0.4719746005376756
v 0.13023290370025178 0.03983271067661765 0.4719746005376756
v -0.001824547762206974 0.045279944598346326 0.5173883336571001
v -0.001824547762206974 0.045279944598346326 0.5173883336571001
v 0.006302296028525486 0.03983271067661765 0.4556588265101691
v 0.006302296028525486 0.03983271067661765 0.4556588265101691
vt 0 1
vt 0.03125 1
vt 0.03125 0.21875
vt 0 0.21875
vt 0 1
vt 0 1
vt 0 0.125
vt 0 0.125
vt 0.375 1
vt 0.53125 1
vt 0.53125 0.9375
vt 0.375 0.9375
vt 0 1
vt 0 1
vt 0 0.125
vt 0 0.125
vt 0 1
vt 0.4375 1
vt 0.4375 1
vt 0 1
vt 0 1
vt 0.4375 1
vt 0.4375 1
vt 0 1
vn 0.011376107230962256 0.9961946980917457 -0.08641011328638389
vn 0.9914448613738105 0 0.1305261922200516
vn -0.011376107230962256 -0.9961946980917457 0.08641011328638389
vn -0.9914448613738105 0 -0.1305261922200516
vn -0.13002950065171945 0.08715574274765861 0.9876721143508956
vn 0.13002950065171945 -0.08715574274765861 -0.9876721143508956
g Stem
f 76/220/55 79/219/55 77/218/55 74/217/55
f 75/224/56 76/223/56 74/222/56 73/221/56
f 80/228/57 75/227/57 73/226/57 78/225/57
f 79/232/58 80/231/58 78/230/58 77/229/58
f 78/236/59 73/235/59 74/234/59 77/233/59
f 79/240/60 76/239/60 75/238/60 80/237/60
o cube
v -0.053028335938670484 0.1035300475931091 0.3254048905203632
v -0.053028335938670484 0.1035300475931091 0.3254048905203632
v -0.01156301654738301 0.13070984507366107 0.2106578387207867
v -0.01156301654738301 0.13070984507366107 0.2106578387207867
v -0.17049327169722733 0.10234991711833391 0.2826778948466605
v -0.17049327169722733 0.10234991711833391 0.2826778948466605
v -0.12902795230593986 0.12952971459888585 0.167930843047084
v -0.12902795230593986 0.12952971459888585 0.167930843047084
vt 0 1
vt 0.03125 1
vt 0.03125 0.21875
vt 0 0.21875
vt 0 1
vt 0 1
vt 0 0.125
vt 0 0.125
vt 0.375 0.9375
vt 0.53125 0.9375
vt 0.53125 0.78125
vt 0.375 0.78125
vt 0 1
vt 0 1
vt 0 0.125
vt 0 0.125
vt 0 1
vt 0.4375 1
vt 0.4375 1
vt 0 1
vt 0 1
vt 0.4375 1
vt 0.4375 1
vt 0 1
vn -0.0829905652533087 0.9760283897831231 0.20119927538711535
vn 0.9397194860684551 0.009441043798201683 0.34181596538962156
vn 0.0829905652533087 -0.9760283897831231 -0.20119927538711535
vn -0.9397194860684551 -0.009441043798201683 -0.34181596538962156
vn -0.33172255513029986 -0.21743837984441572 0.9179764143966123
vn 0.33172255513029986 0.21743837984441572 -0.9179764143966123
g Stem
f 84/244/61 87/243/61 85/242/61 82/241/61
f 83/248/62 84/247/62 82/246/62 81/245/62
f 88/252/63 83/251/63 81/250/63 86/249/63
f 87/256/64 88/255/64 86/254/64 85/253/64
f 86/260/65 81/259/65 82/258/65 85/257/65
f 87/264/66 84/263/66 83/262/66 88/261/66
o cube
v 0.0729231904279862 0.0942602296432574 -0.020604655097944582
v 0.0729231904279862 0.0942602296432574 -0.020604655097944582
v 0.15401388132477933 0.009001729139842457 -0.24118409190425688
v 0.15401388132477933 0.009001729139842457 -0.24118409190425688
v -0.044541745330570676 0.0930800991684822 -0.06333165077164725
v -0.044541745330570676 0.0930800991684822 -0.06333165077164725
v 0.03654894556622247 0.00782159866506725 -0.2839110875779596
v 0.03654894556622247 0.00782159866506725 -0.2839110875779596
vt 0 1
vt 0.03125 1
vt 0.03125 0.21875
vt 0 0.21875
vt 0 1
vt 0 1
vt 0 0.125
vt 0 0.125
vt 0.375 0.3125
vt 0.53125 0.3125
vt 0.53125 0
vt 0.375 0
vt 0 1
vt 0 1
vt 0 0.125
vt 0 0.125
vt 0 1
vt 0.4375 1
vt 0.4375 1
vt 0 1
vt 0 1
vt 0.4375 1
vt 0.4375 1
vt 0 1
vn 0.1082408661335011 0.9400035511435835 -0.3235386201616771
vn 0.9397194860684552 0.009441043798201687 0.3418159653896216
vn -0.1082408661335011 -0.9400035511435835 0.3235386201616771
vn -0.9397194860684552 -0.009441043798201687 -0.3418159653896216
vn -0.32436276358717264 0.3410340020136599 0.8823177472252494
vn 0.32436276358717264 -0.3410340020136599 -0.8823177472252494
g Stem
f 92/268/67 95/267/67 93/266/67 90/265/67
f 91/272/68 92/271/68 90/270/68 89/269/68
f 96/276/69 91/275/69 89/274/69 94/273/69
f 95/280/70 96/279/70 94/278/70 93/277/70
f 94/284/71 89/283/71 90/282/71 93/281/71
f 95/288/72 92/287/72 91/286/72 96/285/72
o cube
v 0.003722775832229755 0.24623860236442124 0.16544324788376683
v 0.003722775832229755 0.24623860236442124 0.16544324788376683
v 0.07292317824095895 0.09425999539306644 -0.02060461512335393
v 0.07292317824095895 0.09425999539306644 -0.02060461512335393
v -0.11374215992632712 0.24505847188964608 0.12271625221006413
v -0.11374215992632712 0.24505847188964608 0.12271625221006413
v -0.04454175751759791 0.09307986491829125 -0.06333161079705663
v -0.04454175751759791 0.09307986491829125 -0.06333161079705663
vt 0 1
vt 0.03125 1
vt 0.03125 0.21875
vt 0 0.21875
vt 0 1
vt 0 1
vt 0 0.125
vt 0 0.125
vt 0.375 0.625
vt 0.53125 0.625
vt 0.53125 0.3125
vt 0.375 0.3125
vt 0 1
vt 0 1
vt 0 0.125
vt 0 0.125
vt 0 1
vt 0.4375 1
vt 0.4375 1
vt 0 1
vt 0 1
vt 0.4375 1
vt 0.4375 1
vt 0 1
vn 0.20076891294908597 0.7939464182555039 -0.5738823298660614
vn 0.9397194860684552 0.009441043798201687 0.3418159653896216
vn -0.20076891294908597 -0.7939464182555039 0.5738823298660614
vn -0.9397194860684552 -0.009441043798201687 -0.3418159653896216
vn -0.27680160963491685 0.6079144278854196 0.7441914520284832
vn 0.27680160963491685 -0.6079144278854196 -0.7441914520284832
g Stem
f 100/292/73 103/291/73 101/290/73 98/289/73
f 99/296/74 100/295/74 98/294/74 97/293/74
f 104/300/75 99/299/75 97/298/75 102/297/75
f 103/304/76 104/303/76 102/302/76 101/301/76
f 102/308/77 97/307/77 98/306/77 101/305/77
f 103/312/78 100/311/78 99/310/78 104/309/78
o cube
v -0.011563053578126543 0.13070930325179275 0.21065795549085994
v -0.011563053578126543 0.13070930325179275 0.21065795549085994
v 0.003722740152492708 0.2462384509782981 0.16544335015572234
v 0.003722740152492708 0.2462384509782981 0.16544335015572234
v -0.1290279893366834 0.12952917277701748 0.16793095981715725
v -0.1290279893366834 0.12952917277701748 0.16793095981715725
v -0.11374219560606416 0.24505832050352294 0.12271635448201965
v -0.11374219560606416 0.24505832050352294 0.12271635448201965
vt 0 1
vt 0.03125 1
vt 0.03125 0.21875
vt 0 0.21875
vt 0 1
vt 0 1
vt 0 0.125
vt 0 0.125
vt 0.375 0.78125
vt 0.53125 0.78125
vt 0.53125 0.625
vt 0.375 0.625
vt 0 1
vt 0 1
vt 0 0.125
vt 0 0.125
vt 0 1
vt 0.4375 1
vt 0.4375 1
vt 0 1
vt 0 1
vt 0.4375 1
vt 0.4375 1
vt 0 1
vn -0.31933264184050475 0.3817117922328142 0.8673654198350179
vn 0.9397194860684551 0.009441043798201697 0.3418159653896216
vn 0.31933264184050475 -0.3817117922328142 -0.8673654198350179
vn -0.9397194860684551 -0.009441043798201697 -0.3418159653896216
vn -0.12228634984495405 -0.9242331818120432 0.3617168426811007
vn 0.12228634984495405 0.9242331818120432 -0.3617168426811007
g Stem
f 108/316/79 111/315/79 109/314/79 106/313/79
f 107/320/80 108/319/80 106/318/80 105/317/80
f 112/324/81 107/323/81 105/322/81 110/321/81
f 111/328/82 112/327/82 110/326/82 109/325/82
f 110/332/83 105/331/83 106/330/83 109/329/83
f 111/336/84 108/335/84 107/334/84 112/333/84
o cube
v -0.07436125224866637 0.10891266391525067 0.3839046145222298
v -0.07436125224866637 0.10891266391525067 0.3839046145222298
v -0.05302842924559838 0.1035299933722662 0.3254051485370991
v -0.05302842924559838 0.1035299933722662 0.3254051485370991
v -0.19182618800722323 0.10773253344047545 0.3411776188485271
v -0.19182618800722323 0.10773253344047545 0.3411776188485271
v -0.1704933650041553 0.10234986289749101 0.2826781528633964
v -0.1704933650041553 0.10234986289749101 0.2826781528633964
vt 0 1
vt 0.03125 1
vt 0.03125 0.21875
vt 0 0.21875
vt 0 1
vt 0 1
vt 0 0.125
vt 0 0.125
vt 0.375 1
vt 0.53125 1
vt 0.53125 0.9375
vt 0.375 0.9375
vt 0 1
vt 0 1
vt 0 0.125
vt 0 0.125
vt 0 1
vt 0.4375 1
vt 0.4375 1
vt 0 1
vt 0 1
vt 0.4375 1
vt 0.4375 1
vt 0 1
vn 0.020601387319799797 0.9962398016016909 -0.08415367220224675
vn 0.9397194860684551 0.009441043798201683 0.3418159653896216
vn -0.020601387319799797 -0.9962398016016909 0.08415367220224675
vn -0.9397194860684551 -0.009441043798201683 -0.3418159653896216
vn -0.34132516804908797 0.08612272868775142 0.9359914557620908
vn 0.34132516804908797 -0.08612272868775142 -0.9359914557620908
g Stem
f 116/340/85 119/339/85 117/338/85 114/337/85
f 115/344/86 116/343/86 114/342/86 113/341/86
f 120/348/87 115/347/87 113/346/87 118/345/87
f 119/352/88 120/351/88 118/350/88 117/349/88
f 118/356/89 113/355/89 114/354/89 117/353/89
f 119/360/90 116/359/90 115/358/90 120/357/90
o cube
v 0.3584049983850172 0.07948812989324672 0.44224424582366073
v 0.3584049983850172 0.07948812989324672 0.44224424582366073
v 0.3856897524227606 0.11989169186659498 0.32714387928660027
v 0.3856897524227606 0.11989169186659498 0.32714387928660027
v 0.24560099813581557 0.13273736686032503 0.4341958739260623
v 0.24560099813581557 0.13273736686032503 0.4341958739260623
v 0.2728857521735589 0.1731409288336733 0.31909550738900183
v 0.2728857521735589 0.1731409288336733 0.31909550738900183
vt 0 1
vt 0.03125 1
vt 0.03125 0.21875
vt 0 0.21875
vt 0 1
vt 0 1
vt 0 0.125
vt 0 0.125
vt 0.53125 0.9375
vt 0.375 0.9375
vt 0.375 0.78125
vt 0.53125 0.78125
vt 0 1
vt 0 1
vt 0 0.125
vt 0 0.125
vt 0 1
vt 0.4375 1
vt 0.4375 1
vt 0 1
vt 0 1
vt 0.4375 1
vt 0.4375 1
vt 0 1
vn 0.37144472319874117 0.8450162958822415 0.38467684788828527
vn 0.9024320019936134 -0.42599389573662666 0.06438697518078726
vn -0.37144472319874117 -0.8450162958822415 -0.38467684788828527
vn -0.9024320019936134 0.42599389573662666 -0.06438697518078726
vn -0.21827803230194695 -0.3232284957867862 0.9208029322964832
vn 0.21827803230194695 0.3232284957867862 -0.9208029322964832
g Stem
f 124/364/91 127/363/91 125/362/91 122/361/91
f 123/368/92 124/367/92 122/366/92 121/365/92
f 128/372/93 123/371/93 121/370/93 126/369/93
f 127/376/94 128/375/94 126/374/94 125/373/94
f 126/380/95 121/379/95 122/378/95 125/377/95
f 127/384/96 124/383/96 123/382/96 128/381/96
o cube
v 0.39673742719146227 0.09151348443478782 -0.01545209349911332
v 0.39673742719146227 0.09151348443478782 -0.01545209349911332
v 0.36067823931600906 -0.018374706969264444 -0.23709216289025276
v 0.36067823931600906 -0.018374706969264444 -0.23709216289025276
v 0.2839334269422606 0.14476272140186613 -0.023500465396711703
v 0.2839334269422606 0.14476272140186613 -0.023500465396711703
v 0.2478742390668074 0.03487452999781387 -0.2451405347878512
v 0.2478742390668074 0.03487452999781387 -0.2451405347878512
vt 0 1
vt 0.03125 1
vt 0.03125 0.21875
vt 0 0.21875
vt 0 1
vt 0 1
vt 0 0.125
vt 0 0.125
vt 0.53125 0.3125
vt 0.375 0.3125
vt 0.375 0
vt 0.53125 0
vt 0 1
vt 0 1
vt 0 0.125
vt 0 0.125
vt 0 1
vt 0.4375 1
vt 0.4375 1
vt 0 1
vt 0 1
vt 0.4375 1
vt 0.4375 1
vt 0 1
vn 0.4059707394554483 0.790773398031493 -0.4581104579375181
vn 0.9024320019936133 -0.42599389573662677 0.06438697518078722
vn -0.4059707394554483 -0.790773398031493 0.4581104579375181
vn -0.9024320019936133 0.42599389573662677 -0.06438697518078722
vn 0.14423675150181284 0.4395527656162092 0.886560277564558
vn -0.14423675150181284 -0.4395527656162092 -0.886560277564558
g Stem
f 132/388/97 135/387/97 133/386/97 130/385/97
f 131/392/98 132/391/98 130/390/98 129/389/98
f 136/396/99 131/395/99 129/394/99 134/393/99
f 135/400/100 136/399/100 134/398/100 133/397/100
f 134/404/101 129/403/101 130/402/101 133/401/101
f 135/408/102 132/407/102 131/406/102 136/405/102
o cube
v 0.35912215370081546 0.04861801095199289 0.22795143119348865
v 0.35912215370081546 0.04861801095199289 0.22795143119348865
v 0.3967374535097524 0.09151360814361537 -0.01545164389361424
v 0.3967374535097524 0.09151360814361537 -0.01545164389361424
v 0.2463181534516138 0.1018672479190712 0.21990305929589024
v 0.2463181534516138 0.1018672479190712 0.21990305929589024
v 0.28393345326055075 0.14476284511069368 -0.023500015791212636
v 0.28393345326055075 0.14476284511069368 -0.023500015791212636
vt 0 1
vt 0 1
vt 0 0.125
vt 0 0.125
vt 0.53125 0.625
vt 0.375 0.625
vt 0.375 0.3125
vt 0.53125 0.3125
vt 0 1
vt 0 1
vt 0 0.125
vt 0 0.125
vt 0 1
vt 0.4375 1
vt 0.4375 1
vt 0 1
vt 0 1
vt 0.4375 1
vt 0.4375 1
vt 0 1
vn 0.9024320019936133 -0.42599389573662677 0.06438697518078725
vn -0.4037052257555503 -0.8883066388698878 -0.21893699102103095
vn -0.9024320019936133 0.42599389573662677 -0.06438697518078725
vn -0.15046119923574786 -0.17158238876649 0.9736123003484117
vn 0.15046119923574786 0.17158238876649 -0.9736123003484117
g Stem
f 139/412/103 140/411/103 138/410/103 137/409/103
f 144/416/104 139/415/104 137/414/104 142/413/104
f 143/420/105 144/419/105 142/418/105 141/417/105
f 142/424/106 137/423/106 138/422/106 141/421/106
f 143/428/107 140/427/107 139/426/107 144/425/107
o cube
v 0.3856897370855629 0.11989168058775312 0.3271440196264777
v 0.3856897370855629 0.11989168058775312 0.3271440196264777
v 0.359122043305461 0.048617764218696125 0.22795134604307535
v 0.359122043305461 0.048617764218696125 0.22795134604307535
v 0.2728857368363613 0.1731409175548314 0.3190956477288793
v 0.2728857368363613 0.1731409175548314 0.3190956477288793
v 0.24631804305625937 0.10186700118577446 0.21990297414547694
v 0.24631804305625937 0.10186700118577446 0.21990297414547694
vt 0 1
vt 0.03125 1
vt 0.03125 0.21875
vt 0 0.21875
vt 0 1
vt 0 1
vt 0 0.125
vt 0 0.125
vt 0.53125 0.78125
vt 0.375 0.78125
vt 0.375 0.625
vt 0.53125 0.625
vt 0 1
vt 0 1
vt 0 0.125
vt 0 0.125
vt 0 1
vt 0.4375 1
vt 0.4375 1
vt 0 1
vt 0 1
vt 0.4375 1
vt 0.4375 1
vt 0 1
vn 0.3747566826609369 0.7024322365195089 -0.6051003073038143
vn 0.9024320019936133 -0.42599389573662666 0.0643869751807872
vn -0.3747566826609369 -0.7024322365195089 0.6051003073038143
vn -0.9024320019936133 0.42599389573662666 -0.0643869751807872
vn 0.21254155024081528 0.5701913309524557 0.7935413886672189
vn -0.21254155024081528 -0.5701913309524557 -0.7935413886672189
g Stem
f 148/432/108 151/431/108 149/430/108 146/429/108
f 147/436/109 148/435/109 146/434/109 145/433/109
f 152/440/110 147/439/110 145/438/110 150/437/110
f 151/444/111 152/443/111 150/442/111 149/441/111
f 150/448/112 145/447/112 146/446/112 149/445/112
f 151/452/113 148/451/113 147/450/113 152/449/113
o cube
v 0.3362297443424731 0.038859439827723774 0.4842416363370274
v 0.3362297443424731 0.038859439827723774 0.4842416363370274
v 0.3584051445715543 0.07948842862972527 0.4422441733945246
v 0.3584051445715543 0.07948842862972527 0.4422441733945246
v 0.22342574409327148 0.09210867679480206 0.47619326443942894
v 0.22342574409327148 0.09210867679480206 0.47619326443942894
v 0.24560114432235264 0.13273766559680367 0.43419580149692616
v 0.24560114432235264 0.13273766559680367 0.43419580149692616
vt 0 1
vt 0.03125 1
vt 0.03125 0.21875
vt 0 0.21875
vt 0 1
vt 0 1
vt 0 0.125
vt 0 0.125
vt 0.53125 1
vt 0.375 1
vt 0.375 0.9375
vt 0.53125 0.9375
vt 0 1
vt 0 1
vt 0 0.125
vt 0 0.125
vt 0 1
vt 0.4375 1
vt 0.4375 1
vt 0 1
vt 0 1
vt 0.4375 1
vt 0.4375 1
vt 0 1
vn 0.24439496250106296 0.6292425840964686 0.7377837573867445
vn 0.9024320019936132 -0.42599389573662666 0.06438697518078719
vn -0.24439496250106296 -0.6292425840964686 -0.7377837573867445
vn -0.9024320019936132 0.42599389573662666 -0.06438697518078719
vn -0.35480640366529925 -0.6500638208320246 0.6719594070800452
vn 0.35480640366529925 0.6500638208320246 -0.6719594070800452
g Stem
f 156/456/114 159/455/114 157/454/114 154/453/114
f 155/460/115 156/459/115 154/458/115 153/457/115
f 160/464/116 155/463/116 153/462/116 158/461/116
f 159/468/117 160/467/117 158/466/117 157/465/117
f 158/472/118 153/471/118 154/470/118 157/469/118
f 159/476/119 156/475/119 155/474/119 160/473/119
o cube
v 0.18045815831787074 0.2100475193604126 0.32989146544886555
v 0.18045815831787074 0.2100475193604126 0.32989146544886555
v 0.14933689780864962 0.1348710694843444 0.5662809079549728
v 0.14933689780864962 0.1348710694843444 0.5662809079549728
v -0.06740305702558184 0.2100475193604126 0.29725991739385266
v -0.06740305702558184 0.2100475193604126 0.29725991739385266
v -0.09852431753480298 0.1348710694843444 0.5336493598999599
v -0.09852431753480298 0.1348710694843444 0.5336493598999599
vt 0 1
vt 1 1
vt 1 0
vt 0 0
vt 0 1
vt 0 1
vt 0 0.75
vt 0 0.75
vt 0 1
vt 0.25 1
vt 0.25 0.8125
vt 0 0.8125
vt 0 1
vt 0 1
vt 0 0.75
vt 0 0.75
vt 0 1
vt 0.25 1
vt 0.25 1
vt 0 1
vt 0 1
vt 0.25 1
vt 0.25 1
vt 0 1
vn 0.03924998298777901 -0.953716950748227 -0.2981332197038147
vn 0.9914448613738105 0 0.1305261922200516
vn -0.03924998298777901 0.953716950748227 0.2981332197038147
vn -0.9914448613738105 0 -0.1305261922200516
vn 0.12448504203688456 0.30070579950427295 -0.9455577700244292
vn -0.12448504203688456 -0.30070579950427295 0.9455577700244292
g Leaf
f 164/480/120 167/479/120 165/478/120 162/477/120
f 163/484/121 164/483/121 162/482/121 161/481/121
f 168/488/122 163/487/122 161/486/122 166/485/122
f 167/492/123 168/491/123 166/490/123 165/489/123
f 166/496/124 161/495/124 162/494/124 165/493/124
f 167/500/125 164/499/125 163/498/125 168/497/125
o cube
v 0.32595453807435326 0.15666970447993167 0.2575214533255634
v 0.32595453807435326 0.15666970447993167 0.2575214533255634
v 0.23174249896380458 0.08405484097998195 0.477410455518752
v 0.23174249896380458 0.08405484097998195 0.477410455518752
v 0.0979541314814398 0.2272711419920317 0.1831490685668964
v 0.0979541314814398 0.2272711419920317 0.1831490685668964
v 0.003742092370891126 0.15465627849208197 0.4030380707600851
v 0.003742092370891126 0.15465627849208197 0.4030380707600851
vt 0 1
vt 1 1
vt 1 0
vt 0 0
vt 0 1
vt 0 1
vt 0 0.75
vt 0 0.75
vt 0 1
vt 0.25 1
vt 0.25 0.8125
vt 0 0.8125
vt 0 1
vt 0 1
vt 0 0.75
vt 0 0.75
vt 0 1
vt 0.25 1
vt 0.25 1
vt 0 1
vt 0 1
vt 0.25 1
vt 0.25 1
vt 0 1
vn -0.16198302528838565 -0.9142648948317658 -0.3713235807172538
vn 0.9120016263716537 -0.2824057500484 0.29748953903466774
vn 0.16198302528838565 0.9142648948317658 0.3713235807172538
vn -0.9120016263716537 0.2824057500484 -0.29748953903466774
vn 0.37684815644219466 0.2904594539997987 -0.8795560087727547
vn -0.37684815644219466 -0.2904594539997987 0.8795560087727547
g Leaf
f 172/504/126 175/503/126 173/502/126 170/501/126
f 171/508/127 172/507/127 170/506/127 169/505/127
f 176/512/128 171/511/128 169/510/128 174/509/128
f 175/516/129 176/515/129 174/514/129 173/513/129
f 174/520/130 169/519/130 170/518/130 173/517/130
f 175/524/131 172/523/131 171/522/131 176/521/131
o cube
v 0.22586100147883797 0.1866110721587042 -0.014977367220466276
v 0.22586100147883797 0.1866110721587042 -0.014977367220466276
v 0.19335362631590813 0.16482213647178967 0.23194066136725772
v 0.19335362631590813 0.16482213647178967 0.23194066136725772
v -0.022000213864614628 0.1866110721587042 -0.04760891527547906
v -0.022000213864614628 0.1866110721587042 -0.04760891527547906
v -0.05450758902754448 0.16482213647178967 0.19930911331224482
v -0.05450758902754448 0.16482213647178967 0.19930911331224482
vt 0 1
vt 1 1
vt 1 0
vt 0 0
vt 0 1
vt 0 1
vt 0 0.75
vt 0 0.75
vt 0 1
vt 0.25 1
vt 0.25 0.8125
vt 0 0.8125
vt 0 1
vt 0 1
vt 0 0.75
vt 0 0.75
vt 0 1
vt 0.25 1
vt 0.25 1
vt 0 1
vt 0 1
vt 0.25 1
vt 0.25 1
vt 0 1
vn 0.01137610723096214 -0.9961946980917455 -0.086410113286383
vn 0.9914448613738104 0 0.1305261922200516
vn -0.01137610723096214 0.9961946980917455 0.086410113286383
vn -0.9914448613738104 0 -0.1305261922200516
vn 0.13002950065171945 0.08715574274765775 -0.9876721143508957
vn -0.13002950065171945 -0.08715574274765775 0.9876721143508957
g Leaf
f 180/528/132 183/527/132 181/526/132 178/525/132
f 179/532/133 180/531/133 178/530/133 177/529/133
f 184/536/134 179/535/134 177/534/134 182/533/134
f 183/540/135 184/539/135 182/538/135 181/537/135
f 182/544/136 177/543/136 178/542/136 181/541/136
f 183/548/137 180/547/137 179/546/137 184/545/137
o cube
v 0.2526588036507018 0.1887562758288528 0.1405964405740594
v 0.2526588036507018 0.1887562758288528 0.1405964405740594
v 0.22153754314148075 0.11357982595278471 0.3769858830801666
v 0.22153754314148075 0.11357982595278471 0.3769858830801666
v 0.004797588307249266 0.1887562758288528 0.10796489251904662
v 0.004797588307249266 0.1887562758288528 0.10796489251904662
v -0.026323672201971855 0.11357982595278471 0.3443543350251537
v -0.026323672201971855 0.11357982595278471 0.3443543350251537
vt 0 1
vt 1 1
vt 1 0
vt 0 0
vt 0 1
vt 0 1
vt 0 0.75
vt 0 0.75
vt 0 1
vt 0.25 1
vt 0.25 0.8125
vt 0 0.8125
vt 0 1
vt 0 1
vt 0 0.75
vt 0 0.75
vt 0 1
vt 0.25 1
vt 0.25 1
vt 0 1
vt 0 1
vt 0.25 1
vt 0.25 1
vt 0 1
vn 0.03924998298777901 -0.953716950748227 -0.2981332197038147
vn 0.9914448613738105 0 0.1305261922200516
vn -0.03924998298777901 0.953716950748227 0.2981332197038147
vn -0.9914448613738105 0 -0.1305261922200516
vn 0.12448504203688456 0.30070579950427295 -0.9455577700244292
vn -0.12448504203688456 -0.30070579950427295 0.9455577700244292
g Leaf
f 188/552/138 191/551/138 189/550/138 186/549/138
f 187/556/139 188/555/139 186/554/139 185/553/139
f 192/560/140 187/559/140 185/558/140 190/557/140
f 191/564/141 192/563/141 190/562/141 189/561/141
f 190/568/142 185/567/142 186/566/142 189/565/142
f 191/572/143 188/571/143 187/570/143 192/569/143
o cube
v 0.3067119964762241 0.13066908281459855 -0.5024062707423447
v 0.3067119964762241 0.13066908281459855 -0.5024062707423447
v 0.2960852631600938 0.16317644365059458 -0.2547566310686591
v 0.2960852631600938 0.16317644365059458 -0.2547566310686591
v 0.056974271961666156 0.13351312274908878 -0.5134959231779168
v 0.056974271961666156 0.13351312274908878 -0.5134959231779168
v 0.04634753864553589 0.1660204835850848 -0.26584628350423134
v 0.04634753864553589 0.1660204835850848 -0.26584628350423134
vt 0 1
vt 1 1
vt 1 0
vt 0 0
vt 0 1
vt 0 1
vt 0 0.75
vt 0 0.75
vt 0 1
vt 0.25 1
vt 0.25 0.8125
vt 0 0.8125
vt 0 1
vt 0 1
vt 0 0.75
vt 0 0.75
vt 0 1
vt 0.25 1
vt 0.25 1
vt 0 1
vt 0 1
vt 0.25 1
vt 0.25 1
vt 0 1
vn -0.017037132772208162 -0.9914448682873246 0.12940946353969693
vn 0.9989508980582319 -0.011376159737960934 0.044358609742288994
vn 0.017037132772208162 0.9914448682873246 -0.12940946353969693
vn -0.9989508980582319 0.011376159737960934 -0.044358609742288994
vn 0.04250693326452109 -0.13002944334398414 -0.9905985586947416
vn -0.04250693326452109 0.13002944334398414 0.9905985586947416
g Leaf
f 196/576/144 199/575/144 197/574/144 194/573/144
f 195/580/145 196/579/145 194/578/145 193/577/145
f 200/584/146 195/583/146 193/582/146 198/581/146
f 199/588/147 200/587/147 198/586/147 197/585/147
f 198/592/148 193/591/148 194/590/148 197/589/148
f 199/596/149 196/595/149 195/594/149 200/593/149
o cube
v 0.48823326642886394 0.12735092562158623 -0.49979801565676685
v 0.48823326642886394 0.12735092562158623 -0.49979801565676685
v 0.44510012108945873 0.15995140352588655 -0.2557145450702869
v 0.44510012108945873 0.15995140352588655 -0.2557145450702869
v 0.2420191517727438 0.12592757367309904 -0.5431175702866754
v 0.2420191517727438 0.12592757367309904 -0.5431175702866754
v 0.1988860064333386 0.15852805157739935 -0.29903409970019545
v 0.1988860064333386 0.15852805157739935 -0.29903409970019545
vt 0 1
vt 1 1
vt 1 0
vt 0 0
vt 0 1
vt 0 1
vt 0 0.75
vt 0 0.75
vt 0 1
vt 0.25 1
vt 0.25 0.8125
vt 0 0.8125
vt 0 1
vt 0 1
vt 0 0.75
vt 0 0.75
vt 0 1
vt 0.25 1
vt 0.25 1
vt 0 1
vt 0 1
vt 0.25 1
vt 0.25 1
vt 0 1
vn -0.017037144001339107 -0.9914448681365351 0.12940946321659108
vn 0.9848564586244808 0.005693407793948671 0.17327821851963449
vn 0.017037144001339107 0.9914448681365351 -0.12940946321659108
vn -0.9848564586244808 -0.005693407793948671 -0.17327821851963449
vn 0.17253258135762076 -0.13040191161720138 -0.9763338823459194
vn -0.17253258135762076 0.13040191161720138 0.9763338823459194
g Leaf
f 204/600/150 207/599/150 205/598/150 202/597/150
f 203/604/151 204/603/151 202/602/151 201/601/151
f 208/608/152 203/607/152 201/606/152 206/605/152
f 207/612/153 208/611/153 206/610/153 205/609/153
f 206/616/154 201/615/154 202/614/154 205/613/154
f 207/620/155 204/619/155 203/618/155 208/617/155
o cube
v 0.11333246835865404 0.21879013673998493 -0.45213455997380114
v 0.11333246835865404 0.21879013673998493 -0.45213455997380114
v 0.11482983411488848 0.14425681888127906 -0.21350819423697598
v 0.11482983411488848 0.14425681888127906 -0.21350819423697598
v -0.1309714107081788 0.16772391338657056 -0.46655175475356025
v -0.1309714107081788 0.16772391338657056 -0.46655175475356025
v -0.12947404495194437 0.09319059552786457 -0.22792538901673487
v -0.12947404495194437 0.09319059552786457 -0.22792538901673487
vt 0 1
vt 1 1
vt 1 0
vt 0 0
vt 0 1
vt 0 1
vt 0 0.75
vt 0 0.75
vt 0 1
vt 0.25 1
vt 0.25 0.8125
vt 0 0.8125
vt 0 1
vt 0 1
vt 0 0.75
vt 0 0.75
vt 0 1
vt 0.25 1
vt 0.25 1
vt 0 1
vt 0 1
vt 0.25 1
vt 0.25 1
vt 0 1
vn 0.2121649384300949 -0.9324121437338087 -0.29256389578804376
vn 0.9772155162673315 0.20426489341365786 0.05766877911903568
vn -0.2121649384300949 0.9324121437338087 0.29256389578804376
vn -0.9772155162673315 -0.20426489341365786 -0.05766877911903568
vn -0.005989463024937666 0.29813327143482393 -0.9545054629473015
vn 0.005989463024937666 -0.29813327143482393 0.9545054629473015
g Leaf
f 212/624/156 215/623/156 213/622/156 210/621/156
f 211/628/157 212/627/157 210/626/157 209/625/157
f 216/632/158 211/631/158 209/630/158 214/629/158
f 215/636/159 216/635/159 214/634/159 213/633/159
f 214/640/160 209/639/160 210/638/160 213/637/160
f 215/644/161 212/643/161 211/642/161 216/641/161
o cube
v 0.225181186321087 0.21371735385003787 -0.24922920767572365
v 0.225181186321087 0.21371735385003787 -0.24922920767572365
v 0.19304538480371988 0.17030530943330535 -0.0051335611344629495
v 0.19304538480371988 0.17030530943330535 -0.0051335611344629495
v -0.02268002902236559 0.21371735385003787 -0.28186075573073643
v -0.02268002902236559 0.21371735385003787 -0.28186075573073643
v -0.0548158305397327 0.17030530943330535 -0.037765109189475954
v -0.0548158305397327 0.17030530943330535 -0.037765109189475954
vt 0 1
vt 1 1
vt 1 0
vt 0 0
vt 0 1
vt 0 1
vt 0 0.75
vt 0 0.75
vt 0 1
vt 0.25 1
vt 0.25 0.8125
vt 0 0.8125
vt 0 1
vt 0 1
vt 0 0.75
vt 0 0.75
vt 0 1
vt 0.25 1
vt 0.25 1
vt 0 1
vt 0 1
vt 0.25 1
vt 0.25 1
vt 0 1
vn 0.02266563541681541 -0.9848077530122082 -0.17216259343480447
vn 0.9914448613738104 0 0.1305261922200516
vn -0.02266563541681541 0.9848077530122082 0.17216259343480447
vn -0.9914448613738104 0 -0.1305261922200516
vn 0.12854320606946856 0.1736481776669303 -0.9763825861650425
vn -0.12854320606946856 -0.1736481776669303 0.9763825861650425
g Leaf
f 220/648/162 223/647/162 221/646/162 218/645/162
f 219/652/163 220/651/163 218/650/163 217/649/163
f 224/656/164 219/655/164 217/654/164 222/653/164
f 223/660/165 224/659/165 222/658/165 221/657/165
f 222/664/166 217/663/166 218/662/166 221/661/166
f 223/668/167 220/667/167 219/666/167 224/665/167
o cube
v -0.0022096727418837864 0.23928789118957328 -0.054606527008946415
v -0.0022096727418837864 0.23928789118957328 -0.054606527008946415
v 0.010182533470163138 0.1652535528875232 0.18385804054224264
v 0.010182533470163138 0.1652535528875232 0.18385804054224264
v -0.2517094680663503 0.2262336193030856 -0.0456937205730934
v -0.2517094680663503 0.2262336193030856 -0.0456937205730934
v -0.23931726185430338 0.15219928100103575 0.19277084697809554
v -0.23931726185430338 0.15219928100103575 0.19277084697809554
vt 0 1
vt 1 1
vt 1 0
vt 0 0
vt 0 1
vt 0 1
vt 0 0.75
vt 0 0.75
vt 0 1
vt 0.25 1
vt 0.25 0.8125
vt 0 0.8125
vt 0 1
vt 0 1
vt 0 0.75
vt 0 0.75
vt 0 1
vt 0.25 1
vt 0.25 1
vt 0 1
vt 0 1
vt 0.25 1
vt 0.25 1
vt 0 1
vn 0.039250041171428135 -0.9537169621030447 -0.29813317572014814
vn 0.997999181297866 0.05221708754595 -0.035651225743411924
vn -0.039250041171428135 0.9537169621030447 0.29813317572014814
