# Made in Blockbench 5.0.4

o cube
v 0.125 0.125 0.125
v 0.125 0.125 -0.125
v 0.125 0 0.125
v 0.125 0 -0.125
v -0.125 0.125 -0.125
v -0.125 0.125 0.125
v -0.125 0 -0.125
v -0.125 0 0.125
vt 0 0.1205357142857143
vt 0.07142857142857141 0.1205357142857143
vt 0.07142857142857141 0.07142857142857129
vt 0 0.07142857142857129
vt 0 0.1205357142857143
vt 0.07142857142857142 0.1205357142857143
vt 0.07142857142857142 0.0714285714285714
vt 0 0.0714285714285714
vt 0 0.1205357142857143
vt 0.07142857142857142 0.1205357142857143
vt 0.07142857142857142 0.0714285714285714
vt 0 0.0714285714285714
vt 0 0.1205357142857143
vt 0.07142857142857142 0.1205357142857143
vt 0.07142857142857142 0.0714285714285714
vt 0 0.0714285714285714
vt 0 0.1205357142857143
vt 0.07142857142857142 0.1205357142857143
vt 0.07142857142857142 0.07142857142857151
vt 0 0.07142857142857151
vt 0 1
vt 0.0625 1
vt 0.0625 0.9375
vt 0 0.9375
vn 0 0 -1
vn 1 0 0
vn 0 0 1
vn -1 0 0
vn 0 1 0
vn 0 -1 0
g Trunk
f 4/4/1 7/3/1 5/2/1 2/1/1
f 3/8/2 4/7/2 2/6/2 1/5/2
f 8/12/3 3/11/3 1/10/3 6/9/3
f 7/16/4 8/15/4 6/14/4 5/13/4
f 6/20/5 1/19/5 2/18/5 5/17/5
f 7/24/6 4/23/6 3/22/6 8/21/6
o cube
v 0.109375 1.6875 0.109375
v 0.109375 1.6875 -0.109375
v 0.109375 0.125 0.109375
v 0.109375 0.125 -0.109375
v -0.109375 1.6875 -0.109375
v -0.109375 1.6875 0.109375
v -0.109375 0.125 -0.109375
v -0.109375 0.125 0.109375
vt 0 0.6071428571428572
vt 0.0625 0.6071428571428572
vt 0.0625 0.1339285714285714
vt 0 0.1339285714285714
vt 0 0.6071428571428575
vt 0.0625 0.6071428571428575
vt 0.0625 0.13392857142857129
vt 0 0.13392857142857129
vt 0 0.6071428571428572
vt 0.0625 0.6071428571428572
vt 0.0625 0.1339285714285714
vt 0 0.1339285714285714
vt 0 0.6071428571428573
vt 0.0625 0.6071428571428573
vt 0.0625 0.13392857142857117
vt 0 0.13392857142857117
vt 0 0.1339285714285714
vt 0.06249999999999999 0.1339285714285714
vt 0.06249999999999999 0.07142857142857151
vt 0 0.07142857142857151
vt 0 1
vt 0.0625 1
vt 0.0625 0.9375
vt 0 0.9375
vn 0 0 -1
vn 1 0 0
vn 0 0 1
vn -1 0 0
vn 0 1 0
vn 0 -1 0
g Trunk
f 12/28/7 15/27/7 13/26/7 10/25/7
f 11/32/8 12/31/8 10/30/8 9/29/8
f 16/36/9 11/35/9 9/34/9 14/33/9
f 15/40/10 16/39/10 14/38/10 13/37/10
f 14/44/11 9/43/11 10/42/11 13/41/11
f 15/48/12 12/47/12 11/46/12 16/45/12
o cube
v 0.125 2.171875 0.125
v 0.125 2.171875 -0.125
v 0.125 1.9375 0.125
v 0.125 1.9375 -0.125
v -0.125 2.171875 -0.125
v -0.125 2.171875 0.125
v -0.125 1.9375 -0.125
v -0.125 1.9375 0.125
vt 0 1
vt 0.0669642857142857 1
vt 0.0669642857142857 0.9374999999999999
vt 0 0.9374999999999999
vt 0 1
vt 0.06696428571428571 1
vt 0.06696428571428571 0.9375
vt 0 0.9375
vt 0 1
vt 0.06696428571428577 1
vt 0.06696428571428577 0.9375
vt 0 0.9375
vt 0 1
vt 0.06696428571428571 1
vt 0.06696428571428571 0.9375
vt 0 0.9375
vt 0 0.1205357142857143
vt 0.07142857142857142 0.1205357142857143
vt 0.07142857142857142 0.07142857142857151
vt 0 0.07142857142857151
vt 0 1
vt 0.0625 1
vt 0.0625 0.9375
vt 0 0.9375
vn 0 0 -1
vn 1 0 0
vn 0 0 1
vn -1 0 0
vn 0 1 0
vn 0 -1 0
g Trunk
f 20/52/13 23/51/13 21/50/13 18/49/13
f 19/56/14 20/55/14 18/54/14 17/53/14
f 24/60/15 19/59/15 17/58/15 22/57/15
f 23/64/16 24/63/16 22/62/16 21/61/16
f 22/68/17 17/67/17 18/66/17 21/65/17
f 23/72/18 20/71/18 19/70/18 24/69/18
o cube
v 0.11875 1.9375 0.11875
v 0.11875 1.9375 -0.11875
v 0.11875 1.6875 0.11875
v 0.11875 1.6875 -0.11875
v -0.11875 1.9375 -0.11875
v -0.11875 1.9375 0.11875
v -0.11875 1.6875 -0.11875
v -0.11875 1.6875 0.11875
vt 0 0.9375
vt 0.0669642857142857 0.9375
vt 0.0669642857142857 0.8705357142857142
vt 0 0.8705357142857142
vt 0 0.9375
vt 0.06696428571428571 0.9375
vt 0.06696428571428571 0.8705357142857143
vt 0 0.8705357142857143
vt 0 0.9375
vt 0.06696428571428577 0.9375
vt 0.06696428571428577 0.8705357142857143
vt 0 0.8705357142857143
vt 0 0.9375
vt 0.06696428571428571 0.9375
vt 0.06696428571428571 0.8705357142857143
vt 0 0.8705357142857143
vt 0 0.1205357142857143
vt 0.07142857142857142 0.1205357142857143
vt 0.07142857142857142 0.07142857142857151
vt 0 0.07142857142857151
vt 0 1
vt 0.0625 1
vt 0.0625 0.9375
vt 0 0.9375
vn 0 0 -1
vn 1 0 0
vn 0 0 1
vn -1 0 0
vn 0 1 0
vn 0 -1 0
g Trunk
f 28/76/19 31/75/19 29/74/19 26/73/19
f 27/80/20 28/79/20 26/78/20 25/77/20
f 32/84/21 27/83/21 25/82/21 30/81/21
f 31/88/22 32/87/22 30/86/22 29/85/22
f 30/92/23 25/91/23 26/90/23 29/89/23
f 31/96/24 28/95/24 27/94/24 32/93/24
o cube
v 0.3125 2.3898298335506327 0.29222438797597877
v 0.3125 2.170950624185127 0.09165854509007962
v 0.3125 2.3898298335506327 0.29222438797597877
v 0.3125 2.170950624185127 0.09165854509007962
v -0.3125 2.170950624185127 0.09165854509007962
v -0.3125 2.3898298335506327 0.29222438797597877
v -0.3125 2.170950624185127 0.09165854509007962
v -0.3125 2.3898298335506327 0.29222438797597877
vt 0 1
vt 0 1
vt 0 1
vt 0 1
vt 0 1
vt 0 1
vt 0 1
vt 0 1
vt 0 1
vt 0 1
vt 0 1
vt 0 1
vt 0 1
vt 0 1
vt 0 1
vt 0 1
vt 0 1
vt 0 1
vt 0 1
vt 0 1
vt 0 0.21875
vt 0.46875 0.21875
vt 0.46875 0
vt 0 0
vn 0 -0.7372773368101241 -0.6755902076156604
vn 1 0 0
vn 0 0.7372773368101241 0.6755902076156604
vn -1 0 0
vn 0 0.6755902076156604 -0.7372773368101241
vn 0 -0.6755902076156604 0.7372773368101241
g Frond
f 36/100/25 39/99/25 37/98/25 34/97/25
f 35/104/26 36/103/26 34/102/26 33/101/26
f 40/108/27 35/107/27 33/106/27 38/105/27
f 39/112/28 40/111/28 38/110/28 37/109/28
f 38/116/29 33/115/29 34/114/29 37/113/29
f 39/120/30 36/119/30 35/118/30 40/117/30
o cube
v 0.3125 2.57471090321279 0.6887143786113872
v 0.3125 2.3898154137012337 0.29220472178285284
v 0.3125 2.57471090321279 0.6887143786113872
v 0.3125 2.3898154137012337 0.29220472178285284
v -0.3125 2.3898154137012337 0.29220472178285284
v -0.3125 2.57471090321279 0.6887143786113872
v -0.3125 2.3898154137012337 0.29220472178285284
v -0.3125 2.57471090321279 0.6887143786113872
vt 0 1
vt 0 1
vt 0 1
vt 0 1
vt 0 1
vt 0 1
vt 0 1
vt 0 1
vt 0 1
vt 0 1
vt 0 1
vt 0 1
vt 0 1
vt 0 1
vt 0 1
vt 0 1
vt 0 1
vt 0 1
vt 0 1
vt 0 1
vt 0 0.53125
vt 0.46875 0.53125
vt 0.46875 0.21875
vt 0 0.21875
vn 0 -0.42261826174069966 -0.9063077870366498
vn 1 0 0
vn 0 0.42261826174069966 0.9063077870366498
vn -1 0 0
vn 0 0.9063077870366498 -0.42261826174069966
vn 0 -0.9063077870366498 0.42261826174069966
g Frond
f 44/124/31 47/123/31 45/122/31 42/121/31
f 43/128/32 44/127/32 42/126/32 41/125/32
f 48/132/33 43/131/33 41/130/33 46/129/33
f 47/136/34 48/135/34 46/134/34 45/133/34
f 46/140/35 41/139/35 42/138/35 45/137/35
f 47/144/36 44/143/36 43/142/36 48/141/36
o cube
v 0.3125 2.650166037022609 1.2618751833379094
v 0.3125 2.5747055821453912 0.6886961228561752
v 0.3125 2.650166037022609 1.2618751833379094
v 0.3125 2.5747055821453912 0.6886961228561752
v -0.3125 2.5747055821453912 0.6886961228561752
v -0.3125 2.650166037022609 1.2618751833379094
v -0.3125 2.5747055821453912 0.6886961228561752
v -0.3125 2.650166037022609 1.2618751833379094
vt 0 1
vt 0 1
vt 0 1
vt 0 1
vt 0 1
vt 0 1
vt 0 1
vt 0 1
vt 0 1
vt 0 1
vt 0 1
vt 0 1
vt 0 1
vt 0 1
vt 0 1
vt 0 1
vt 0 1
vt 0 1
vt 0 1
vt 0 1
vt 0 1
vt 0.46875 1
vt 0.46875 0.53125
vt 0 0.53125
vn 0 -0.1305261922200516 -0.9914448613738104
vn 1 0 0
vn 0 0.1305261922200516 0.9914448613738104
vn -1 0 0
vn 0 0.9914448613738104 -0.1305261922200516
vn 0 -0.9914448613738104 0.1305261922200516
g Frond
f 52/148/37 55/147/37 53/146/37 50/145/37
f 51/152/38 52/151/38 50/150/38 49/149/38
f 56/156/39 51/155/39 49/154/39 54/153/39
f 55/160/40 56/159/40 54/158/40 53/157/40
f 54/164/41 49/163/41 50/162/41 53/161/41
f 55/168/42 52/167/42 51/166/42 56/165/42
o cube
v -0.4397745545858228 3.0063008947448 1.014887210622619
v -0.10298007967059364 2.761974712175958 0.6135111851765143
v -0.4397745545858228 3.0063008947448 1.014887210622619
v -0.10298007967059364 2.761974712175958 0.6135111851765143
v -0.5817578566199548 2.761974712175958 0.21176892912242706
v -0.918552331535184 3.0063008947448 0.6131449545685317
v -0.5817578566199548 2.761974712175958 0.21176892912242706
v -0.918552331535184 3.0063008947448 0.6131449545685317
vt 0 1
vt 0 1
vt 0 1
vt 0 1
vt 0 1
vt 0 1
vt 0 1
vt 0 1
vt 0 1
vt 0 1
vt 0 1
vt 0 1
vt 0 1
vt 0 1
vt 0 1
vt 0 1
vt 0 1
vt 0 1
vt 0 1
vt 0 1
vt 0 1
vt 0.46875 1
vt 0.46875 0.53125
vt 0 0.53125
vn 0.5825634160695857 -0.4226182617406994 -0.6942720440148837
vn 0.7660444431189778 0 0.6427876096865396
vn -0.5825634160695857 0.4226182617406994 0.6942720440148837
vn -0.7660444431189778 0 -0.6427876096865396
vn 0.27165378227418446 0.90630778703665 -0.32374437096706443
vn -0.27165378227418446 -0.90630778703665 0.32374437096706443
g Frond
f 60/172/43 63/171/43 61/170/43 58/169/43
f 59/176/44 60/175/44 58/174/44 57/173/44
f 64/180/45 59/179/45 57/178/45 62/177/45
f 63/184/46 64/183/46 62/182/46 61/181/46
f 62/188/47 57/187/47 58/186/47 61/185/47
f 63/192/48 60/191/48 59/190/48 64/189/48
o cube
v -0.1029902426231018 2.7619852765795985 0.6135232969116771
v 0.104346579816252 2.4664145607477472 0.36642889389250954
v -0.1029902426231018 2.7619852765795985 0.6135232969116771
v 0.104346579816252 2.4664145607477472 0.36642889389250954
v -0.37443119713310913 2.4664145607477472 -0.035313362161577655
v -0.5817680195724629 2.7619852765795985 0.21178104085758986
v -0.37443119713310913 2.4664145607477472 -0.035313362161577655
v -0.5817680195724629 2.7619852765795985 0.21178104085758986
vt 0 1
vt 0 1
vt 0 1
vt 0 1
vt 0 1
vt 0 1
vt 0 1
vt 0 1
vt 0 1
vt 0 1
vt 0 1
vt 0 1
vt 0 1
vt 0 1
vt 0 1
vt 0 1
vt 0 1
vt 0 1
vt 0 1
vt 0 1
vt 0 0.53125
vt 0.46875 0.53125
vt 0.46875 0.21875
vt 0 0.21875
vn 0.47391273700423736 -0.6755902076156604 -0.5647872069009544
vn 0.7660444431189779 0 0.6427876096865396
vn -0.47391273700423736 0.6755902076156604 0.5647872069009544
vn -0.7660444431189779 0 -0.6427876096865396
vn 0.43426101468090345 0.737277336810124 -0.5175321243695732
vn -0.43426101468090345 -0.737277336810124 0.5175321243695732
g Frond
f 68/196/49 71/195/49 69/194/49 66/193/49
f 67/200/50 68/199/50 66/198/50 65/197/50
f 72/204/51 67/203/51 65/202/51 70/201/51
f 71/208/52 72/207/52 70/206/52 69/205/52
f 70/212/53 65/211/53 66/210/53 69/209/53
f 71/216/54 68/215/54 67/214/54 72/213/54
o cube
v 0.10433731091572501 2.4664342269408737 0.36643994013801207
v 0.18498452752837355 2.197374102664368 0.2703283300071647
v 0.10433731091572501 2.4664342269408737 0.36643994013801207
v 0.18498452752837355 2.197374102664368 0.2703283300071647
v -0.2937932494209876 2.197374102664368 -0.13141392604692254
v -0.3744404660336361 2.4664342269408737 -0.035302315916075216
v -0.2937932494209876 2.197374102664368 -0.13141392604692254
v -0.3744404660336361 2.4664342269408737 -0.035302315916075216
vt 0 1
vt 0 1
vt 0 1
vt 0 1
vt 0 1
vt 0 1
vt 0 1
vt 0 1
vt 0 1
vt 0 1
vt 0 1
vt 0 1
vt 0 1
vt 0 1
vt 0 1
vt 0 1
vt 0 1
vt 0 1
vt 0 1
vt 0 1
vt 0 0.21875
vt 0.46875 0.21875
vt 0.46875 0
vt 0 0
vn 0.27165378227418463 -0.9063077870366498 -0.3237443709670646
vn 0.7660444431189779 0 0.6427876096865396
vn -0.27165378227418463 0.9063077870366498 0.3237443709670646
vn -0.7660444431189779 0 -0.6427876096865396
vn 0.5825634160695856 0.42261826174069966 -0.6942720440148836
vn -0.5825634160695856 -0.42261826174069966 0.6942720440148836
g Frond
f 76/220/55 79/219/55 77/218/55 74/217/55
f 75/224/56 76/223/56 74/222/56 73/221/56
f 80/228/57 75/227/57 73/226/57 78/225/57
f 79/232/58 80/231/58 78/230/58 77/229/58
f 78/236/59 73/235/59 74/234/59 77/233/59
f 79/240/60 76/239/60 75/238/60 80/237/60
o cube
v 1.0735816464692176 2.9594231399233952 0.37485851212295085
v 0.6360579138733582 2.738184280587328 0.06850109641368063
v 1.0735816464692176 2.9594231399233952 0.37485851212295085
v 0.6360579138733582 2.738184280587328 0.06850109641368063
v 0.2775726411539542 2.738184280587328 0.5804711240943002
v 0.7150963737498135 2.9594231399233952 0.8868285398035705
v 0.2775726411539542 2.738184280587328 0.5804711240943002
v 0.7150963737498135 2.9594231399233952 0.8868285398035705
vt 0 1
vt 0 1
vt 0 1
vt 0 1
vt 0 1
vt 0 1
vt 0 1
vt 0 1
vt 0 1
vt 0 1
vt 0 1
vt 0 1
vt 0 1
vt 0 1
vt 0 1
vt 0 1
vt 0 1
vt 0 1
vt 0 1
vt 0 1
vt 0 1
vt 0.46875 1
vt 0.46875 0.53125
vt 0 0.53125
vn -0.7567978077333785 -0.38268343236508984 -0.5299155298754946
vn 0.5735764363510464 0 -0.8191520442889918
vn 0.7567978077333785 0.38268343236508984 0.5299155298754946
vn -0.5735764363510464 0 0.8191520442889918
vn -0.3134759159373914 0.923879532511287 -0.21949819938655493
vn 0.3134759159373914 -0.923879532511287 0.21949819938655493
g Frond
f 84/244/61 87/243/61 85/242/61 82/241/61
f 83/248/62 84/247/62 82/246/62 81/245/62
f 88/252/63 83/251/63 81/250/63 86/249/63
f 87/256/64 88/255/64 86/254/64 85/253/64
f 86/260/65 81/259/65 82/258/65 85/257/65
f 87/264/66 84/263/66 83/262/66 88/261/66
o cube
v 0.636071230428277 2.7381941452808833 0.0685104207658177
v 0.36153697410453123 2.456974566043022 -0.12372053500886582
v 0.636071230428277 2.7381941452808833 0.0685104207658177
v 0.36153697410453123 2.456974566043022 -0.12372053500886582
v 0.003051701385127281 2.456974566043022 0.3882494926717538
v 0.27758595770887284 2.7381941452808833 0.5804804484464373
v 0.003051701385127281 2.456974566043022 0.3882494926717538
v 0.27758595770887284 2.7381941452808833 0.5804804484464373
vt 0 1
vt 0 1
vt 0 1
vt 0 1
vt 0 1
vt 0 1
vt 0 1
vt 0 1
vt 0 1
vt 0 1
vt 0 1
vt 0 1
vt 0 1
vt 0 1
vt 0 1
vt 0 1
vt 0 1
vt 0 1
vt 0 1
vt 0 1
vt 0 0.53125
vt 0.46875 0.53125
vt 0.46875 0.21875
vt 0 0.21875
vn -0.6275068715971329 -0.6427876096865395 -0.4393850417707053
vn 0.5735764363510464 0 -0.8191520442889917
vn 0.6275068715971329 0.6427876096865395 0.4393850417707053
vn -0.5735764363510464 0 0.8191520442889917
vn -0.5265407845183633 0.7660444431189779 -0.36868782649461274
vn 0.5265407845183633 -0.7660444431189779 0.36868782649461274
g Frond
f 92/268/67 95/267/67 93/266/67 90/265/67
f 91/272/68 92/271/68 90/270/68 89/269/68
f 96/276/69 91/275/69 89/274/69 94/273/69
f 95/280/70 96/279/70 94/278/70 93/277/70
f 94/284/71 89/283/71 90/282/71 93/281/71
f 95/288/72 92/287/72 91/286/72 96/285/72
o cube
v 0.36154947760217426 2.456993584533293 -0.1237117799655622
v 0.2492587887099459 2.1936622434335082 -0.20233856679866186
v 0.36154947760217426 2.456993584533293 -0.1237117799655622
v 0.2492587887099459 2.1936622434335082 -0.20233856679866186
v -0.10922648400945811 2.1936622434335082 0.30963146088195775
v 0.0030642048827702606 2.456993584533293 0.3882582477150574
v -0.10922648400945811 2.1936622434335082 0.30963146088195775
v 0.0030642048827702606 2.456993584533293 0.3882582477150574
vt 0 1
vt 0 1
vt 0 1
vt 0 1
vt 0 1
vt 0 1
vt 0 1
vt 0 1
vt 0 1
vt 0 1
vt 0 1
vt 0 1
vt 0 1
vt 0 1
vt 0 1
vt 0 1
vt 0 1
vt 0 1
vt 0 1
vt 0 1
vt 0 0.21875
vt 0.46875 0.21875
vt 0.46875 0
vt 0 0
vn -0.37824232047908507 -0.8870108331782216 -0.26484812406938846
vn 0.5735764363510464 0 -0.8191520442889917
vn 0.37824232047908507 0.8870108331782216 0.26484812406938846
vn -0.5735764363510464 0 0.8191520442889917
vn -0.726596737304422 0.46174861323503413 -0.508768512699137
vn 0.726596737304422 -0.46174861323503413 0.508768512699137
g Frond
f 100/292/73 103/291/73 101/290/73 98/289/73
f 99/296/74 100/295/74 98/294/74 97/293/74
f 104/300/75 99/299/75 97/298/75 102/297/75
f 103/304/76 104/303/76 102/302/76 101/301/76
f 102/308/77 97/307/77 98/306/77 101/305/77
f 103/312/78 100/311/78 99/310/78 104/309/78
o cube
v 1.0803748042740113 2.4820079646995907 0.8059974678175084
v 0.7087632174239809 2.4820079646995907 0.36312802413934914
v 1.0803748042740113 2.4820079646995907 0.8059974678175084
v 0.7087632174239809 2.4820079646995907 0.36312802413934914
v 0.22998544047461955 2.4820079646995907 0.7648702801934362
v 0.60159702732465 2.4820079646995907 1.2077397238715954
v 0.22998544047461955 2.4820079646995907 0.7648702801934362
v 0.60159702732465 2.4820079646995907 1.2077397238715954
vt 0 1
vt 0 1
vt 0 1
vt 0 1
vt 0 1
vt 0 1
vt 0 1
vt 0 1
vt 0 1
vt 0 1
vt 0 1
vt 0 1
vt 0 1
vt 0 1
vt 0 1
vt 0 1
vt 0 1
vt 0 1
vt 0 1
vt 0 1
vt 0 1
vt 0.46875 1
vt 0.46875 0.53125
vt 0 0.53125
vn -0.6427876096865394 0 -0.766044443118978
vn 0.7660444431189782 0 -0.6427876096865394
vn 0.6427876096865394 0 0.766044443118978
vn -0.7660444431189782 0 0.6427876096865394
vn 0 1 0
vn 0 -1 0
g Frond
f 108/316/79 111/315/79 109/314/79 106/313/79
f 107/320/80 108/319/80 106/318/80 105/317/80
f 112/324/81 107/323/81 105/322/81 110/321/81
f 111/328/82 112/327/82 110/326/82 109/325/82
f 110/332/83 105/331/83 106/330/83 109/329/83
f 111/336/84 108/335/84 107/334/84 112/333/84
o cube
v 0.7087752980471846 2.482010857390306 0.36314242126545304
v 0.4405714184457526 2.3504520701071865 0.04350948420274142
v 0.7087752980471846 2.482010857390306 0.36314242126545304
v 0.4405714184457526 2.3504520701071865 0.04350948420274142
v -0.03820635850360865 2.3504520701071865 0.4452517402568285
v 0.2299975210978234 2.482010857390306 0.7648846773195401
v -0.03820635850360865 2.3504520701071865 0.4452517402568285
v 0.2299975210978234 2.482010857390306 0.7648846773195401
vt 0 1
vt 0 1
vt 0 1
vt 0 1
vt 0 1
vt 0 1
vt 0 1
vt 0 1
vt 0 1
vt 0 1
vt 0 1
vt 0 1
vt 0 1
vt 0 1
vt 0 1
vt 0 1
vt 0 1
vt 0 1
vt 0 1
vt 0 1
vt 0 0.53125
vt 0.46875 0.53125
vt 0.46875 0.21875
vt 0 0.21875
vn -0.6130374390889878 -0.3007057995042734 -0.7305895704290553
vn 0.7660444431189781 0 -0.6427876096865394
vn 0.6130374390889878 0.3007057995042734 0.7305895704290553
vn -0.7660444431189781 0 0.6427876096865394
vn -0.19328996208223165 0.9537169507482268 -0.23035400672389822
vn 0.19328996208223165 -0.9537169507482268 0.23035400672389822
g Frond
f 116/340/85 119/339/85 117/338/85 114/337/85
f 115/344/86 116/343/86 114/342/86 113/341/86
f 120/348/87 115/347/87 113/346/87 118/345/87
f 119/352/88 120/351/88 118/350/88 117/349/88
f 118/356/89 113/355/89 114/354/89 117/353/89
f 119/360/90 116/359/90 115/358/90 120/357/90
o cube
v 0.4405851613182231 2.35046379963947 0.04352586232038072
v 0.2944027604804734 2.159636228013779 -0.13068753905205419
v 0.4405851613182231 2.35046379963947 0.04352586232038072
v 0.2944027604804734 2.159636228013779 -0.13068753905205419
v -0.1843750164688878 2.159636228013779 0.2710547170020329
v -0.038192615631138155 2.35046379963947 0.4452681183744678
v -0.1843750164688878 2.159636228013779 0.2710547170020329
v -0.038192615631138155 2.35046379963947 0.4452681183744678
vt 0 1
vt 0 1
vt 0 1
vt 0 1
vt 0 1
vt 0 1
vt 0 1
vt 0 1
vt 0 1
vt 0 1
vt 0 1
vt 0 1
vt 0 1
vt 0 1
vt 0 1
vt 0 1
vt 0 1
vt 0 1
vt 0 1
vt 0 1
vt 0 0.21875
vt 0.46875 0.21875
vt 0.46875 0
vt 0 0
vn -0.4924038765061042 -0.6427876096865394 -0.5868240888334653
vn 0.7660444431189781 0 -0.6427876096865394
vn 0.4924038765061042 0.6427876096865394 0.5868240888334653
vn -0.7660444431189781 0 0.6427876096865394
vn -0.4131759111665349 0.7660444431189781 -0.49240387650610407
vn 0.4131759111665349 -0.7660444431189781 0.49240387650610407
g Frond
f 124/364/91 127/363/91 125/362/91 122/361/91
f 123/368/92 124/367/92 122/366/92 121/365/92
f 128/372/93 123/371/93 121/370/93 126/369/93
f 127/376/94 128/375/94 126/374/94 125/373/94
f 126/380/95 121/379/95 122/378/95 125/377/95
f 127/384/96 124/383/96 123/382/96 128/381/96
o cube
v 0.3369355064858498 2.36681540318958 -1.319401654719289
v 0.0710029087800621 2.41720231696557 -0.8085498875474579
v 0.3369355064858498 2.36681540318958 -1.319401654719289
v 0.0710029087800621 2.41720231696557 -0.8085498875474579
v 0.6253846795164507 2.41720231696557 -0.5199570042755616
v 0.8913172772222384 2.36681540318958 -1.0308087714473926
v 0.6253846795164507 2.41720231696557 -0.5199570042755616
v 0.8913172772222384 2.36681540318958 -1.0308087714473926
vt 0 1
vt 0 1
vt 0 1
vt 0 1
vt 0 1
vt 0 1
vt 0 1
vt 0 1
vt 0 1
vt 0 1
vt 0 1
vt 0 1
vt 0 1
vt 0 1
vt 0 1
vt 0 1
vt 0 1
vt 0 1
vt 0 1
vt 0 1
vt 0 1
vt 0.46875 1
vt 0.46875 0.53125
vt 0 0.53125
vn -0.45999152035595703 0.08715574274765898 0.8836354891620861
vn -0.8870108331782217 0 -0.46174861323503413
vn 0.45999152035595703 -0.08715574274765898 -0.8836354891620861
vn 0.8870108331782217 0 0.46174861323503413
vn 0.04024404334920101 0.9961946980917457 -0.07730808799086768
vn -0.04024404334920101 -0.9961946980917457 0.07730808799086768
g Frond
f 132/388/97 135/387/97 133/386/97 130/385/97
f 131/392/98 132/391/98 130/390/98 129/389/98
f 136/396/99 131/395/99 129/394/99 134/393/99
f 135/400/100 136/399/100 134/398/100 133/397/100
f 134/404/101 129/403/101 130/402/101 133/401/101
f 135/408/102 132/407/102 131/406/102 136/405/102
o cube
v 0.07101167032641159 2.4172035606338147 -0.8085667183213999
v -0.12621478540869546 2.322511229535895 -0.4296982218883897
v 0.07101167032641159 2.4172035606338147 -0.8085667183213999
v -0.12621478540869546 2.322511229535895 -0.4296982218883897
v 0.42816698532769315 2.322511229535895 -0.14110533861649333
v 0.6253934410628001 2.4172035606338147 -0.5199738350495035
v 0.42816698532769315 2.322511229535895 -0.14110533861649333
v 0.6253934410628001 2.4172035606338147 -0.5199738350495035
vt 0 1
vt 0 1
vt 0 1
vt 0 1
vt 0 1
vt 0 1
vt 0 1
vt 0 1
vt 0 1
vt 0 1
vt 0 1
vt 0 1
vt 0 1
vt 0 1
vt 0 1
vt 0 1
vt 0 1
vt 0 1
vt 0 1
vt 0 1
vt 0 0.53125
vt 0.46875 0.53125
vt 0.46875 0.21875
vt 0 0.21875
vn -0.45080332739453033 -0.21643961393810246 0.8659851347040233
vn -0.8870108331782217 0 -0.46174861323503413
vn 0.45080332739453033 0.21643961393810246 -0.8659851347040233
vn 0.8870108331782217 0 0.46174861323503413
vn -0.09994069158504482 0.9762960071199336 0.1919842822920088
vn 0.09994069158504482 -0.9762960071199336 -0.1919842822920088
g Frond
f 140/412/103 143/411/103 141/410/103 138/409/103
f 139/416/104 140/415/104 138/414/104 137/413/104
f 144/420/105 139/419/105 137/418/105 142/417/105
f 143/424/106 144/423/106 142/422/106 141/421/106
f 142/428/107 137/427/107 138/426/107 141/425/107
f 143/432/108 140/431/108 139/430/108 144/429/108
o cube
v -0.12620447869367568 2.3225210510340384 -0.42971802090373057
v -0.23849516758590422 2.1522405464923215 -0.21400961451648015
v -0.12620447869367568 2.3225210510340384 -0.42971802090373057
v -0.23849516758590422 2.1522405464923215 -0.21400961451648015
v 0.31588660315048445 2.1522405464923215 0.07458326875541627
v 0.42817729204271293 2.3225210510340384 -0.14112513763183418
v 0.31588660315048445 2.1522405464923215 0.07458326875541627
v 0.42817729204271293 2.3225210510340384 -0.14112513763183418
vt 0 1
vt 0 1
vt 0 1
vt 0 1
vt 0 1
vt 0 1
vt 0 1
vt 0 1
vt 0 1
vt 0 1
vt 0 1
vt 0 1
vt 0 1
vt 0 1
vt 0 1
vt 0 1
vt 0 1
vt 0 1
vt 0 1
vt 0 1
vt 0 0.21875
vt 0.46875 0.21875
vt 0.46875 0
vt 0 0
vn -0.37824232047908546 -0.5735764363510455 0.7265967373044225
vn -0.8870108331782216 0 -0.4617486132350342
vn 0.37824232047908546 0.5735764363510455 -0.7265967373044225
vn 0.8870108331782216 0 0.4617486132350342
vn -0.2648481240693879 0.8191520442889924 0.5087685126991359
vn 0.2648481240693879 -0.8191520442889924 -0.5087685126991359
g Frond
f 148/436/109 151/435/109 149/434/109 146/433/109
f 147/440/110 148/439/110 146/438/110 145/437/110
f 152/444/111 147/443/111 145/442/111 150/441/111
f 151/448/112 152/447/112 150/446/112 149/445/112
f 150/452/113 145/451/113 146/450/113 149/449/113
f 151/456/114 148/455/114 147/454/114 152/453/114
o cube
v -1.260874313777496 2.424647992845621 -0.49676103088447515
v -0.7877527740442736 2.4498654511662057 -0.165477762273888
v -1.260874313777496 2.424647992845621 -0.49676103088447515
v -0.7877527740442736 2.4498654511662057 -0.165477762273888
v -0.4292675013248697 2.4498654511662057 -0.6774477899545078
v -0.9023890410580921 2.4246479928456206 -1.008731058565095
v -0.4292675013248697 2.4498654511662057 -0.6774477899545078
v -0.9023890410580921 2.4246479928456206 -1.008731058565095
vt 0 1
vt 0 1
vt 0 1
vt 0 1
vt 0 1
vt 0 1
vt 0 1
vt 0 1
vt 0 1
vt 0 1
vt 0 1
vt 0 1
vt 0 1
vt 0 1
vt 0 1
vt 0 1
vt 0 1
vt 0 1
vt 0 1
vt 0 1
vt 0 1
vt 0.46875 1
vt 0.46875 0.53125
vt 0 0.53125
vn 0.8183723930520603 0.04361938736533624 0.5730305186777723
vn -0.5735764363510462 0 0.8191520442889917
vn -0.8183723930520603 -0.04361938736533624 -0.5730305186777723
vn 0.5735764363510462 0 -0.8191520442889917
vn -0.03573091033094856 0.9990482215818577 -0.025019052760825465
vn 0.03573091033094856 -0.9990482215818577 0.025019052760825465
g Frond
f 156/460/115 159/459/115 157/458/115 154/457/115
f 155/464/116 156/463/116 154/462/116 153/461/116
f 160/468/117 155/467/117 153/466/117 158/465/117
f 159/472/118 160/471/118 158/470/118 157/469/118
f 158/476/119 153/475/119 154/474/119 157/473/119
f 159/480/120 156/479/120 155/478/120 160/477/120
o cube
v -0.787768257986273 2.4498675213160097 -0.1654886042467973
v -0.44160070757042513 2.336634189083657 0.07690052403796921
v -0.787768257986273 2.4498675213160097 -0.1654886042467973
v -0.44160070757042513 2.336634189083657 0.07690052403796921
v -0.0831154348510213 2.336634189083657 -0.4350695036426506
v -0.42928298526686914 2.4498675213160097 -0.6774586319274172
v -0.0831154348510213 2.336634189083657 -0.4350695036426506
v -0.42928298526686914 2.4498675213160097 -0.6774586319274172
vt 0 1
vt 0 1
vt 0 1
vt 0 1
vt 0 1
vt 0 1
vt 0 1
vt 0 1
vt 0 1
vt 0 1
vt 0 1
vt 0 1
vt 0 1
vt 0 1
vt 0 1
vt 0 1
vt 0 1
vt 0 1
vt 0 1
vt 0 1
vt 0 0.53125
vt 0.46875 0.53125
vt 0.46875 0.21875
vt 0 0.21875
vn 0.7912401152362238 -0.2588190451025208 0.5540322932223235
vn -0.5735764363510462 0 0.8191520442889917
vn -0.7912401152362238 0.2588190451025208 -0.5540322932223235
vn 0.5735764363510462 0 -0.8191520442889917
vn 0.21201214989665465 0.9659258262890684 0.1484525055496845
vn -0.21201214989665465 -0.9659258262890684 -0.1484525055496845
g Frond
f 164/484/121 167/483/121 165/482/121 162/481/121
f 163/488/122 164/487/122 162/486/122 161/485/122
f 168/492/123 163/491/123 161/490/123 166/489/123
f 167/496/124 168/495/124 166/494/124 165/493/124
f 166/500/125 161/499/125 162/498/125 165/497/125
f 167/504/126 164/503/126 163/502/126 168/501/126
o cube
v -0.4416186235724736 2.3366449748645444 0.07688797911828038
v -0.24868638606750107 2.1559189256275806 0.2119805861829283
v -0.4416186235724736 2.3366449748645444 0.07688797911828038
v -0.24868638606750107 2.1559189256275806 0.2119805861829283
v 0.10979888665190285 2.15591892562758 -0.2999894414976915
v -0.08313335085306975 2.3366449748645444 -0.43508204856233945
v 0.10979888665190285 2.15591892562758 -0.2999894414976915
v -0.08313335085306975 2.3366449748645444 -0.43508204856233945
vt 0 1
vt 0 1
vt 0 1
vt 0 1
vt 0 1
vt 0 1
vt 0 1
vt 0 1
vt 0 1
vt 0 1
vt 0 1
vt 0 1
vt 0 1
vt 0 1
vt 0 1
vt 0 1
vt 0 1
vt 0 1
vt 0 1
vt 0 1
vt 0 0.21875
vt 0.46875 0.21875
vt 0.46875 0
vt 0 0
vn 0.6498770105430656 -0.6087614290087204 0.4550487816914457
vn -0.5735764363510463 0 0.8191520442889918
vn -0.6498770105430656 0.6087614290087204 -0.4550487816914457
vn 0.5735764363510463 0 -0.8191520442889918
vn 0.49866816905678124 0.7933533402912354 0.3491712110387922
vn -0.49866816905678124 -0.7933533402912354 -0.3491712110387922
g Frond
f 172/508/127 175/507/127 173/506/127 170/505/127
f 171/512/128 172/511/128 170/510/128 169/509/128
f 176/516/129 171/515/129 169/514/129 174/513/129
f 175/520/130 176/519/130 174/518/130 173/517/130
f 174/524/131 169/523/131 170/522/131 173/521/131
f 175/528/132 172/527/132 171/526/132 176/525/132
o cube
v -0.9190849372990976 3.0515988224063797 -0.5358260856214495
v -0.5726401588782237 2.7846504053798755 -0.15774795377968975
v -0.9190849372990976 3.0515988224063797 -0.5358260856214495
v -0.5726401588782237 2.7846504053798755 -0.15774795377968975
v -0.11184182337189619 2.7846504053798755 -0.5799918335394773
v -0.4582866017927701 3.0515988224063797 -0.958069965381237
v -0.11184182337189619 2.7846504053798755 -0.5799918335394773
v -0.4582866017927701 3.0515988224063797 -0.958069965381237
vt 0 1
vt 0 1
vt 0 1
vt 0 1
vt 0 1
vt 0 1
vt 0 1
vt 0 1
vt 0 1
vt 0 1
vt 0 1
vt 0 1
vt 0 1
vt 0 1
vt 0 1
vt 0 1
vt 0 1
vt 0 1
vt 0 1
vt 0 1
vt 0 1
vt 0.46875 1
vt 0.46875 0.53125
vt 0 0.53125
vn 0.5992558329442145 -0.46174861323503413 0.6539729848073687
vn -0.7372773368101242 0 0.6755902076156601
vn -0.5992558329442145 0.46174861323503413 -0.6539729848073687
vn 0.7372773368101242 0 -0.6755902076156601
vn 0.31195284148169994 0.8870108331782216 0.340436787841694
vn -0.31195284148169994 -0.8870108331782216 -0.340436787841694
g Frond
f 180/532/133 183/531/133 181/530/133 178/529/133
f 179/536/134 180/535/134 178/534/134 177/533/134
f 184/540/135 179/539/135 177/538/135 182/537/135
f 183/544/136 184/543/136 182/542/136 181/541/136
f 182/548/137 177/547/137 178/546/137 181/545/137
f 183/552/138 180/551/138 179/550/138 184/549/138
o cube
v -0.5726505189771923 2.784661649383659 -0.15775925984376615
v -0.3636504614923284 2.4753024326145443 0.07032427961343235
v -0.5726505189771923 2.784661649383659 -0.15775925984376615
v -0.3636504614923284 2.4753024326145443 0.07032427961343235
v 0.0971478740139991 2.4753024326145443 -0.35191960014635515
v -0.11185218347086484 2.7846616493836587 -0.5800031396035537
v 0.0971478740139991 2.4753024326145443 -0.35191960014635515
v -0.11185218347086484 2.7846616493836587 -0.5800031396035537
vt 0 1
vt 0 1
vt 0 1
vt 0 1
vt 0 1
vt 0 1
vt 0 1
vt 0 1
vt 0 1
vt 0 1
vt 0 1
vt 0 1
vt 0 1
vt 0 1
vt 0 1
vt 0 1
vt 0 1
vt 0 1
vt 0 1
vt 0 1
vt 0 0.53125
vt 0.46875 0.53125
vt 0.46875 0.21875
vt 0 0.21875
vn 0.47771441710826057 -0.7071067811865479 0.5213338044735968
vn -0.7372773368101242 0 0.6755902076156602
vn -0.47771441710826057 0.7071067811865479 -0.5213338044735968
vn 0.7372773368101242 0 -0.6755902076156602
vn 0.4777144171082612 0.7071067811865471 0.5213338044735972
vn -0.4777144171082612 -0.7071067811865471 -0.5213338044735972
g Frond
f 188/556/139 191/555/139 189/554/139 186/553/139
f 187/560/140 188/559/140 186/558/140 185/557/140
f 192/564/141 187/563/141 185/562/141 190/561/141
f 191/568/142 192/567/142 190/566/142 189/565/142
f 190/572/143 185/571/143 186/570/143 189/569/143
f 191/576/144 188/575/144 187/574/144 192/573/144
o cube
v -0.3636596145895177 2.4753227090748084 0.07031429076065862
v -0.2869063894187446 2.2010459728605203 0.15407573787400736
v -0.3636596145895177 2.4753227090748084 0.07031429076065862
v -0.2869063894187446 2.2010459728605203 0.15407573787400736
v 0.17389194608758293 2.2010459728605203 -0.2681681418857802
v 0.0971387209168098 2.4753227090748084 -0.35192958899912885
v 0.17389194608758293 2.2010459728605203 -0.2681681418857802
v 0.0971387209168098 2.4753227090748084 -0.35192958899912885
vt 0 1
vt 0 1
vt 0 1
vt 0 1
vt 0 1
vt 0 1
vt 0 1
vt 0 1
vt 0 1
vt 0 1
vt 0 1
vt 0 1
vt 0 1
vt 0 1
vt 0 1
vt 0 1
vt 0 1
vt 0 1
vt 0 1
vt 0 1
vt 0 0.21875
vt 0.46875 0.21875
vt 0.46875 0
vt 0 0
vn 0.2585371795226043 -0.9238795325112867 0.28214382185549064
vn -0.7372773368101241 0 0.6755902076156602
vn -0.2585371795226043 0.9238795325112867 -0.28214382185549064
vn 0.7372773368101241 0 -0.6755902076156602
vn 0.6241639651811594 0.38268343236508956 0.6811554412633042
vn -0.6241639651811594 -0.38268343236508956 -0.6811554412633042
g Frond
f 196/580/145 199/579/145 197/578/145 194/577/145
f 195/584/146 196/583/146 194/582/146 193/581/146
f 200/588/147 195/587/147 193/586/147 198/585/147
f 199/592/148 200/591/148 198/590/148 197/589/148
f 198/596/149 193/595/149 194/594/149 197/593/149
f 199/600/150 196/599/150 195/598/150 200/597/150
o cube
v 0.6354857287193467 2.959423139923395 -0.9365550091336003
v 0.22632771413043595 2.7381842805873275 -0.593230669998816
v 0.6354857287193467 2.959423139923395 -0.9365550091336003
v 0.22632771413043595 2.7381842805873275 -0.593230669998816
v 0.6280699701845237 2.7381842805873275 -0.11445289304945538
v 1.0372279847734345 2.959423139923395 -0.4577772321842396
v 0.6280699701845237 2.7381842805873275 -0.11445289304945538
v 1.0372279847734345 2.959423139923395 -0.4577772321842396
vt 0 1
vt 0 1
vt 0 1
vt 0 1
vt 0 1
vt 0 1
vt 0 1
vt 0 1
vt 0 1
vt 0 1
vt 0 1
vt 0 1
vt 0 1
vt 0 1
vt 0 1
vt 0 1
vt 0 1
vt 0 1
vt 0 1
vt 0 1
vt 0 1
vt 0.46875 1
vt 0.46875 0.53125
vt 0 0.53125
vn -0.7077327819916297 -0.3826834323650895 0.5938583163412486
vn -0.6427876096865405 0 -0.7660444431189772
vn 0.7077327819916297 0.3826834323650895 -0.5938583163412486
vn 0.6427876096865405 0 0.7660444431189772
vn -0.2931525168369737 0.9238795325112868 0.24598416875659684
vn 0.2931525168369737 -0.9238795325112868 -0.24598416875659684
g Frond
f 204/604/151 207/603/151 205/602/151 202/601/151
f 203/608/152 204/607/152 202/606/152 201/605/152
f 208/612/153 203/611/153 201/610/153 206/609/153
f 207/616/154 208/615/154 206/614/154 205/613/154
f 206/620/155 201/619/155 202/618/155 205/617/155
f 207/624/156 204/623/156 203/622/156 208/621/156
o cube
v 0.22634016734100665 2.7381941452808833 -0.593241119483213
v -0.03039537152363403 2.456974566043022 -0.37781442351179206
v 0.22634016734100665 2.7381941452808833 -0.593241119483213
v -0.03039537152363403 2.456974566043022 -0.37781442351179206
v 0.3713468845304537 2.456974566043022 0.10096335343756857
v 0.6280824233950943 2.738194145280883 -0.11446334253385232
v 0.3713468845304537 2.456974566043022 0.10096335343756857
v 0.6280824233950943 2.738194145280883 -0.11446334253385232
vt 0 1
vt 0 1
vt 0 1
vt 0 1
vt 0 1
vt 0 1
vt 0 1
vt 0 1
vt 0 1
vt 0 1
vt 0 1
vt 0 1
vt 0 1
vt 0 1
vt 0 1
vt 0 1
vt 0 1
vt 0 1
vt 0 1
vt 0 1
vt 0 0.53125
vt 0.46875 0.53125
vt 0.46875 0.21875
vt 0 0.21875
vn -0.5868240888334646 -0.6427876096865393 0.49240387650610495
vn -0.6427876096865405 0 -0.7660444431189772
vn 0.5868240888334646 0.6427876096865393 -0.49240387650610495
vn 0.6427876096865405 0 0.7660444431189772
vn -0.4924038765061034 0.7660444431189781 0.4131759111665356
vn 0.4924038765061034 -0.7660444431189781 -0.4131759111665356
g Frond
f 212/628/157 215/627/157 213/626/157 210/625/157
f 211/632/158 212/631/158 210/630/158 209/629/158
f 216/636/159 211/635/159 209/634/159 214/633/159
f 215/640/160 216/639/160 214/638/160 213/637/160
f 214/644/161 209/643/161 210/642/161 213/641/161
f 215/648/162 212/647/162 211/646/162 216/645/162
o cube
v -0.030383678657876417 2.456993584533293 -0.3778242349911367
v -0.13539429157108335 2.1936622434335087 -0.28970986842596436
v -0.030383678657876417 2.456993584533293 -0.3778242349911367
v -0.13539429157108335 2.1936622434335087 -0.28970986842596436
v 0.2663479644830044 2.1936622434335082 0.18906790852339625
v 0.37135857739621136 2.456993584533293 0.10095354195822395
v 0.2663479644830044 2.1936622434335082 0.18906790852339625
v 0.37135857739621136 2.456993584533293 0.10095354195822395
vt 0 1
vt 0 1
vt 0 1
vt 0 1
vt 0 1
vt 0 1
vt 0 1
vt 0 1
vt 0 1
vt 0 1
vt 0 1
vt 0 1
vt 0 1
vt 0 1
vt 0 1
vt 0 1
vt 0 1
vt 0 1
vt 0 1
vt 0 1
vt 0 0.21875
vt 0.46875 0.21875
vt 0.46875 0
vt 0 0
vn -0.35371995928659183 -0.8870108331782215 0.2968062873774225
vn -0.6427876096865405 0 -0.7660444431189772
vn 0.35371995928659183 0.8870108331782215 -0.2968062873774225
vn 0.6427876096865405 0 0.7660444431189772
vn -0.6794897197425107 0.46174861323503436 0.5701595732246958
vn 0.6794897197425107 -0.46174861323503436 -0.5701595732246958
g Frond
f 220/652/163 223/651/163 221/650/163 218/649/163
f 219/656/164 220/655/164 218/654/164 217/653/164
f 224/660/165 219/659/165 217/658/165 222/657/165
f 223/664/166 224/663/166 222/662/166 221/661/166
f 222/668/167 217/667/167 218/666/167 221/665/167
f 223/672/168 220/671/168 219/670/168 224/669/168
o cube
v 1.2991026350705113 2.5948744106354584 -0.19541633653740187
v 0.72536914396542 2.5444874968594684 -0.24561151289424954
v 1.2991026350705113 2.5948744106354584 -0.19541633653740187
v 0.72536914396542 2.5444874968594684 -0.24561151289424954
v 0.670896804748133 2.5444874968594684 0.3770101734130914
v 1.2446302958532245 2.5948744106354584 0.42720534976993907
v 0.670896804748133 2.5444874968594684 0.3770101734130914
v 1.2446302958532245 2.5948744106354584 0.42720534976993907
vt 0 1
vt 0 1
vt 0 1
vt 0 1
vt 0 1
vt 0 1
vt 0 1
vt 0 1
vt 0 1
vt 0 1
vt 0 1
vt 0 1
vt 0 1
vt 0 1
vt 0 1
vt 0 1
vt 0 1
vt 0 1
vt 0 1
vt 0 1
vt 0 1
vt 0.46875 1
vt 0.46875 0.53125
vt 0 0.53125
vn -0.992403876506104 -0.0871557427476582 -0.08682408883346625
vn 0.08715574274765922 0 -0.9961946980917454
vn 0.992403876506104 0.0871557427476582 0.08682408883346625
vn -0.08715574274765922 0 0.9961946980917454
vn -0.08682408883346515 0.9961946980917455 -0.00759612349389606
vn 0.08682408883346515 -0.9961946980917455 0.00759612349389606
g Frond
f 228/676/169 231/675/169 229/674/169 226/673/169
f 227/680/170 228/679/170 226/678/170 225/677/170
f 232/684/171 227/683/171 225/682/171 230/681/171
f 231/688/172 232/687/172 230/686/172 229/685/172
f 230/692/173 225/691/173 226/690/173 229/689/173
f 231/696/174 228/695/174 227/694/174 232/693/174
o cube
v 0.7253875441611398 2.5444920165575318 -0.2456099030857174
v 0.3227283414272292 2.3770680148978047 -0.2808380185893217
v 0.7253875441611398 2.5444920165575318 -0.2456099030857174
v 0.3227283414272292 2.3770680148978047 -0.2808380185893217
v 0.2682560022099422 2.3770680148978047 0.3417836677180192
v 0.6709152049438528 2.5444920165575318 0.37701178322162354
v 0.2682560022099422 2.3770680148978047 0.3417836677180192
v 0.6709152049438528 2.5444920165575318 0.37701178322162354
vt 0 1
vt 0 1
vt 0 1
vt 0 1
vt 0 1
vt 0 1
vt 0 1
vt 0 1
vt 0 1
vt 0 1
vt 0 1
vt 0 1
vt 0 1
vt 0 1
vt 0 1
vt 0 1
vt 0 1
vt 0 1
vt 0 1
vt 0 1
vt 0 0.53125
vt 0.46875 0.53125
vt 0.46875 0.21875
vt 0 0.21875
vn -0.9203638919632242 -0.38268343236509006 -0.0805214068653814
vn 0.08715574274765922 0 -0.9961946980917455
vn 0.9203638919632242 0.38268343236509006 0.0805214068653814
vn -0.08715574274765922 0 0.9961946980917455
vn -0.38122720636965374 0.9238795325112867 -0.03335305878500304
vn 0.38122720636965374 -0.9238795325112867 0.03335305878500304
g Frond
f 236/700/175 239/699/175 237/698/175 234/697/175
f 235/704/176 236/703/176 234/702/176 233/701/176
f 240/708/177 235/707/177 233/706/177 238/705/177
f 239/712/178 240/711/178 238/710/178 237/709/178
f 238/716/179 233/715/179 234/714/179 237/713/179
f 239/720/180 236/719/180 235/718/180 240/717/180
o cube
v 0.3227485407294407 2.3770815631954063 -0.2808362513793671
v 0.11362503289112169 2.16715923753065 -0.29913218759199495
v 0.3227485407294407 2.3770815631954063 -0.2808362513793671
v 0.11362503289112169 2.16715923753065 -0.29913218759199495
v 0.05915269367383469 2.16715923753065 0.323489498715346
v 0.26827620151215364 2.3770815631954063 0.34178543492797386
v 0.05915269367383469 2.16715923753065 0.323489498715346
v 0.26827620151215364 2.3770815631954063 0.34178543492797386
vt 0 1
vt 0 1
vt 0 1
vt 0 1
vt 0 1
vt 0 1
vt 0 1
vt 0 1
vt 0 1
vt 0 1
vt 0 1
vt 0 1
vt 0 1
vt 0 1
vt 0 1
vt 0 1
vt 0 1
vt 0 1
vt 0 1
vt 0 1
vt 0 0.21875
vt 0.46875 0.21875
vt 0.46875 0
vt 0 0
vn -0.7044160264027586 -0.7071067811865476 -0.0616284167162201
vn 0.08715574274765919 0 -0.9961946980917454
vn 0.7044160264027586 0.7071067811865476 0.0616284167162201
vn -0.08715574274765919 0 0.9961946980917454
vn -0.7044160264027586 0.7071067811865476 -0.0616284167162201
vn 0.7044160264027586 -0.7071067811865476 0.0616284167162201
g Frond
f 244/724/181 247/723/181 245/722/181 242/721/181
f 243/728/182 244/727/182 242/726/182 241/725/182
f 248/732/183 243/731/183 241/730/183 246/729/183
f 247/736/184 248/735/184 246/734/184 245/733/184
f 246/740/185 241/739/185 242/738/185 245/737/185
f 247/744/186 244/743/186 243/742/186 248/741/186
o cube
v -0.8805473504372286 2.538786130784937 1.0026785608842572
v -0.4074258107040062 2.5135686724643524 0.67139529227367
v -0.8805473504372286 2.538786130784937 1.0026785608842572
v -0.4074258107040062 2.5135686724643524 0.67139529227367
v -0.7659110834234101 2.5135686724643524 0.15942526459305018
v -1.2390326231566324 2.538786130784937 0.49070853320363733
v -0.7659110834234101 2.5135686724643524 0.15942526459305018
v -1.2390326231566324 2.538786130784937 0.49070853320363733
vt 0 1
vt 0 1
vt 0 1
vt 0 1
vt 0 1
vt 0 1
vt 0 1
vt 0 1
vt 0 1
vt 0 1
vt 0 1
vt 0 1
vt 0 1
vt 0 1
vt 0 1
vt 0 1
vt 0 1
vt 0 1
vt 0 1
vt 0 1
vt 0 1
vt 0.46875 1
vt 0.46875 0.53125
vt 0 0.53125
vn 0.8183723930520606 -0.043619387365336 -0.5730305186777723
vn 0.5735764363510462 0 0.8191520442889917
vn -0.8183723930520606 0.043619387365336 0.5730305186777723
vn -0.5735764363510462 0 -0.8191520442889917
vn 0.035730910330948405 0.9990482215818578 -0.02501905276082528
vn -0.035730910330948405 -0.9990482215818578 0.02501905276082528
g Frond
f 252/748/187 255/747/187 253/746/187 250/745/187
f 251/752/188 252/751/188 250/750/188 249/749/188
