# Made in Blockbench 4.12.3

o cube
v 0.04125 0.28629253648027525 0.19055414149013059
v 0.04125 0.024485934184167668 -0.010337130082747226
v 0.04125 0.28629253648027525 0.19055414149013059
v 0.04125 0.024485934184167668 -0.010337130082747226
v -0.051562500000000004 0.024485934184167668 -0.010337130082747226
v -0.051562500000000004 0.28629253648027525 0.19055414149013059
v -0.051562500000000004 0.024485934184167668 -0.010337130082747226
v -0.051562500000000004 0.28629253648027525 0.19055414149013059
vt 0 1
vt 0.125 1
vt 0.125 1
vt 0 1
vt 0 1
vt 1 1
vt 1 1
vt 0 1
vt 0 1
vt 0.125 1
vt 0.125 1
vt 0 1
vt 0 1
vt 1 1
vt 1 1
vt 0 1
vt 0 1
vt 0.125 1
vt 0.125 0
vt 0 0
vt 0.40625 0.5
vt 0.5625 0.5
vt 0.5625 0
vt 0.40625 0
vn 0 -0.7933533402912352 -0.6087614290087207
vn 1 0 0
vn 0 0.7933533402912352 0.6087614290087207
vn -1 0 0
vn 0 0.6087614290087207 -0.7933533402912352
vn 0 -0.6087614290087207 0.7933533402912352
g Stem
f 4/4/1 7/3/1 5/2/1 2/1/1
f 3/8/2 4/7/2 2/6/2 1/5/2
f 8/12/3 3/11/3 1/10/3 6/9/3
f 7/16/4 8/15/4 6/14/4 5/13/4
f 6/20/5 1/19/5 2/18/5 5/17/5
f 7/24/6 4/23/6 3/22/6 8/21/6
o cube
v 0.04125 0.487176193636451 0.45235312936953603
v 0.04125 0.2862849220635732 0.19054652707342845
v 0.04125 0.487176193636451 0.45235312936953603
v 0.04125 0.2862849220635732 0.19054652707342845
v -0.051562500000000004 0.2862849220635732 0.19054652707342845
v -0.051562500000000004 0.487176193636451 0.45235312936953603
v -0.051562500000000004 0.2862849220635732 0.19054652707342845
v -0.051562500000000004 0.487176193636451 0.45235312936953603
vt 0 1
vt 0.125 1
vt 0.125 1
vt 0 1
vt 0 1
vt 1 1
vt 1 1
vt 0 1
vt 0 1
vt 0.125 1
vt 0.125 1
vt 0 1
vt 0 1
vt 1 1
vt 1 1
vt 0 1
vt 0 1
vt 0.125 1
vt 0.125 0
vt 0 0
vt 0.40625 1
vt 0.5625 1
vt 0.5625 0.5
vt 0.40625 0.5
vn 0 -0.6087614290087207 -0.7933533402912352
vn 1 0 0
vn 0 0.6087614290087207 0.7933533402912352
vn -1 0 0
vn 0 0.7933533402912352 -0.6087614290087207
vn 0 -0.7933533402912352 0.6087614290087207
g Stem
f 12/28/7 15/27/7 13/26/7 10/25/7
f 11/32/8 12/31/8 10/30/8 9/29/8
f 16/36/9 11/35/9 9/34/9 14/33/9
f 15/40/10 16/39/10 14/38/10 13/37/10
f 14/44/11 9/43/11 10/42/11 13/41/11
f 15/48/12 12/47/12 11/46/12 16/45/12
o cube
v 0.12375 0.5864091074728611 0.767079723116451
v 0.12375 0.48717619363645104 0.45235312936953603
v 0.12375 0.5864091074728611 0.767079723116451
v 0.12375 0.48717619363645104 0.45235312936953603
v -0.1340625 0.48717619363645104 0.45235312936953603
v -0.1340625 0.5864091074728611 0.767079723116451
v -0.1340625 0.48717619363645104 0.45235312936953603
v -0.1340625 0.5864091074728611 0.767079723116451
vt 0 1
vt 0.0625 1
vt 0.0625 1
vt 0 1
vt 0 1
vt 0.5 1
vt 0.5 1
vt 0 1
vt 0 1
vt 0.0625 1
vt 0.0625 1
vt 0 1
vt 0 1
vt 0.5 1
vt 0.5 1
vt 0 1
vt 0.1875 0
vt 0.78125 0
vt 0.78125 1
vt 0.1875 1
vt 0.015625 1
vt 0.09375 1
vt 0.09375 0.75
vt 0.015625 0.75
vn 0 -0.30070579950427306 -0.9537169507482269
vn 1 0 0
vn 0 0.30070579950427306 0.9537169507482269
vn -1 0 0
vn 0 0.9537169507482269 -0.30070579950427306
vn 0 -0.9537169507482269 0.30070579950427306
g Frond
f 20/52/13 23/51/13 21/50/13 18/49/13
f 19/56/14 20/55/14 18/54/14 17/53/14
f 24/60/15 19/59/15 17/58/15 22/57/15
f 23/64/16 24/63/16 22/62/16 21/61/16
f 22/68/17 17/67/17 18/66/17 21/65/17
f 23/72/18 20/71/18 19/70/18 24/69/18
o cube
v -0.27304171716234615 0.5013386350581316 0.5319533342635999
v 0.03183852856637837 0.4244608737204357 0.4317642850810829
v -0.27304171716234615 0.5013386350581316 0.5319533342635999
v 0.03183852856637837 0.4244608737204357 0.4317642850810829
v -0.06225573170834261 0.34767769615191246 0.20434858865253008
v -0.36713597743706716 0.4245554574896083 0.30453763783504717
v -0.06225573170834261 0.34767769615191246 0.20434858865253008
v -0.36713597743706716 0.4245554574896083 0.30453763783504717
vt 0 1
vt 0.0625 1
vt 0.0625 1
vt 0 1
vt 0 1
vt 0.5 1
vt 0.5 1
vt 0 1
vt 0 1
vt 0.0625 1
vt 0.0625 1
vt 0 1
vt 0 1
vt 0.5 1
vt 0.5 1
vt 0 1
vt 0.1875 0
vt 0.78125 0
vt 0.78125 1
vt 0.1875 1
vt 0.015625 1
vt 0.09375 1
vt 0.09375 0.75
vt 0.015625 0.75
vn 0.9238795325112866 -0.232962913144533 -0.30360317934096076
vn 0.3649716762170996 0.2978256584476054 0.8820972467531746
vn -0.9238795325112866 0.232962913144533 0.30360317934096076
vn -0.3649716762170996 -0.2978256584476054 -0.8820972467531746
vn 0.1150751274863834 0.9257581532287269 -0.3601798950032185
vn -0.1150751274863834 -0.9257581532287269 0.3601798950032185
g Frond
f 28/76/19 31/75/19 29/74/19 26/73/19
f 27/80/20 28/79/20 26/78/20 25/77/20
f 32/84/21 27/83/21 25/82/21 30/81/21
f 31/88/22 32/87/22 30/86/22 29/85/22
f 30/92/23 25/91/23 26/90/23 29/89/23
f 31/96/24 28/95/24 27/94/24 32/93/24
o cube
v 0.350673213973642 0.4456854846743499 0.3044539678438345
v 0.0457929682449173 0.3688077233366539 0.20426491866131796
v 0.350673213973642 0.4456854846743499 0.3044539678438345
v 0.0457929682449173 0.3688077233366539 0.20426491866131796
v -0.041720028287323026 0.40297942990033364 0.4443504348107181
v 0.26316021744140167 0.4798571912380296 0.5445394839932346
v -0.041720028287323026 0.40297942990033364 0.4443504348107181
v 0.26316021744140167 0.4798571912380296 0.5445394839932346
vt 0 1
vt 0.0625 1
vt 0.0625 1
vt 0 1
vt 0 1
vt 0.5 1
vt 0.5 1
vt 0 1
vt 0 1
vt 0.0625 1
vt 0.0625 1
vt 0 1
vt 0 1
vt 0.5 1
vt 0.5 1
vt 0 1
vt 0.1875 0
vt 0.78125 0
vt 0.78125 1
vt 0.1875 1
vt 0.015625 1
vt 0.09375 1
vt 0.09375 0.75
vt 0.015625 0.75
vn -0.9238795325112868 -0.2329629131445333 -0.3036031793409591
vn 0.3394443501856595 -0.13254480121669726 -0.9312407899128248
vn 0.9238795325112868 0.2329629131445333 0.3036031793409591
vn -0.3394443501856595 0.13254480121669726 0.9312407899128248
vn -0.1767035442026033 0.9634106895657941 -0.20153337365458796
vn 0.1767035442026033 -0.9634106895657941 0.20153337365458796
g Frond
f 36/100/25 39/99/25 37/98/25 34/97/25
f 35/104/26 36/103/26 34/102/26 33/101/26
f 40/108/27 35/107/27 33/106/27 38/105/27
f 39/112/28 40/111/28 38/110/28 37/109/28
f 38/116/29 33/115/29 34/114/29 37/113/29
f 39/120/30 36/119/30 35/118/30 40/117/30
o cube
v -0.3031022464912352 0.30317368203969003 0.3404063951555011
v 0.015653276184157412 0.251179194961767 0.2726458603476869
v -0.3031022464912352 0.30317368203969003 0.3404063951555011
v 0.015653276184157412 0.251179194961767 0.2726458603476869
v -0.04599423480813196 0.18939314735690715 0.030057002676779895
v -0.36474975748352456 0.2413876344348302 0.09781753748459412
v -0.04599423480813196 0.18939314735690715 0.030057002676779895
v -0.36474975748352456 0.2413876344348302 0.09781753748459412
vt 0 1
vt 0.0625 1
vt 0.0625 1
vt 0 1
vt 0 1
vt 0.5 1
vt 0.5 1
vt 0 1
vt 0 1
vt 0.0625 1
vt 0.0625 1
vt 0 1
vt 0 1
vt 0.5 1
vt 0.5 1
vt 0 1
vt 0.1875 0
vt 0.78125 0
vt 0.78125 1
vt 0.1875 1
vt 0.015625 1
vt 0.09375 1
vt 0.09375 0.75
vt 0.015625 0.75
vn 0.9659258262890684 -0.157559051751282 -0.2053349539630734
vn 0.23911761839433457 0.23965497252794124 0.940950720662912
vn -0.9659258262890684 0.157559051751282 0.2053349539630734
vn -0.23911761839433457 -0.23965497252794124 -0.940950720662912
vn 0.09904576054128736 0.9579878075183779 -0.2691640725745718
vn -0.09904576054128736 -0.9579878075183779 0.2691640725745718
g Frond
f 44/124/31 47/123/31 45/122/31 42/121/31
f 43/128/32 44/127/32 42/126/32 41/125/32
f 48/132/33 43/131/33 41/130/33 46/129/33
f 47/136/34 48/135/34 46/134/34 45/133/34
f 46/140/35 41/139/35 42/138/35 45/137/35
f 47/144/36 44/143/36 43/142/36 48/141/36
o cube
v 0.3459069346450277 0.21959847283181771 0.06779188620633061
v 0.018730130391670277 0.19337690010316555 0.03361926731055069
v 0.3459069346450277 0.21959847283181771 0.06779188620633061
v 0.018730130391670277 0.19337690010316555 0.03361926731055069
v -0.011768290279439469 0.24796084095871973 0.2837346904525381
v 0.31540851397391795 0.2741824136873719 0.317907309348318
v -0.011768290279439469 0.24796084095871973 0.2837346904525381
v 0.31540851397391795 0.2741824136873719 0.317907309348318
vt 0 1
vt 0.0625 1
vt 0.0625 1
vt 0 1
vt 0 1
vt 0.5 1
vt 0.5 1
vt 0 1
vt 0 1
vt 0.0625 1
vt 0.0625 1
vt 0 1
vt 0 1
vt 0.5 1
vt 0.5 1
vt 0 1
vt 0.1875 0
vt 0.78125 0
vt 0.78125 1
vt 0.1875 1
vt 0.015625 1
vt 0.09375 1
vt 0.09375 0.75
vt 0.015625 0.75
vn -0.9914448613738106 -0.07945931129894598 -0.10355339059327241
vn 0.11829690442127426 -0.2117195281669981 -0.970144671581042
vn 0.9914448613738106 0.07945931129894598 0.10355339059327241
vn -0.11829690442127426 0.2117195281669981 0.970144671581042
vn -0.05516275246767123 0.9740949949777183 -0.21930802880776967
vn 0.05516275246767123 -0.9740949949777183 0.21930802880776967
g Frond
f 52/148/37 55/147/37 53/146/37 50/145/37
f 51/152/38 52/151/38 50/150/38 49/149/38
f 56/156/39 51/155/39 49/154/39 54/153/39
f 55/160/40 56/159/40 54/158/40 53/157/40
f 54/164/41 49/163/41 50/162/41 53/161/41
f 55/168/42 52/167/42 51/166/42 56/165/42
o cube
v -0.10715237426014573 0.2916802791091683 -0.4558604220897007
v -0.2520414474173953 0.22016212529758883 -0.16812389303053446
v -0.10715237426014573 0.2916802791091683 -0.4558604220897007
v -0.2520414474173953 0.22016212529758883 -0.16812389303053446
v -0.02044548970851698 0.18833311458706153 -0.059415514299423905
v 0.12444358344873262 0.25985126839864103 -0.3471520433585902
v -0.02044548970851698 0.18833311458706153 -0.059415514299423905
v 0.12444358344873262 0.25985126839864103 -0.3471520433585902
vt 0 1
vt 0.0625 1
vt 0.0625 1
vt 0 1
vt 0 1
vt 0.5 1
vt 0.5 1
vt 0 1
vt 0 1
vt 0.0625 1
vt 0.0625 1
vt 0 1
vt 0 1
vt 0.5 1
vt 0.5 1
vt 0 1
vt 0.1875 0
vt 0.78125 0
vt 0.78125 1
vt 0.1875 1
vt 0.015625 1
vt 0.09375 1
vt 0.09375 0.75
vt 0.015625 0.75
vn -0.4390577974462109 -0.21672167821690763 0.8719288759368676
vn -0.8983115935374675 0.12345798093780287 -0.42165674174491385
vn 0.4390577974462109 0.21672167821690763 -0.8719288759368676
vn 0.8983115935374675 -0.12345798093780287 0.42165674174491385
vn 0.016264421842102746 0.9683954983030478 0.2488887853008525
vn -0.016264421842102746 -0.9683954983030478 -0.2488887853008525
g Frond
f 60/172/43 63/171/43 61/170/43 58/169/43
f 59/176/44 60/175/44 58/174/44 57/173/44
f 64/180/45 59/179/45 57/178/45 62/177/45
f 63/184/46 64/183/46 62/182/46 61/181/46
f 62/188/47 57/187/47 58/186/47 61/185/47
f 63/192/48 60/191/48 59/190/48 64/189/48
o cube
v -0.5150919230720903 0.38171555000519974 0.06807041126106372
v -0.23466803170712391 0.34109291917680484 -0.10108112735537743
v -0.5150919230720903 0.38171555000519974 0.06807041126106372
v -0.23466803170712391 0.34109291917680484 -0.10108112735537743
v -0.36570005769817615 0.35830879856372067 -0.3224439670956224
v -0.6461239490631425 0.39893142939211557 -0.1532924284791812
v -0.36570005769817615 0.35830879856372067 -0.3224439670956224
v -0.6461239490631425 0.39893142939211557 -0.1532924284791812
vt 0 1
vt 0.0625 1
vt 0.0625 1
vt 0 1
vt 0 1
vt 0.5 1
vt 0.5 1
vt 0 1
vt 0 1
vt 0.0625 1
vt 0.0625 1
vt 0 1
vt 0 1
vt 0.5 1
vt 0.5 1
vt 0 1
vt 0.1875 0
vt 0.78125 0
vt 0.78125 1
vt 0.1875 1
vt 0.015625 1
vt 0.09375 1
vt 0.09375 0.75
vt 0.015625 0.75
vn 0.8497693677726258 -0.1230988812981662 -0.5125804200498222
vn 0.5082454341471118 -0.06677674428864303 0.8586194995985259
vn -0.8497693677726258 0.1230988812981662 0.5125804200498222
vn -0.5082454341471118 0.06677674428864303 -0.8586194995985259
vn 0.139923551498402 0.9901452074546183 -0.005819612592335788
vn -0.139923551498402 -0.9901452074546183 0.005819612592335788
g Frond
f 68/196/49 71/195/49 69/194/49 66/193/49
f 67/200/50 68/199/50 66/198/50 65/197/50
f 72/204/51 67/203/51 65/202/51 70/201/51
f 71/208/52 72/207/52 70/206/52 69/205/52
f 70/212/53 65/211/53 66/210/53 69/209/53
f 71/216/54 68/215/54 67/214/54 72/213/54
o cube
v -0.2976534629678158 0.46647524557408837 -0.5559567197721601
v -0.4058229038424659 0.37469333201053945 -0.2580046222741246
v -0.2976534629678158 0.46647524557408837 -0.5559567197721601
v -0.4058229038424659 0.37469333201053945 -0.2580046222741246
v -0.16311536535068816 0.3292006490552907 -0.18390501557445632
v -0.05494592447603808 0.4209825626188396 -0.4818571130724918
v -0.16311536535068816 0.3292006490552907 -0.18390501557445632
v -0.05494592447603808 0.4209825626188396 -0.4818571130724918
vt 0 1
vt 0.0625 1
vt 0.0625 1
vt 0 1
vt 0 1
vt 0.5 1
vt 0.5 1
vt 0 1
vt 0 1
vt 0.0625 1
vt 0.0625 1
vt 0 1
vt 0 1
vt 0.5 1
vt 0.5 1
vt 0 1
vt 0.1875 0
vt 0.78125 0
vt 0.78125 1
vt 0.1875 1
vt 0.015625 1
vt 0.09375 1
vt 0.09375 0.75
vt 0.015625 0.75
vn -0.32778618446863655 -0.27812701079863306 0.9028851439334408
vn -0.9414110583923496 0.1764564672203589 -0.287416656289622
vn 0.32778618446863655 0.27812701079863306 -0.9028851439334408
vn 0.9414110583923496 -0.1764564672203589 0.287416656289622
vn 0.0793815873366695 0.9441972680750182 0.31967183571841806
vn -0.0793815873366695 -0.9441972680750182 -0.31967183571841806
g Frond
f 76/220/55 79/219/55 77/218/55 74/217/55
f 75/224/56 76/223/56 74/222/56 73/221/56
f 80/228/57 75/227/57 73/226/57 78/225/57
f 79/232/58 80/231/58 78/230/58 77/229/58
f 78/236/59 73/235/59 74/234/59 77/233/59
f 79/240/60 76/239/60 75/238/60 80/237/60
o cube
v -0.7402045106168522 0.49401683700890275 -0.40313295922925185
v -0.48822005535707064 0.4271020291588956 -0.2008306043298886
v -0.7402045106168522 0.49401683700890275 -0.40313295922925185
v -0.48822005535707064 0.4271020291588956 -0.2008306043298886
v -0.32391912102043535 0.4487326575202566 -0.3983264373215023
v -0.5759035762802169 0.5156474653702636 -0.6006287922208656
v -0.32391912102043535 0.4487326575202566 -0.3983264373215023
v -0.5759035762802169 0.5156474653702636 -0.6006287922208656
vt 0 1
vt 0.0625 1
vt 0.0625 1
vt 0 1
vt 0 1
vt 0.5 1
vt 0.5 1
vt 0 1
vt 0 1
vt 0.0625 1
vt 0.0625 1
vt 0 1
vt 0 1
vt 0.5 1
vt 0.5 1
vt 0 1
vt 0.1875 0
vt 0.78125 0
vt 0.78125 1
vt 0.1875 1
vt 0.015625 1
vt 0.09375 1
vt 0.09375 0.75
vt 0.015625 0.75
vn 0.763589258362974 -0.2027721450000214 0.613037439088979
vn -0.6372884725784641 -0.0839006190986122 0.7660444431189865
vn -0.763589258362974 0.2027721450000214 -0.613037439088979
vn 0.6372884725784641 0.0839006190986122 -0.7660444431189865
vn 0.10389825422639062 0.975625001384733 0.19328996208222612
vn -0.10389825422639062 -0.975625001384733 -0.19328996208222612
g Frond
f 84/244/61 87/243/61 85/242/61 82/241/61
f 83/248/62 84/247/62 82/246/62 81/245/62
f 88/252/63 83/251/63 81/250/63 86/249/63
f 87/256/64 88/255/64 86/254/64 85/253/64
f 86/260/65 81/259/65 82/258/65 85/257/65
f 87/264/66 84/263/66 83/262/66 88/261/66
o cube
v -0.43564375636934133 0.4340238302345353 -0.2640292708872072
v -0.21058247082356374 0.26102895615068944 -0.09574323079713841
v -0.43564375636934133 0.4340238302345353 -0.2640292708872072
v -0.21058247082356374 0.26102895615068944 -0.09574323079713841
v -0.15143413446237433 0.2688159823607792 -0.16684173067411875
v -0.3764954200081519 0.44181085644462503 -0.33512777076418754
v -0.15143413446237433 0.2688159823607792 -0.16684173067411875
v -0.3764954200081519 0.44181085644462503 -0.33512777076418754
vt 0 1
vt 0.125 1
vt 0.125 1
vt 0 1
vt 0 1
vt 1 1
vt 1 1
vt 0 1
vt 0 1
vt 0.125 1
vt 0.125 1
vt 0 1
vt 0 1
vt 1 1
vt 1 1
vt 0 1
vt 0 1
vt 0.125 1
vt 0.125 0
vt 0 0
vt 0.40625 1
vt 0.5625 1
vt 0.5625 0.5
vt 0.40625 0.5
vn 0.6820038955932656 -0.5242268911631693 0.5099576972426327
vn -0.6372884725784718 -0.0839006190986103 0.7660444431189801
vn -0.6820038955932656 0.5242268911631693 -0.5099576972426327
vn 0.6372884725784718 0.0839006190986103 -0.7660444431189801
vn 0.3587953303963257 0.8474354563601103 0.39130430382187603
vn -0.3587953303963257 -0.8474354563601103 -0.39130430382187603
g Stem
f 92/268/67 95/267/67 93/266/67 90/265/67
f 91/272/68 92/271/68 90/270/68 89/269/68
f 96/276/69 91/275/69 89/274/69 94/273/69
f 95/280/70 96/279/70 94/278/70 93/277/70
f 94/284/71 89/283/71 90/282/71 93/281/71
f 95/288/72 92/287/72 91/286/72 96/285/72
o cube
v -0.21058924778401714 0.2610357440681238 -0.09574812524984999
v -0.023841550961671704 0.021555823626533903 0.033382295011369426
v -0.21058924778401714 0.2610357440681238 -0.09574812524984999
v -0.023841550961671704 0.021555823626533903 0.033382295011369426
v 0.03530678539951816 0.02934284983662385 -0.037716204865610545
v -0.15144091142282728 0.2688227702782138 -0.16684662512682996
v 0.03530678539951816 0.02934284983662385 -0.037716204865610545
v -0.15144091142282728 0.2688227702782138 -0.16684662512682996
vt 0 1
vt 0.125 1
vt 0.125 1
vt 0 1
vt 0 1
vt 1 1
vt 1 1
vt 0 1
vt 0 1
vt 0.125 1
vt 0.125 1
vt 0 1
vt 0 1
vt 1 1
vt 1 1
vt 0 1
vt 0 1
vt 0.125 1
vt 0.125 0
vt 0 0
vt 0.40625 0.5
vt 0.5625 0.5
vt 0.5625 0
vt 0.40625 0
vn 0.5659021115828649 -0.7256967286108784 0.391304303821877
vn -0.6372884725784764 -0.08390061909861218 0.766044443118976
vn -0.5659021115828649 0.7256967286108784 -0.391304303821877
vn 0.6372884725784764 0.08390061909861218 -0.766044443118976
vn 0.523085272995376 0.6828798900233765 0.5099576972426382
vn -0.523085272995376 -0.6828798900233765 -0.5099576972426382
g Stem
f 100/292/73 103/291/73 101/290/73 98/289/73
f 99/296/74 100/295/74 98/294/74 97/293/74
f 104/300/75 99/299/75 97/298/75 102/297/75
f 103/304/76 104/303/76 102/302/76 101/301/76
f 102/308/77 97/307/77 98/306/77 101/305/77
f 103/312/78 100/311/78 99/310/78 104/309/78
o cube
v -0.3028014713978709 0.18162621042666097 0.21654268322623813
v -0.06491907293370319 0.1864961846704715 -0.012123553572725064
v -0.3028014713978709 0.18162621042666097 0.21654268322623813
v -0.06491907293370319 0.1864961846704715 -0.012123553572725064
v -0.24256778446049454 0.21816323163429252 -0.19625779423890863
v -0.48045018292466224 0.213293257390482 0.03240844256005457
v -0.24256778446049454 0.21816323163429252 -0.19625779423890863
v -0.48045018292466224 0.213293257390482 0.03240844256005457
vt 0 1
vt 0.0625 1
vt 0.0625 1
vt 0 1
vt 0 1
vt 0.5 1
vt 0.5 1
vt 0 1
vt 0 1
vt 0.0625 1
vt 0.0625 1
vt 0 1
vt 0 1
vt 0.5 1
vt 0.5 1
vt 0 1
vt 0.1875 0
vt 0.78125 0
vt 0.78125 1
vt 0.1875 1
vt 0.015625 1
vt 0.09375 1
vt 0.09375 0.75
vt 0.015625 0.75
vn 0.7208557529217205 0.014757497708516865 -0.6929279902998887
vn 0.6890616689524028 -0.12282975792027553 0.7142176607658031
vn -0.7208557529217205 -0.014757497708516865 0.6929279902998887
vn -0.6890616689524028 0.12282975792027553 -0.7142176607658031
vn 0.07457211181258477 0.9923180270611985 0.09871136362740476
vn -0.07457211181258477 -0.9923180270611985 -0.09871136362740476
g Frond
f 108/316/79 111/315/79 109/314/79 106/313/79
f 107/320/80 108/319/80 106/318/80 105/317/80
f 112/324/81 107/323/81 105/322/81 110/321/81
f 111/328/82 112/327/82 110/326/82 109/325/82
f 110/332/83 105/331/83 106/330/83 109/329/83
f 111/336/84 108/335/84 107/334/84 112/333/84
o cube
v 0.3899817544843317 0.3571292287943125 0.14567020135333764
v 0.2137625186843927 0.2814863808210035 -0.12289066788224615
v 0.3899817544843317 0.3571292287943125 0.14567020135333764
v 0.2137625186843927 0.2814863808210035 -0.12289066788224615
v 0.023011390816467796 0.1940543214455328 0.02689894246082372
v 0.19923062661640678 0.2696971694188418 0.29545981169640745
v 0.023011390816467796 0.1940543214455328 0.02689894246082372
v 0.19923062661640678 0.2696971694188418 0.29545981169640745
vt 0 1
vt 0.0625 1
vt 0.0625 1
vt 0 1
vt 0 1
vt 0.5 1
vt 0.5 1
vt 0 1
vt 0 1
vt 0.0625 1
vt 0.0625 1
vt 0 1
vt 0 1
vt 0.5 1
vt 0.5 1
vt 0 1
vt 0.1875 0
vt 0.78125 0
vt 0.78125 1
vt 0.1875 1
vt 0.015625 1
vt 0.09375 1
vt 0.09375 0.75
vt 0.015625 0.75
vn -0.5339976842422395 -0.22922075143426976 -0.8138208158654056
vn 0.739883162639224 0.33913041212303807 -0.581002124967059
vn 0.5339976842422395 0.22922075143426976 0.8138208158654056
vn -0.739883162639224 -0.33913041212303807 0.581002124967059
vn -0.4091691323485988 0.9123861083363596 0.011498280216091618
vn 0.4091691323485988 -0.9123861083363596 -0.011498280216091618
g Frond
f 116/340/85 119/339/85 117/338/85 114/337/85
f 115/344/86 116/343/86 114/342/86 113/341/86
f 120/348/87 115/347/87 113/346/87 118/345/87
f 119/352/88 120/351/88 118/350/88 117/349/88
f 118/356/89 113/355/89 114/354/89 117/353/89
f 119/360/90 116/359/90 115/358/90 120/357/90
o cube
v 0.09040004951043754 0.46143008046480793 -0.4445811671428188
v 0.12433835348659186 0.38835700643738025 -0.12456785902047815
v 0.09040004951043754 0.46143008046480793 -0.4445811671428188
v 0.12433835348659186 0.38835700643738025 -0.12456785902047815
v 0.37299379329486426 0.45555968899940624 -0.13559314207680656
v 0.33905548931871 0.5286327630268339 -0.45560645019914714
v 0.37299379329486426 0.45555968899940624 -0.13559314207680656
v 0.33905548931871 0.5286327630268339 -0.45560645019914714
vt 0 1
vt 0.0625 1
vt 0.0625 1
vt 0 1
vt 0 1
vt 0.5 1
vt 0.5 1
vt 0 1
vt 0 1
vt 0.0625 1
vt 0.0625 1
vt 0 1
vt 0 1
vt 0.5 1
vt 0.5 1
vt 0 1
vt 0.1875 0
vt 0.78125 0
vt 0.78125 1
vt 0.1875 1
vt 0.015625 1
vt 0.09375 1
vt 0.09375 0.75
vt 0.015625 0.75
vn 0.10284334538228591 -0.22143355765887202 0.9697372973404266
vn -0.9644817059229963 -0.26066495054361605 0.042764734279092
vn -0.10284334538228591 0.22143355765887202 -0.9697372973404266
vn 0.9644817059229963 0.26066495054361605 -0.042764734279092
vn -0.24330697739778656 0.9396919511736967 0.24037627097724068
vn 0.24330697739778656 -0.9396919511736967 -0.24037627097724068
g Frond
f 124/364/91 127/363/91 125/362/91 122/361/91
f 123/368/92 124/367/92 122/366/92 121/365/92
f 128/372/93 123/371/93 121/370/93 126/369/93
f 127/376/94 128/375/94 126/374/94 125/373/94
f 126/380/95 121/379/95 122/378/95 125/377/95
f 127/384/96 124/383/96 123/382/96 128/381/96
o cube
v 0.5281631120130077 0.5751960602193826 0.04459605345300696
v 0.33075247905466854 0.47166532083033963 -0.19873587621621228
v 0.5281631120130077 0.5751960602193826 0.04459605345300696
v 0.33075247905466854 0.47166532083033963 -0.19873587621621228
v 0.1681677208097347 0.37281489475677076 -0.024775895738631343
v 0.3655783537680739 0.47634563414581377 0.2185560339305879
v 0.1681677208097347 0.37281489475677076 -0.024775895738631343
v 0.3655783537680739 0.47634563414581377 0.2185560339305879
vt 0 1
vt 0.0625 1
vt 0.0625 1
vt 0 1
vt 0 1
vt 0.5 1
vt 0.5 1
vt 0 1
vt 0 1
vt 0.0625 1
vt 0.0625 1
vt 0 1
vt 0 1
vt 0.5 1
vt 0.5 1
vt 0 1
vt 0.1875 0
vt 0.78125 0
vt 0.78125 1
vt 0.1875 1
vt 0.015625 1
vt 0.09375 1
vt 0.09375 0.75
vt 0.015625 0.75
vn -0.5982140392676948 -0.3137295133001305 -0.7373694838461191
vn 0.630631789556107 0.3834198344671761 -0.6747538636706168
vn 0.5982140392676948 0.3137295133001305 0.7373694838461191
vn -0.630631789556107 -0.3834198344671761 0.6747538636706168
vn -0.49441228668419124 0.8686558714598243 0.031519323502932545
vn 0.49441228668419124 -0.8686558714598243 -0.031519323502932545
g Frond
f 132/388/97 135/387/97 133/386/97 130/385/97
f 131/392/98 132/391/98 130/390/98 129/389/98
f 136/396/99 131/395/99 129/394/99 134/393/99
f 135/400/100 136/399/100 134/398/100 133/397/100
f 134/404/101 129/403/101 130/402/101 133/401/101
f 135/408/102 132/407/102 131/406/102 136/405/102
o cube
v 0.5818826698583498 0.6680729163467412 -0.4119706662291176
v 0.30655327896856477 0.5317359236387278 -0.2915300130774713
v 0.5818826698583498 0.6680729163467412 -0.4119706662291176
v 0.30655327896856477 0.5317359236387278 -0.2915300130774713
v 0.4043697965013144 0.5446137124772158 -0.053342321101906315
v 0.6796991873910995 0.680950705185229 -0.17378297425355263
v 0.4043697965013144 0.5446137124772158 -0.053342321101906315
v 0.6796991873910995 0.680950705185229 -0.17378297425355263
vt 0 1
vt 0.0625 1
vt 0.0625 1
vt 0 1
vt 0 1
vt 0.5 1
vt 0.5 1
vt 0 1
vt 0 1
vt 0.0625 1
vt 0.0625 1
vt 0 1
vt 0 1
vt 0.5 1
vt 0.5 1
vt 0 1
vt 0.1875 0
vt 0.78125 0
vt 0.78125 1
vt 0.1875 1
vt 0.015625 1
vt 0.09375 1
vt 0.09375 0.75
vt 0.015625 0.75
vn -0.8343314875448029 -0.4131424021454947 0.3649716762171101
vn -0.3794095225512712 -0.04995021125231695 -0.9238795325112824
vn 0.8343314875448029 0.4131424021454947 -0.3649716762171101
vn 0.3794095225512712 0.04995021125231695 0.9238795325112824
vn -0.39992422168292463 0.9092955140906062 0.11507512748638467
vn 0.39992422168292463 -0.9092955140906062 -0.11507512748638467
g Frond
f 140/412/103 143/411/103 141/410/103 138/409/103
f 139/416/104 140/415/104 138/414/104 137/413/104
f 144/420/105 139/419/105 137/418/105 142/417/105
f 143/424/106 144/423/106 142/422/106 141/421/106
f 142/428/107 137/427/107 138/426/107 141/425/107
f 143/432/108 140/431/108 139/430/108 144/429/108
o cube
v 0.3378545645790447 0.5358568160670455 -0.21530995164528538
v 0.12426767374883695 0.30511281400114576 -0.1151209024627683
v 0.3378545645790447 0.5358568160670455 -0.21530995164528538
v 0.12426767374883695 0.30511281400114576 -0.1151209024627683
v 0.1594816200606261 0.30974881798300113 -0.029373333351564612
v 0.3730685108908339 0.5404928200489009 -0.1295623825340817
v 0.1594816200606261 0.30974881798300113 -0.029373333351564612
v 0.3730685108908339 0.5404928200489009 -0.1295623825340817
vt 0 1
vt 0.125 1
vt 0.125 1
vt 0 1
vt 0 1
vt 1 1
vt 1 1
vt 0 1
vt 0 1
vt 0.125 1
vt 0.125 1
vt 0 1
vt 0 1
vt 1 1
vt 1 1
vt 0 1
vt 0 1
vt 0.125 1
vt 0.125 0
vt 0 0
vt 0.40625 1
vt 0.5625 1
vt 0.5625 0.5
vt 0.40625 0.5
vn -0.6472330025157815 -0.6992242486845451 0.30360317934096115
vn -0.3794095225512637 -0.04995021125231394 -0.9238795325112854
vn 0.6472330025157815 0.6992242486845451 -0.30360317934096115
vn 0.3794095225512637 0.04995021125231394 0.9238795325112854
vn -0.6611640149401875 0.7131552611089556 0.2329629131445366
vn 0.6611640149401875 -0.7131552611089556 -0.2329629131445366
g Stem
f 148/436/109 151/435/109 149/434/109 146/433/109
f 147/440/110 148/439/110 146/438/110 145/437/110
f 152/444/111 147/443/111 145/442/111 150/441/111
f 151/448/112 152/447/112 150/446/112 149/445/112
f 150/452/113 145/451/113 146/450/113 149/449/113
f 151/456/114 148/455/114 147/454/114 152/453/114
o cube
v 0.12427365448804177 0.3051212815016031 -0.11512381637388533
v -0.02556523265066097 0.02132889662713286 -0.03824605503619086
v 0.12427365448804177 0.3051212815016031 -0.11512381637388533
v -0.02556523265066097 0.02132889662713286 -0.03824605503619086
v 0.009648713661127187 0.02596490060898813 0.04750151407501321
v 0.15948760079982993 0.3097572854834584 -0.02937624726268126
v 0.009648713661127187 0.02596490060898813 0.04750151407501321
v 0.15948760079982993 0.3097572854834584 -0.02937624726268126
vt 0 1
vt 0.125 1
vt 0.125 1
vt 0 1
vt 0 1
vt 1 1
vt 1 1
vt 0 1
vt 0 1
vt 0.125 1
vt 0.125 1
vt 0 1
vt 0 1
vt 1 1
vt 1 1
vt 0 1
vt 0 1
vt 0.125 1
vt 0.125 0
vt 0 0
vt 0.40625 0.5
vt 0.5625 0.5
vt 0.5625 0
vt 0.40625 0
vn -0.454057233753645 -0.8599769238620315 0.23296291314452897
vn -0.3794095225512531 -0.049950211252312575 -0.92387953251129
vn 0.454057233753645 0.8599769238620315 -0.23296291314452897
vn 0.3794095225512531 0.049950211252312575 0.92387953251129
vn -0.8061516251136744 0.5078825325020017 0.3036031793409534
vn 0.8061516251136744 -0.5078825325020017 -0.3036031793409534
g Stem
f 156/460/115 159/459/115 157/458/115 154/457/115
f 155/464/116 156/463/116 154/462/116 153/461/116
f 160/468/117 155/467/117 153/466/117 158/465/117
f 159/472/118 160/471/118 158/470/118 157/469/118
f 158/476/119 153/475/119 154/474/119 157/473/119
f 159/480/120 156/479/120 155/478/120 160/477/120
o cube
v -0.09505799774272271 0.20897615759084234 -0.3496110415131731
v 0.0011973137807048378 0.19520057211287736 -0.034261793459103365
v -0.09505799774272271 0.20897615759084234 -0.3496110415131731
v 0.0011973137807048378 0.19520057211287736 -0.034261793459103365
v 0.23474369959251803 0.2810024806370176 -0.10179995544256898
v 0.13848838806909047 0.2947780661149826 -0.41714920349663875
v 0.23474369959251803 0.2810024806370176 -0.10179995544256898
v 0.13848838806909047 0.2947780661149826 -0.41714920349663875
vt 0 1
vt 0.0625 1
vt 0.0625 1
vt 0 1
vt 0 1
vt 0.5 1
vt 0.5 1
vt 0 1
vt 0 1
vt 0.0625 1
vt 0.0625 1
vt 0 1
vt 0 1
vt 0.5 1
vt 0.5 1
vt 0 1
vt 0.1875 0
vt 0.78125 0
vt 0.78125 1
vt 0.1875 1
vt 0.015625 1
vt 0.09375 1
vt 0.09375 0.75
vt 0.015625 0.75
vn 0.2916827621922047 -0.04174419841807571 0.9556037819820297
vn -0.9058768904215779 -0.3328074027603015 0.26196620405707866
vn -0.2916827621922047 0.04174419841807571 -0.9556037819820297
vn 0.9058768904215779 0.3328074027603015 -0.26196620405707866
vn -0.3070964435483717 0.9420704084973558 0.13488928717124596
vn 0.3070964435483717 -0.9420704084973558 -0.13488928717124596
g Frond
f 164/484/121 167/483/121 165/482/121 162/481/121
f 163/488/122 164/487/122 162/486/122 161/485/122
f 168/492/123 163/491/123 161/490/123 166/489/123
f 167/496/124 168/495/124 166/494/124 165/493/124
f 166/500/125 161/499/125 162/498/125 165/497/125
f 167/504/126 164/503/126 163/502/126 168/501/126
