# Made in Blockbench 5.0.4

o cube
v 0.3125 0.10353213734967759 -0.09978119885855496
v 0.3125 0.10353213734967759 -0.09978119885855496
v 0.3125 0.07467284902248794 -0.15521937593219381
v 0.3125 0.07467284902248794 -0.15521937593219381
v -0.6875 0.10353213734967759 -0.09978119885855496
v -0.6875 0.10353213734967759 -0.09978119885855496
v -0.6875 0.07467284902248794 -0.15521937593219381
v -0.6875 0.07467284902248794 -0.15521937593219381
vt 0 1
vt 1 1
vt 1 0.9375
vt 0 0.9375
vt 0 1
vt 0 1
vt 0 0
vt 0 0
vt 0 1
vt 0 1
vt 0 0
vt 0 0
vt 0 1
vt 0 1
vt 0 0
vt 0 0
vt 0 1
vt 1 1
vt 1 1
vt 0 1
vt 0 1
vt 1 1
vt 1 1
vt 0 1
vn 0 0.8870108331782217 -0.4617486132350339
vn 1 0 0
vn 0 -0.8870108331782217 0.4617486132350339
vn -1 0 0
vn 0 0.4617486132350339 0.8870108331782217
vn 0 -0.4617486132350339 -0.8870108331782217
g Sporocarp
f 4/4/1 7/3/1 5/2/1 2/1/1
f 3/8/2 4/7/2 2/6/2 1/5/2
f 8/12/3 3/11/3 1/10/3 6/9/3
f 7/16/4 8/15/4 6/14/4 5/13/4
f 6/20/5 1/19/5 2/18/5 5/17/5
f 7/24/6 4/23/6 3/22/6 8/21/6
o cube
v 0.3125 0.07465533363310106 -0.15524000222658263
v 0.3125 0.07465533363310106 -0.15524000222658263
v 0.3125 -0.024513833903303306 -0.23133518085267274
v 0.3125 -0.024513833903303306 -0.23133518085267274
v -0.6875 0.07465533363310106 -0.15524000222658263
v -0.6875 0.07465533363310106 -0.15524000222658263
v -0.6875 -0.024513833903303306 -0.23133518085267274
v -0.6875 -0.024513833903303306 -0.23133518085267274
vt 0 0.9375
vt 1 0.9375
vt 1 0.8125
vt 0 0.8125
vt 0 1
vt 0 1
vt 0 0
vt 0 0
vt 0 1
vt 0 1
vt 0 0
vt 0 0
vt 0 1
vt 0 1
vt 0 0
vt 0 0
vt 0 1
vt 1 1
vt 1 1
vt 0 1
vt 0 1
vt 1 1
vt 1 1
vt 0 1
vn 0 0.6087614290087207 -0.7933533402912352
vn 1 0 0
vn 0 -0.6087614290087207 0.7933533402912352
vn -1 0 0
vn 0 0.7933533402912352 0.6087614290087207
vn 0 -0.7933533402912352 -0.6087614290087207
g Sporocarp
f 12/28/7 15/27/7 13/26/7 10/25/7
f 11/32/8 12/31/8 10/30/8 9/29/8
f 16/36/9 11/35/9 9/34/9 14/33/9
f 15/40/10 16/39/10 14/38/10 13/37/10
f 14/44/11 9/43/11 10/42/11 13/41/11
f 15/48/12 12/47/12 11/46/12 16/45/12
o cube
v 0.3125 -0.024514243615745168 -0.23133489912938018
v 0.3125 -0.024514243615745168 -0.23133489912938018
v 0.3125 -0.3938171509953231 -0.29645296575447905
v 0.3125 -0.3938171509953231 -0.29645296575447905
v -0.6875 -0.024514243615745168 -0.23133489912938018
v -0.6875 -0.024514243615745168 -0.23133489912938018
v -0.6875 -0.3938171509953231 -0.29645296575447905
v -0.6875 -0.3938171509953231 -0.29645296575447905
vt 0 0.8125
vt 1 0.8125
vt 1 0.40625
vt 0 0.40625
vt 0 1
vt 0 1
vt 0 0
vt 0 0
vt 0 1
vt 0 1
vt 0 0
vt 0 0
vt 0 1
vt 0 1
vt 0 0
vt 0 0
vt 0 1
vt 1 1
vt 1 1
vt 0 1
vt 0 1
vt 1 1
vt 1 1
vt 0 1
vn 0 0.17364817766693033 -0.984807753012208
vn 1 0 0
vn 0 -0.17364817766693033 0.984807753012208
vn -1 0 0
vn 0 0.984807753012208 0.17364817766693033
vn 0 -0.984807753012208 -0.17364817766693033
g Sporocarp
f 20/52/13 23/51/13 21/50/13 18/49/13
f 19/56/14 20/55/14 18/54/14 17/53/14
f 24/60/15 19/59/15 17/58/15 22/57/15
f 23/64/16 24/63/16 22/62/16 21/61/16
f 22/68/17 17/67/17 18/66/17 21/65/17
f 23/72/18 20/71/18 19/70/18 24/69/18
o cube
v 0.3125 -0.39381687499999996 -0.296453125
v 0.3125 -0.39381687499999996 -0.296453125
v 0.3125 -0.643816875 -0.296453125
v 0.3125 -0.643816875 -0.296453125
v -0.6875 -0.39381687499999996 -0.296453125
v -0.6875 -0.39381687499999996 -0.296453125
v -0.6875 -0.643816875 -0.296453125
v -0.6875 -0.643816875 -0.296453125
vt 0 0.40625
vt 1 0.40625
vt 1 0.125
vt 0 0.125
vt 0 1
vt 0 1
vt 0 0
vt 0 0
vt 0 1
vt 0 1
vt 0 0
vt 0 0
vt 0 1
vt 0 1
vt 0 0
vt 0 0
vt 0 1
vt 1 1
vt 1 1
vt 0 1
vt 0 1
vt 1 1
vt 1 1
vt 0 1
vn 0 0 -1
vn 1 0 0
vn 0 0 1
vn -1 0 0
vn 0 1 0
vn 0 -1 0
g Sporocarp
f 28/76/19 31/75/19 29/74/19 26/73/19
f 27/80/20 28/79/20 26/78/20 25/77/20
f 32/84/21 27/83/21 25/82/21 30/81/21
f 31/88/22 32/87/22 30/86/22 29/85/22
f 30/92/23 25/91/23 26/90/23 29/89/23
f 31/96/24 28/95/24 27/94/24 32/93/24
o cube
v 0.3125 -0.6438168938832198 -0.2964529259277121
v 0.3125 -0.6438168938832198 -0.2964529259277121
v 0.3125 -0.7658538947732114 -0.323507877669975
v 0.3125 -0.7658538947732114 -0.323507877669975
v -0.6875 -0.6438168938832198 -0.2964529259277121
v -0.6875 -0.6438168938832198 -0.2964529259277121
v -0.6875 -0.7658538947732114 -0.323507877669975
v -0.6875 -0.7658538947732114 -0.323507877669975
vt 0 0.125
vt 1 0.125
vt 1 0
vt 0 0
vt 0 1
vt 0 1
vt 0 0
vt 0 0
vt 0 1
vt 0 1
vt 0 0
vt 0 0
vt 0 1
vt 0 1
vt 0 0
vt 0 0
vt 0 1
vt 1 1
vt 1 1
vt 0 1
vt 0 1
vt 1 1
vt 1 1
vt 0 1
vn 0 0.21643961393810288 -0.9762960071199334
vn 1 0 0
vn 0 -0.21643961393810288 0.9762960071199334
vn -1 0 0
vn 0 0.9762960071199334 0.21643961393810288
vn 0 -0.9762960071199334 -0.21643961393810288
g Sporocarp
f 36/100/25 39/99/25 37/98/25 34/97/25
f 35/104/26 36/103/26 34/102/26 33/101/26
f 40/108/27 35/107/27 33/106/27 38/105/27
f 39/112/28 40/111/28 38/110/28 37/109/28
f 38/116/29 33/115/29 34/114/29 37/113/29
f 39/120/30 36/119/30 35/118/30 40/117/30
o cube
v 0.3492733824836448 0.36863365756340327 -0.28815583359795593
v 0.3492733824836448 0.36863365756340327 -0.28815583359795593
v 0.33020395893053467 0.3398841869044209 -0.34027181024792774
v 0.33020395893053467 0.3398841869044209 -0.34027181024792774
v -0.600814375358139 0.45578947929046587 0.011405704551140428
v -0.600814375358139 0.45578947929046587 0.011405704551140428
v -0.6198837989112491 0.4270400086314836 -0.04071027209883138
v -0.6198837989112491 0.4270400086314836 -0.04071027209883138
vt 0 1
vt 1 1
vt 1 0.9375
vt 0 0.9375
vt 0 1
vt 0 1
vt 0 0
vt 0 0
vt 0 1
vt 0 1
vt 0 0
vt 0 0
vt 0 1
vt 0 1
vt 0 0
vt 0 0
vt 0 1
vt 1 1
vt 1 1
vt 0 1
vt 0 1
vt 1 1
vt 1 1
vt 0 1
vn -0.06512039810464575 0.8836354760686835 -0.4636245023546139
vn 0.9500877578417839 -0.08715582172706259 -0.2995615381490963
vn 0.06512039810464575 -0.8836354760686835 0.4636245023546139
vn -0.9500877578417839 0.08715582172706259 0.2995615381490963
vn 0.3051107768497607 0.4599915305437171 0.8338556263995489
vn -0.3051107768497607 -0.4599915305437171 -0.8338556263995489
g Sporocarp
f 44/124/31 47/123/31 45/122/31 42/121/31
f 43/128/32 44/127/32 42/126/32 41/125/32
f 48/132/33 43/131/33 41/130/33 46/129/33
f 47/136/34 48/135/34 46/134/34 45/133/34
f 46/140/35 41/139/35 42/138/35 45/137/35
f 47/144/36 44/143/36 43/142/36 48/141/36
o cube
v 0.330196426232075 0.3398668126461206 -0.3402906459665113
v 0.330196426232075 0.3398668126461206 -0.3402906459665113
v 0.2990710257924635 0.24107501326971548 -0.4102648542396026
v 0.2990710257924635 0.24107501326971548 -0.4102648542396026
v -0.6198913316097088 0.4270226343731831 -0.040729107817414956
v -0.6198913316097088 0.4270226343731831 -0.040729107817414956
v -0.6510167320493203 0.32823083499677796 -0.11070331609050638
v -0.6510167320493203 0.32823083499677796 -0.11070331609050638
vt 0 0.9375
vt 1 0.9375
vt 1 0.8125
vt 0 0.8125
vt 0 1
vt 0 1
vt 0 0
vt 0 0
vt 0 1
vt 0 1
vt 0 0
vt 0 0
vt 0 1
vt 0 1
vt 0 0
vt 0 0
vt 0 1
vt 1 1
vt 1 1
vt 0 1
vt 0 1
vt 1 1
vt 1 1
vt 0 1
vn -0.18796451004776746 0.6064448918090557 -0.7725891121166577
vn 0.9500877578417839 -0.08715582172706259 -0.2995615381490963
vn 0.18796451004776746 -0.6064448918090557 0.7725891121166577
vn -0.9500877578417839 0.08715582172706259 0.2995615381490963
vn 0.24900320351689198 0.7903343950112403 0.5597936661847309
vn -0.24900320351689198 -0.7903343950112403 -0.5597936661847309
g Sporocarp
f 52/148/37 55/147/37 53/146/37 50/145/37
f 51/152/38 52/151/38 50/150/38 49/149/38
f 56/156/39 51/155/39 49/154/39 54/153/39
f 55/160/40 56/159/40 54/158/40 53/157/40
f 54/164/41 49/163/41 50/162/41 53/161/41
f 55/168/42 52/167/42 51/166/42 56/165/42
o cube
v 0.2990710983928345 0.24107498175593123 -0.4102646148118913
v 0.2990710983928345 0.24107498175593123 -0.4102646148118913
v 0.24879252820648248 -0.12682261499580416 -0.46269002548566257
v 0.24879252820648248 -0.12682261499580416 -0.46269002548566257
v -0.6510166594489494 0.3282308034829937 -0.11070307666279502
v -0.6510166594489494 0.3282308034829937 -0.11070307666279502
v -0.7012952296353013 -0.03966679326874156 -0.16312848733656624
v -0.7012952296353013 -0.03966679326874156 -0.16312848733656624
vt 0 0.8125
vt 1 0.8125
vt 1 0.40625
vt 0 0.40625
vt 0 1
vt 0 1
vt 0 0
vt 0 0
vt 0 1
vt 0 1
vt 0 0
vt 0 0
vt 0 1
vt 0 1
vt 0 0
vt 0 0
vt 0 1
vt 1 1
vt 1 1
vt 0 1
vt 0 1
vt 1 1
vt 1 1
vt 0 1
vn -0.28170344058041225 0.17298737787183727 -0.9437788611015743
vn 0.9500877578417839 -0.08715582172706259 -0.2995615381490963
vn 0.28170344058041225 -0.17298737787183727 0.9437788611015743
vn -0.9500877578417839 0.08715582172706259 0.2995615381490963
vn 0.13407618716360545 0.9810602580046277 0.1398010951300567
vn -0.13407618716360545 -0.9810602580046277 -0.1398010951300567
g Sporocarp
f 60/172/43 63/171/43 61/170/43 58/169/43
f 59/176/44 60/175/44 58/174/44 57/173/44
f 64/180/45 59/179/45 57/178/45 62/177/45
f 63/184/46 64/183/46 62/182/46 61/181/46
f 62/188/47 57/187/47 58/186/47 61/185/47
f 63/192/48 60/191/48 59/190/48 64/189/48
o cube
v 0.24879251651732665 -0.126822497530171 -0.46269009673492145
v 0.24879251651732665 -0.126822497530171 -0.46269009673492145
v 0.22801202163889128 -0.37587117032565587 -0.4561380274881258
v 0.22801202163889128 -0.37587117032565587 -0.4561380274881258
v -0.7012952413244571 -0.0396666758031084 -0.16312855858582512
v -0.7012952413244571 -0.0396666758031084 -0.16312855858582512
v -0.7220757362028924 -0.2887153485985934 -0.15657648933902957
v -0.7220757362028924 -0.2887153485985934 -0.15657648933902957
vt 0 0.40625
vt 1 0.40625
vt 1 0.125
vt 0 0.125
vt 0 1
vt 0 1
vt 0 0
vt 0 0
vt 0 1
vt 0 1
vt 0 0
vt 0 0
vt 0 1
vt 0 1
vt 0 0
vt 0 0
vt 0 1
vt 1 1
vt 1 1
vt 0 1
vt 0 1
vt 1 1
vt 1 1
vt 0 1
vn -0.3007058179032942 0 -0.9537169449470375
vn 0.9500877578417839 -0.08715582172706257 -0.2995615381490963
vn 0.3007058179032942 0 0.9537169449470375
vn -0.9500877578417839 0.08715582172706257 0.2995615381490963
vn 0.08312197951374158 0.9961946911819397 -0.026208276987182234
vn -0.08312197951374158 -0.9961946911819397 0.026208276987182234
g Sporocarp
f 68/196/49 71/195/49 69/194/49 66/193/49
f 67/200/50 68/199/50 66/198/50 65/197/50
f 72/204/51 67/203/51 65/202/51 70/201/51
f 71/208/52 72/207/52 70/206/52 69/205/52
f 70/212/53 65/211/53 66/210/53 69/209/53
f 71/216/54 68/215/54 67/214/54 72/213/54
o cube
v 0.2280121097758757 -0.37587094122201536 -0.4561378146098161
v 0.2280121097758757 -0.37587094122201536 -0.4561378146098161
v 0.20973257129598807 -0.4974435540444474 -0.47874220100912673
v 0.20973257129598807 -0.4974435540444474 -0.47874220100912673
v -0.7220756480659081 -0.28871511949495277 -0.1565762764607198
v -0.7220756480659081 -0.28871511949495277 -0.1565762764607198
v -0.7403551865457957 -0.41028773231738486 -0.17918066286003037
v -0.7403551865457957 -0.41028773231738486 -0.17918066286003037
vt 0 0.125
vt 1 0.125
vt 1 0
vt 0 0
vt 0 1
vt 0 1
vt 0 0
vt 0 0
vt 0 1
vt 0 1
vt 0 0
vt 0 0
vt 0 1
vt 0 1
vt 0 0
vt 0 0
vt 0 1
vt 1 1
vt 1 1
vt 0 1
vt 0 1
vt 1 1
vt 1 1
vt 0 1
vn -0.2755870001809948 0.21561597964160822 -0.9367825546275028
vn 0.950087757841784 -0.08715582172706257 -0.2995615381490963
vn 0.2755870001809948 -0.21561597964160822 0.9367825546275028
vn -0.950087757841784 0.08715582172706257 0.2995615381490963
vn 0.14623630783910127 0.9725809025794566 0.18083509119448452
vn -0.14623630783910127 -0.9725809025794566 -0.18083509119448452
g Sporocarp
f 76/220/55 79/219/55 77/218/55 74/217/55
f 75/224/56 76/223/56 74/222/56 73/221/56
f 80/228/57 75/227/57 73/226/57 78/225/57
f 79/232/58 80/231/58 78/230/58 77/229/58
f 78/236/59 73/235/59 74/234/59 77/233/59
f 79/240/60 76/239/60 75/238/60 80/237/60
o cube
v 0.3492890432043774 0.3686833001964688 -0.2881206073982414
v 0.3492890432043774 0.3686833001964688 -0.2881206073982414
v 0.3257934794484065 0.44448891167260074 -0.3846942464128237
v 0.3257934794484065 0.44448891167260074 -0.3846942464128237
v -0.6007987146374063 0.4558391219235314 0.011440930750854894
v -0.6007987146374063 0.4558391219235314 0.011440930750854894
v -0.6242942783933773 0.5316447333996632 -0.08513270826372737
v -0.6242942783933773 0.5316447333996632 -0.08513270826372737
vt 0 0.125
vt 1 0.125
vt 1 0
vt 0 0
vt 0 1
vt 0 1
vt 0 0
vt 0 0
vt 0 1
vt 0 1
vt 0 0
vt 0 0
vt 0 1
vt 0 1
vt 0 0
vt 0 0
vt 0 1
vt 1 1
vt 1 1
vt 0 1
vt 0 1
vt 1 1
vt 1 1
vt 0 1
vn 0.24900320351689192 0.7903343950112406 0.5597936661847308
vn 0.950087757841784 -0.08715582172706257 -0.29956153814909636
vn -0.24900320351689192 -0.7903343950112406 -0.5597936661847308
vn -0.950087757841784 0.08715582172706257 0.29956153814909636
vn 0.1879645100477676 -0.6064448918090555 0.772589112116658
vn -0.1879645100477676 0.6064448918090555 -0.772589112116658
g Sporocarp
f 84/244/61 87/243/61 85/242/61 82/241/61
f 83/248/62 84/247/62 82/246/62 81/245/62
f 88/252/63 83/251/63 81/250/63 86/249/63
f 87/256/64 88/255/64 86/254/64 85/253/64
f 86/260/65 81/259/65 82/258/65 85/257/65
f 87/264/66 84/263/66 83/262/66 88/261/66
o cube
v 0.42117853240489267 -0.08396786265032241 0.05579508153205026
v 0.42117853240489267 -0.08396786265032241 0.05579508153205026
v 0.44460771843382696 -0.11282715097751206 0.005551029951094577
v 0.44460771843382696 -0.11282715097751206 0.005551029951094577
v -0.4851292546317572 -0.08396786265032241 -0.3668231802086493
v -0.4851292546317572 -0.08396786265032241 -0.3668231802086493
v -0.4617000686028229 -0.11282715097751206 -0.41706723178960486
v -0.4617000686028229 -0.11282715097751206 -0.41706723178960486
vt 0 1
vt 1 1
vt 1 0.9375
vt 0 0.9375
vt 0 1
vt 0 1
vt 0 0
vt 0 0
vt 0 1
vt 0 1
vt 0 0
vt 0 0
vt 0 1
vt 0 1
vt 0 0
vt 0 0
vt 0 1
vt 1 1
vt 1 1
vt 0 1
vt 0 1
vt 1 1
vt 1 1
vt 0 1
vn 0.19514339628656854 0.8870108331782217 -0.4184863638282856
vn 0.9063077870366502 0 0.4226182617406995
vn -0.19514339628656854 -0.8870108331782217 0.4184863638282856
vn -0.9063077870366502 0 -0.4226182617406995
vn -0.37486697646294964 0.461748613235034 0.8039048252952894
vn 0.37486697646294964 -0.461748613235034 -0.8039048252952894
g Sporocarp
f 92/268/67 95/267/67 93/266/67 90/265/67
f 91/272/68 92/271/68 90/270/68 89/269/68
f 96/276/69 91/275/69 89/274/69 94/273/69
f 95/280/70 96/279/70 94/278/70 93/277/70
f 94/284/71 89/283/71 90/282/71 93/281/71
f 95/288/72 92/287/72 91/286/72 96/285/72
o cube
v 0.44461643548250784 -0.11284466636689894 0.005532336179872088
v 0.44461643548250784 -0.11284466636689894 0.005532336179872088
v 0.4767756476003141 -0.2120138339033033 -0.06343331676489822
v 0.4767756476003141 -0.2120138339033033 -0.06343331676489822
v -0.4616913515541421 -0.11284466636689894 -0.4170859255608274
v -0.4616913515541421 -0.11284466636689894 -0.4170859255608274
v -0.42953213943633584 -0.2120138339033033 -0.48605157850559766
v -0.42953213943633584 -0.2120138339033033 -0.48605157850559766
vt 0 0.9375
vt 1 0.9375
vt 1 0.8125
vt 0 0.8125
vt 0 1
vt 0 1
vt 0 0
vt 0 0
vt 0 1
vt 0 1
vt 0 0
vt 0 0
vt 0 1
vt 0 1
vt 0 0
vt 0 0
vt 0 1
vt 1 1
vt 1 1
vt 0 1
vt 0 1
vt 1 1
vt 1 1
vt 0 1
vn 0.33528560962005943 0.6087614290087207 -0.7190223101774836
vn 0.90630778703665 0 0.4226182617406995
vn -0.33528560962005943 -0.6087614290087207 0.7190223101774836
vn -0.90630778703665 0 -0.4226182617406995
vn -0.2572736969424497 0.7933533402912352 0.5517252235581623
vn 0.2572736969424497 -0.7933533402912352 -0.5517252235581623
g Sporocarp
f 100/292/73 103/291/73 101/290/73 98/289/73
f 99/296/74 100/295/74 98/294/74 97/293/74
f 104/300/75 99/299/75 97/298/75 102/297/75
f 103/304/76 104/303/76 102/302/76 101/301/76
f 102/308/77 97/307/77 98/306/77 101/305/77
f 103/312/78 100/311/78 99/310/78 104/309/78
o cube
v 0.47677552853890587 -0.21201424361574517 -0.0634330614368844
v 0.47677552853890587 -0.21201424361574517 -0.0634330614368844
v 0.5042956126639202 -0.5813171509953232 -0.1224500722959829
v 0.5042956126639202 -0.5813171509953232 -0.1224500722959829
v -0.42953225849774407 -0.21201424361574517 -0.48605132317758387
v -0.42953225849774407 -0.21201424361574517 -0.48605132317758387
v -0.4020121743727297 -0.5813171509953232 -0.5450683340366823
v -0.4020121743727297 -0.5813171509953232 -0.5450683340366823
vt 0 0.8125
vt 1 0.8125
vt 1 0.40625
vt 0 0.40625
vt 0 1
vt 0 1
vt 0 0
vt 0 0
vt 0 1
vt 0 1
vt 0 0
vt 0 0
vt 0 1
vt 0 1
vt 0 0
vt 0 0
vt 0 1
vt 1 1
vt 1 1
vt 0 1
vt 0 1
vt 1 1
vt 1 1
vt 0 1
vn 0.4161977407267834 0.17364817766693033 -0.8925389352890299
vn 0.90630778703665 0 0.4226182617406995
vn -0.4161977407267834 -0.17364817766693033 0.8925389352890299
vn -0.90630778703665 0 -0.4226182617406995
vn -0.07338689100003826 0.9848077530122081 0.15737869562426268
vn 0.07338689100003826 -0.9848077530122081 -0.15737869562426268
g Sporocarp
f 108/316/79 111/315/79 109/314/79 106/313/79
f 107/320/80 108/319/80 106/318/80 105/317/80
f 112/324/81 107/323/81 105/322/81 110/321/81
f 111/328/82 112/327/82 110/326/82 109/325/82
f 110/332/83 105/331/83 106/330/83 109/329/83
f 111/336/84 108/335/84 107/334/84 112/333/84
o cube
v 0.5647036376321191 0.030747170284195824 -0.16147678731281329
v 0.5647036376321191 0.030747170284195824 -0.16147678731281329
v 0.5349869067964212 -0.34450410755351135 -0.2293711492997017
v 0.5349869067964212 -0.34450410755351135 -0.2293711492997017
v -0.4037031244858857 0.16042558468850754 -0.45434510571155334
v -0.4037031244858857 0.16042558468850754 -0.45434510571155334
v -0.43341985532158345 -0.21482569314919953 -0.5222394676984418
v -0.43341985532158345 -0.21482569314919953 -0.5222394676984418
vt 0 0.8125
vt 1 0.8125
vt 1 0.40625
vt 0 0.40625
vt 0 1
vt 0 1
vt 0 0
vt 0 0
vt 0 1
vt 0 1
vt 0 0
vt 0 0
vt 0 1
vt 0 1
vt 0 0
vt 0 0
vt 0 1
vt 1 1
vt 1 1
vt 0 1
vt 0 1
vt 1 1
vt 1 1
vt 0 1
vn 0.3042512980309105 0.14621625085129195 -0.9413033281750883
vn 0.9494183942333381 -0.12713570039638405 0.287125802351706
vn -0.3042512980309105 -0.14621625085129195 0.9413033281750883
vn -0.9494183942333381 0.12713570039638405 -0.287125802351706
vn 0.07769079957045168 0.9810490923861626 0.1775015999657214
vn -0.07769079957045168 -0.9810490923861626 -0.1775015999657214
g Sporocarp
f 116/340/85 119/339/85 117/338/85 114/337/85
f 115/344/86 116/343/86 114/342/86 113/341/86
f 120/348/87 115/347/87 113/346/87 118/345/87
f 119/352/88 120/351/88 118/350/88 117/349/88
f 118/356/89 113/355/89 114/354/89 117/353/89
f 119/360/90 116/359/90 115/358/90 120/357/90
o cube
v 0.5432014744820942 0.16378575560915865 -0.03146930407816906
v 0.5432014744820942 0.16378575560915865 -0.03146930407816906
v 0.5555743053472003 0.13310774496423394 -0.08596549861736014
v 0.5555743053472003 0.13310774496423394 -0.08596549861736014
v -0.4252052876359105 0.29346417001347025 -0.3243376224769092
v -0.4252052876359105 0.29346417001347025 -0.3243376224769092
v -0.4128324567708044 0.26278615936854566 -0.37883381701610025
v -0.4128324567708044 0.26278615936854566 -0.37883381701610025
vt 0 1
vt 1 1
vt 1 0.9375
vt 0 0.9375
vt 0 1
vt 0 1
vt 0 0
vt 0 0
vt 0 1
vt 0 1
vt 0 0
vt 0 0
vt 0 1
vt 0 1
vt 0 0
vt 0 0
vt 0 1
vt 1 1
vt 1 1
vt 0 1
vt 0 1
vt 1 1
vt 1 1
vt 0 1
vn 0.2468527103161699 0.8673293882467766 -0.4322076719506879
vn 0.9494183942333381 -0.12713570039638405 0.2871258023517059
vn -0.2468527103161699 -0.8673293882467766 0.4322076719506879
vn -0.9494183942333381 0.12713570039638405 -0.2871258023517059
vn -0.19408362141342872 0.48122369639097495 0.8548422672814299
vn 0.19408362141342872 -0.48122369639097495 -0.8548422672814299
g Sporocarp
f 124/364/91 127/363/91 125/362/91 122/361/91
f 123/368/92 124/367/92 122/366/92 121/365/92
f 128/372/93 123/371/93 121/370/93 126/369/93
f 127/376/94 128/375/94 126/374/94 125/373/94
f 126/380/95 121/379/95 122/378/95 125/377/95
f 127/384/96 124/383/96 123/382/96 128/381/96
o cube
v 0.5555780629898557 0.13308955701267622 -0.08598597714268968
v 0.5555780629898557 0.13308955701267622 -0.08598597714268968
v 0.5647038798354973 0.03074708923787095 -0.1614776240757297
v 0.5647038798354973 0.03074708923787095 -0.1614776240757297
v -0.412828699128149 0.26276797141698793 -0.3788542955414297
v -0.412828699128149 0.26276797141698793 -0.3788542955414297
v -0.4037028822825074 0.16042550364218267 -0.4543459424744697
v -0.4037028822825074 0.16042550364218267 -0.4543459424744697
vt 0 0.9375
vt 1 0.9375
vt 1 0.8125
vt 0 0.8125
vt 0 1
vt 0 1
vt 0 0
vt 0 0
vt 0 1
vt 0 1
vt 0 0
vt 0 0
vt 0 1
vt 0 1
vt 0 0
vt 0 0
vt 0 1
vt 1 1
vt 1 1
vt 0 1
vt 0 1
vt 1 1
vt 1 1
vt 0 1
vn 0.3057478163247304 0.5826934564165995 -0.7529851317668467
vn 0.949418394233338 -0.12713570039638405 0.2871258023517059
vn -0.3057478163247304 -0.5826934564165995 0.7529851317668467
vn -0.949418394233338 0.12713570039638405 -0.2871258023517059
vn -0.07157503408346343 0.802686021763178 0.5920913484944311
vn 0.07157503408346343 -0.802686021763178 -0.5920913484944311
g Sporocarp
f 132/388/97 135/387/97 133/386/97 130/385/97
f 131/392/98 132/391/98 130/390/98 129/389/98
f 136/396/99 131/395/99 129/394/99 134/393/99
f 135/400/100 136/399/100 134/398/100 133/397/100
f 134/404/101 129/403/101 130/402/101 133/401/101
f 135/408/102 132/407/102 131/406/102 136/405/102
o cube
v 0.5349870381501772 -0.34450387487360606 -0.2293714806100492
v 0.5349870381501772 -0.34450387487360606 -0.2293714806100492
v 0.5020045259214834 -0.5973452840057467 -0.23226556339351695
v 0.5020045259214834 -0.5973452840057467 -0.23226556339351695
v -0.43341972396782746 -0.2148254604692943 -0.5222397990087893
v -0.43341972396782746 -0.2148254604692943 -0.5222397990087893
v -0.4664022361965213 -0.46766686960143494 -0.5251338817922571
v -0.4664022361965213 -0.46766686960143494 -0.5251338817922571
vt 0 0.40625
vt 1 0.40625
vt 1 0.125
vt 0 0.125
vt 0 1
vt 0 1
vt 0 0
vt 0 0
vt 0 1
vt 0 1
vt 0 0
vt 0 0
vt 0 1
vt 0 1
vt 0 0
vt 0 0
vt 0 1
vt 1 1
vt 1 1
vt 0 1
vt 0 1
vt 1 1
vt 1 1
vt 0 1
vn 0.28613817139797293 -0.026362489639922854 -0.9578256448900339
vn 0.9494183942333381 -0.12713570039638405 0.2871258023517059
vn -0.28613817139797293 0.026362489639922854 0.9578256448900339
vn -0.9494183942333381 0.12713570039638405 -0.2871258023517059
vn 0.12934318521056407 0.9915349377731003 0.011349344248893299
vn -0.12934318521056407 -0.9915349377731003 -0.011349344248893299
g Sporocarp
f 140/412/103 143/411/103 141/410/103 138/409/103
f 139/416/104 140/415/104 138/414/104 137/413/104
f 144/420/105 139/419/105 137/418/105 142/417/105
f 143/424/106 144/423/106 142/422/106 141/421/106
f 142/428/107 137/427/107 138/426/107 141/425/107
f 143/432/108 140/431/108 139/430/108 144/429/108
o cube
v 0.5020044489891526 -0.5973451189892602 -0.2322652359396422
v 0.5020044489891526 -0.5973451189892602 -0.2322652359396422
v 0.49380038499949086 -0.7214966486771176 -0.260110181804531
v 0.49380038499949086 -0.7214966486771176 -0.260110181804531
v -0.46640231312885205 -0.46766670458494847 -0.5251335543383823
v -0.46640231312885205 -0.46766670458494847 -0.5251335543383823
v -0.47460637711851383 -0.5918182342728058 -0.552978500203271
v -0.47460637711851383 -0.5918182342728058 -0.552978500203271
vt 0 0.125
vt 1 0.125
vt 1 0
vt 0 0
vt 0 1
vt 0 1
vt 0 0
vt 0 0
vt 0 1
vt 0 1
vt 0 0
vt 0 0
vt 0 1
vt 0 1
vt 0 0
vt 0 0
vt 0 1
vt 1 1
vt 1 1
vt 0 1
vt 0 1
vt 1 1
vt 1 1
vt 0 1
vn 0.3073505432929392 0.1888698457645534 -0.9326649049355342
vn 0.9494183942333381 -0.12713570039638405 0.2871258023517059
vn -0.3073505432929392 -0.1888698457645534 0.9326649049355342
vn -0.9494183942333381 0.12713570039638405 -0.2871258023517059
vn 0.06434559991891574 0.9737374877479017 0.21839173227363753
vn -0.06434559991891574 -0.9737374877479017 -0.21839173227363753
g Sporocarp
f 148/436/109 151/435/109 149/434/109 146/433/109
f 147/440/110 148/439/110 146/438/110 145/437/110
f 152/444/111 147/443/111 145/442/111 150/441/111
f 151/448/112 152/447/112 150/446/112 149/445/112
f 150/452/113 145/451/113 146/450/113 149/449/113
f 151/456/114 148/455/114 147/454/114 152/453/114
o cube
v 0.5432014776182557 0.16378553710138527 -0.03146941120078961
v 0.5432014776182557 0.16378553710138527 -0.03146941120078961
v 0.5711759791414392 0.28143253622983067 -0.07187808428715758
v 0.5711759791414392 0.28143253622983067 -0.07187808428715758
v -0.425205284499749 0.293463951505697 -0.3243377295995297
v -0.425205284499749 0.293463951505697 -0.3243377295995297
v -0.3972307829765655 0.4111109506341424 -0.36474640268589764
v -0.3972307829765655 0.4111109506341424 -0.36474640268589764
vt 0 0.125
vt 1 0.125
vt 1 0
vt 0 0
vt 0 1
vt 0 1
vt 0 0
vt 0 0
vt 0 1
vt 0 1
vt 0 0
vt 0 0
vt 0 1
vt 0 1
vt 0 0
vt 0 0
vt 0 1
vt 1 1
vt 1 1
vt 0 1
vt 0 1
vt 1 1
vt 1 1
vt 0 1
vn -0.22464395344393304 0.3638975585097445 0.9039433948493276
vn 0.949418394233338 -0.12713570039638403 0.28712580235170587
vn 0.22464395344393304 -0.3638975585097445 -0.9039433948493276
vn -0.949418394233338 0.12713570039638403 -0.28712580235170587
vn -0.21940785508379163 -0.9227215617917294 0.3169307693048466
vn 0.21940785508379163 0.9227215617917294 -0.3169307693048466
g Sporocarp
f 156/460/115 159/459/115 157/458/115 154/457/115
f 155/464/116 156/463/116 154/462/116 153/461/116
f 160/468/117 155/467/117 153/466/117 158/465/117
f 159/472/118 160/471/118 158/470/118 157/469/118
f 158/476/119 153/475/119 154/474/119 157/473/119
f 159/480/120 156/479/120 155/478/120 160/477/120
o cube
v 0.28384011531966996 -0.5564329228765614 -0.32201008768530304
v 0.28384011531966996 -0.5564329228765614 -0.32201008768530304
v 0.2677232880414961 -0.5809633179546725 -0.3662907067053359
v 0.2677232880414961 -0.5809633179546725 -0.3662907067053359
v -0.5148986123483521 -0.5564329228765614 -0.031292965858484734
v -0.5148986123483521 -0.5564329228765614 -0.031292965858484734
v -0.531015439626526 -0.5809633179546725 -0.07557358487851762
v -0.531015439626526 -0.5809633179546725 -0.07557358487851762
vt 0 1
vt 1 1
vt 1 0.9375
vt 0 0.9375
vt 0 1
vt 0 1
vt 0 0
vt 0 0
vt 0 1
vt 0 1
vt 0 0
vt 0 0
vt 0 1
vt 0 1
vt 0 0
vt 0 0
vt 0 1
vt 1 1
vt 1 1
vt 0 1
vt 0 1
vt 1 1
vt 1 1
vt 0 1
vn -0.15792732687907504 0.8870108331782217 -0.43390176451508783
vn 0.9396926207859084 0 -0.34202014332566866
vn 0.15792732687907504 -0.8870108331782217 0.43390176451508783
vn -0.9396926207859084 0 0.34202014332566866
vn 0.30337557229503614 0.46174861323503397 0.8335175344947354
vn -0.30337557229503614 -0.46174861323503397 -0.8335175344947354
g Sporocarp
f 164/484/121 167/483/121 165/482/121 162/481/121
f 163/488/122 164/487/122 162/486/122 161/485/122
f 168/492/123 163/491/123 161/490/123 166/489/123
f 167/496/124 168/495/124 166/494/124 165/493/124
f 166/500/125 161/499/125 162/498/125 165/497/125
f 167/504/126 164/503/126 163/502/126 168/501/126
o cube
v 0.2677175251913011 -0.5809781585077418 -0.3663065400061186
v 0.2677175251913011 -0.5809781585077418 -0.3663065400061186
v 0.24559535387622644 -0.6652719509136856 -0.4270867061635928
v 0.24559535387622644 -0.6652719509136856 -0.4270867061635928
v -0.5310212024767211 -0.5809781585077418 -0.07558941817930032
v -0.5310212024767211 -0.5809781585077418 -0.07558941817930032
v -0.5531433737917957 -0.6652719509136856 -0.13636958433677449
v -0.5531433737917957 -0.6652719509136856 -0.13636958433677449
vt 0 0.9375
vt 1 0.9375
vt 1 0.8125
vt 0 0.8125
vt 0 1
vt 0 1
vt 0 0
vt 0 0
vt 0 1
vt 0 1
vt 0 0
vt 0 0
vt 0 1
vt 0 1
vt 0 0
vt 0 0
vt 0 1
vt 1 1
vt 1 1
vt 0 1
vt 0 1
vt 1 1
vt 1 1
vt 0 1
vn -0.27134282315430625 0.6087614290087207 -0.7455082795475254
vn 0.9396926207859084 0 -0.34202014332566866
vn 0.27134282315430625 -0.6087614290087207 0.7455082795475254
vn -0.9396926207859084 0 0.34202014332566866
vn 0.2082086712007015 0.7933533402912352 0.5720486226585795
vn -0.2082086712007015 -0.7933533402912352 -0.5720486226585795
g Sporocarp
f 172/508/127 175/507/127 173/506/127 170/505/127
f 171/512/128 172/511/128 170/510/128 169/509/128
f 176/516/129 171/515/129 169/514/129 174/513/129
f 175/520/130 176/519/130 174/518/130 173/517/130
f 174/524/131 169/523/131 170/522/131 173/521/131
f 175/528/132 172/527/132 171/526/132 176/525/132
o cube
v 0.245595381161248 -0.665272001261344 -0.4270866311986123
v 0.245595381161248 -0.665272001261344 -0.4270866311986123
v 0.22666444425307228 -0.9791794725339853 -0.47909895288294524
v 0.22666444425307228 -0.9791794725339853 -0.47909895288294524
v -0.5531433465067741 -0.665272001261344 -0.13636950937179393
v -0.5531433465067741 -0.665272001261344 -0.13636950937179393
v -0.5720742834149498 -0.9791794725339853 -0.18838183105612694
v -0.5720742834149498 -0.9791794725339853 -0.18838183105612694
vt 0 0.8125
vt 1 0.8125
vt 1 0.40625
vt 0 0.40625
vt 0 1
vt 0 1
vt 0 0
vt 0 0
vt 0 1
vt 0 1
vt 0 0
vt 0 0
vt 0 1
vt 0 1
vt 0 0
vt 0 0
vt 0 1
vt 1 1
vt 1 1
vt 0 1
vt 0 1
vt 1 1
vt 1 1
vt 0 1
vn -0.3368240888334651 0.17364817766693033 -0.9254165783983234
vn 0.9396926207859085 0 -0.34202014332566866
vn 0.3368240888334651 -0.17364817766693033 0.9254165783983234
vn -0.9396926207859085 0 0.34202014332566866
vn 0.059391174613884684 0.984807753012208 0.16317591116653482
vn -0.059391174613884684 -0.984807753012208 -0.16317591116653482
g Sporocarp
f 180/532/133 183/531/133 181/530/133 178/529/133
f 179/536/134 180/535/134 178/534/134 177/533/134
f 184/540/135 179/539/135 177/538/135 182/537/135
f 183/544/136 184/543/136 182/542/136 181/541/136
f 182/548/137 177/547/137 178/546/137 181/545/137
f 183/552/138 180/551/138 179/550/138 184/549/138
o cube
v 0.2266644935373692 -0.9791793749999999 -0.47909881747545235
v 0.2266644935373692 -0.9791793749999999 -0.47909881747545235
v 0.2266644935373692 -1.191679375 -0.47909881747545235
v 0.2266644935373692 -1.191679375 -0.47909881747545235
v -0.572074234130653 -0.9791793749999999 -0.188381695648634
v -0.572074234130653 -0.9791793749999999 -0.188381695648634
v -0.572074234130653 -1.191679375 -0.188381695648634
v -0.572074234130653 -1.191679375 -0.188381695648634
vt 0 0.40625
vt 1 0.40625
vt 1 0.125
vt 0 0.125
vt 0 1
vt 0 1
vt 0 0
vt 0 0
vt 0 1
vt 0 1
vt 0 0
vt 0 0
vt 0 1
vt 0 1
vt 0 0
vt 0 0
vt 0 1
vt 1 1
vt 1 1
vt 0 1
vt 0 1
vt 1 1
vt 1 1
vt 0 1
vn -0.34202014332566866 0 -0.9396926207859084
vn 0.9396926207859084 0 -0.34202014332566866
vn 0.34202014332566866 0 0.9396926207859084
vn -0.9396926207859084 0 0.34202014332566866
vn 0 1 0
vn 0 -1 0
g Sporocarp
f 188/556/139 191/555/139 189/554/139 186/553/139
f 187/560/140 188/559/140 186/558/140 185/557/140
f 192/564/141 187/563/141 185/562/141 190/561/141
f 191/568/142 192/567/142 190/566/142 189/565/142
f 190/572/143 185/571/143 186/570/143 189/569/143
f 191/576/144 188/575/144 187/574/144 192/573/144
o cube
v 0.2838404304353924 -0.5564333235432168 -0.3220092219119709
v 0.2838404304353924 -0.5564333235432168 -0.3220092219119709
v 0.27141154147608815 -0.45659098258471414 -0.35615731367656833
v 0.27141154147608815 -0.45659098258471414 -0.35615731367656833
v -0.5148982972326297 -0.5564333235432168 -0.0312921000851526
v -0.5148982972326297 -0.5564333235432168 -0.0312921000851526
v -0.527327186191934 -0.45659098258471414 -0.06544019184974997
v -0.527327186191934 -0.45659098258471414 -0.06544019184974997
vt 0 0.125
vt 1 0.125
vt 1 0
vt 0 0
vt 0 1
vt 0 1
vt 0 0
vt 0 0
vt 0 1
vt 0 1
vt 0 0
vt 0 0
vt 0 1
vt 0 1
vt 0 0
vt 0 0
vt 0 1
vt 1 1
vt 1 1
vt 0 1
vt 0 1
vt 1 1
vt 1 1
vt 0 1
vn 0.32139380484326957 0.3420201433256689 0.8830222215594891
vn 0.9396926207859085 0 -0.34202014332566866
vn -0.32139380484326957 -0.3420201433256689 -0.8830222215594891
vn -0.9396926207859085 0 0.34202014332566866
vn 0.11697777844051102 -0.9396926207859084 0.3213938048432698
vn -0.11697777844051102 0.9396926207859084 -0.3213938048432698
g Sporocarp
f 196/580/145 199/579/145 197/578/145 194/577/145
f 195/584/146 196/583/146 194/582/146 193/581/146
f 200/588/147 195/587/147 193/586/147 198/585/147
f 199/592/148 200/591/148 198/590/148 197/589/148
f 198/596/149 193/595/149 194/594/149 197/593/149
f 199/600/150 196/599/150 195/598/150 200/597/150
o cube
v 0.6016645599956439 -1.1291792097854405 -0.4790986348828433
v 0.6016645599956439 -1.1291792097854405 -0.4790986348828433
v 0.5937992222939698 -1.2329106605419335 -0.5007084726145782
v 0.5937992222939698 -1.2329106605419335 -0.5007084726145782
v -0.19707416767237837 -1.1291792097854405 -0.18838151305602494
v -0.19707416767237837 -1.1291792097854405 -0.18838151305602494
v -0.2049395053740525 -1.2329106605419335 -0.20999135078775974
v -0.2049395053740525 -1.2329106605419335 -0.20999135078775974
vt 0 0.125
vt 1 0.125
vt 1 0
vt 0 0
vt 0 1
vt 0 1
vt 0 0
vt 0 0
vt 0 1
vt 0 1
vt 0 0
vt 0 0
vt 0 1
vt 0 1
vt 0 0
vt 0 0
vt 0 1
vt 1 1
vt 1 1
vt 0 1
vt 0 1
vt 1 1
vt 1 1
vt 0 1
vn -0.3339129002834376 0.21643961393810288 -0.9174181535933481
vn 0.9396926207859084 0 -0.3420201433256686
vn 0.3339129002834376 -0.21643961393810288 0.9174181535933481
vn -0.9396926207859084 0 0.3420201433256686
vn 0.07402670778046233 0.9762960071199334 0.20338670806338613
vn -0.07402670778046233 -0.9762960071199334 -0.20338670806338613
g Sporocarp
f 204/604/151 207/603/151 205/602/151 202/601/151
f 203/608/152 204/607/152 202/606/152 201/605/152
f 208/612/153 203/611/153 201/610/153 206/609/153
f 207/616/154 208/615/154 206/614/154 205/613/154
f 206/620/155 201/619/155 202/618/155 205/617/155
f 207/624/156 204/623/156 203/622/156 208/621/156
o cube
v -0.14045011154688453 0.039986217687545955 -0.18060724797287328
v -0.14045011154688453 0.039986217687545955 -0.18060724797287328
v -0.15829856275770193 0.2439949485504732 -0.3240013570606348
v -0.15829856275770193 0.2439949485504732 -0.3240013570606348
v 0.8557445865448612 0.12714196043520426 -0.18060724797287328
v 0.8557445865448612 0.12714196043520426 -0.18060724797287328
v 0.8378961353340437 0.33115069129813135 -0.3240013570606348
v 0.8378961353340437 0.33115069129813135 -0.3240013570606348
vt 0 0.40625
vt 1 0.40625
vt 1 0.125
vt 0 0.125
vt 0 1
vt 0 1
vt 0 0
vt 0 0
vt 0 1
vt 0 1
vt 0 0
vt 0 0
vt 0 1
vt 0 1
vt 0 0
vt 0 0
vt 0 1
vt 1 1
vt 1 1
vt 0 1
vt 0 1
vt 1 1
vt 1 1
vt 0 1
vn 0.049990480332730305 -0.5713938048432696 -0.8191520442889919
vn -0.9961946980917455 -0.08715574274765817 0
vn -0.049990480332730305 0.5713938048432696 0.8191520442889919
vn 0.9961946980917455 0.08715574274765817 0
vn 0.07139380484326965 -0.8160349234517082 0.5735764363510462
vn -0.07139380484326965 0.8160349234517082 -0.5735764363510462
g Sporocarp
f 212/628/157 215/627/157 213/626/157 210/625/157
f 211/632/158 212/631/158 210/630/158 209/629/158
f 216/636/159 211/635/159 209/634/159 214/633/159
f 215/640/160 216/639/160 214/638/160 213/637/160
f 214/644/161 209/643/161 210/642/161 213/641/161
f 215/648/162 212/647/162 211/646/162 216/645/162
o cube
v -0.1582985740575662 0.24399507770851203 -0.32400120482113326
v -0.1582985740575662 0.24399507770851203 -0.32400120482113326
v -0.1656587698497896 0.32812250057218983 -0.4161608719223988
v -0.1656587698497896 0.32812250057218983 -0.4161608719223988
v 0.8378961240341796 0.3311508204561702 -0.32400120482113326
v 0.8378961240341796 0.3311508204561702 -0.32400120482113326
v 0.8305359282419562 0.4152782433198481 -0.4161608719223988
v 0.8305359282419562 0.4152782433198481 -0.4161608719223988
vt 0 0.125
vt 1 0.125
vt 1 0
vt 0 0
vt 0 1
vt 0 1
vt 0 0
vt 0 0
vt 0 1
vt 0 1
vt 0 0
vt 0 0
vt 0 1
vt 0 1
vt 0 0
vt 0 0
vt 0 1
vt 1 1
vt 1 1
vt 0 1
vt 0 1
vt 1 1
vt 1 1
vt 0 1
vn 0.0642579539007017 -0.7344717739534476 -0.6755902076156602
vn -0.9961946980917455 -0.08715574274765817 0
vn -0.0642579539007017 0.7344717739534476 0.6755902076156602
vn 0.9961946980917455 0.08715574274765817 0
vn 0.05888156633778745 -0.6730193829094222 0.7372773368101241
vn -0.05888156633778745 0.6730193829094222 -0.7372773368101241
g Sporocarp
f 220/652/163 223/651/163 221/650/163 218/649/163
f 219/656/164 220/655/164 218/654/164 217/653/164
f 224/660/165 219/659/165 217/658/165 222/657/165
f 223/664/166 224/663/166 222/662/166 221/661/166
f 222/668/167 217/667/167 218/666/167 221/665/167
f 223/672/168 220/671/168 219/670/168 224/669/168
o cube
v -0.14044474641767013 0.03992489398001353 -0.18059640727729798
v -0.14044474641767013 0.03992489398001353 -0.18059640727729798
v -0.13666113744233543 -0.0033219545012588836 -0.42679834553034995
v -0.13666113744233543 -0.0033219545012588836 -0.42679834553034995
v 0.8557499516740756 0.12708063672767173 -0.18059640727729798
v 0.8557499516740756 0.12708063672767173 -0.18059640727729798
v 0.8595335606494103 0.08383378824639931 -0.42679834553034995
v 0.8595335606494103 0.08383378824639931 -0.42679834553034995
vt 0 0.40625
vt 1 0.40625
vt 1 0.125
vt 0 0.125
vt 0 1
vt 0 1
vt 0 0
vt 0 0
vt 0 1
vt 0 1
vt 0 0
vt 0 0
vt 0 1
vt 0 1
vt 0 0
vt 0 0
vt 0 1
vt 1 1
vt 1 1
vt 0 1
vt 0 1
vt 1 1
vt 1 1
vt 0 1
vn 0.0858316511774313 -0.9810602621904069 0.17364817766693055
vn -0.9961946980917457 -0.08715574274765818 0
vn -0.0858316511774313 0.9810602621904069 -0.17364817766693055
vn 0.9961946980917457 0.08715574274765818 0
vn -0.015134435901338632 0.1729873939250896 0.9848077530122081
vn 0.015134435901338632 -0.1729873939250896 -0.9848077530122081
g Sporocarp
f 228/676/169 231/675/169 229/674/169 226/673/169
f 227/680/170 228/679/170 226/678/170 225/677/170
f 232/684/171 227/683/171 225/682/171 230/681/171
f 231/688/172 232/687/172 230/686/172 229/685/172
f 230/692/173 225/691/173 226/690/173 229/689/173
f 231/696/174 228/695/174 227/694/174 232/693/174
o cube
v -0.136661199948317 -0.0033212400546205334 -0.42679828124010344
v -0.136661199948317 -0.0033212400546205334 -0.42679828124010344
v -0.13808321335218726 0.012932447526844415 -0.5507288889118297
v -0.13808321335218726 0.012932447526844415 -0.5507288889118297
v 0.8595334981434288 0.0838345026930376 -0.42679828124010344
v 0.8595334981434288 0.0838345026930376 -0.42679828124010344
v 0.8581114847395586 0.10008819027450255 -0.5507288889118297
v 0.8581114847395586 0.10008819027450255 -0.5507288889118297
vt 0 0.125
vt 1 0.125
vt 1 0
vt 0 0
vt 0 1
vt 0 1
vt 0 0
vt 0 0
vt 0 1
vt 0 1
vt 0 0
vt 0 0
vt 0 1
vt 0 1
vt 0 0
vt 0 0
vt 0 1
vt 1 1
vt 1 1
vt 0 1
vt 0 1
vt 1 1
vt 1 1
vt 0 1
vn 0.08641011328638343 -0.9876721143508955 -0.13052619222005174
vn -0.9961946980917457 -0.0871557427476582 0
vn -0.08641011328638343 0.9876721143508955 0.13052619222005174
vn 0.9961946980917457 0.0871557427476582 0
vn 0.011376107230962197 -0.1300295006517194 0.9914448613738104
vn -0.011376107230962197 0.1300295006517194 -0.9914448613738104
g Sporocarp
f 236/700/175 239/699/175 237/698/175 234/697/175
f 235/704/176 236/703/176 234/702/176 233/701/176
f 240/708/177 235/707/177 233/706/177 238/705/177
f 239/712/178 240/711/178 238/710/178 237/709/178
f 238/716/179 233/715/179 234/714/179 237/713/179
f 239/720/180 236/719/180 235/718/180 240/717/180
o cube
v -0.513360141971416 -0.1355128598164243 -0.17123650872892546
v -0.513360141971416 -0.1355128598164243 -0.17123650872892546
v -0.5014554675217244 0.10282107068553742 -0.2457698321335132
v -0.5014554675217244 0.10282107068553742 -0.2457698321335132
v 0.48516155744945144 -0.173114048679801 -0.13198645928026376
v 0.48516155744945144 -0.173114048679801 -0.13198645928026376
v 0.4970662318991431 0.06521988182216071 -0.20651978268485147
v 0.4970662318991431 0.06521988182216071 -0.20651978268485147
vt 0 0.40625
vt 1 0.40625
vt 1 0.125
vt 0 0.125
vt 0 1
vt 0 1
vt 0 0
vt 0 0
vt 0 1
vt 0 1
vt 0 0
vt 0 0
vt 0 1
vt 0 1
vt 0 0
vt 0 0
vt 0 1
vt 1 1
vt 1 1
vt 0 1
vt 0 1
vt 1 1
vt 1 1
vt 0 1
vn 0.02620830795017952 -0.299561599241019 -0.9537169249072557
vn -0.9985216994208682 0.03760118886337674 -0.039250049448661756
vn -0.02620830795017952 0.299561599241019 0.9537169249072557
vn 0.9985216994208682 -0.03760118886337674 0.039250049448661756
vn -0.04761869779876678 -0.9533357220078474 0.29813329361835084
vn 0.04761869779876678 0.9533357220078474 -0.29813329361835084
g Sporocarp
f 244/724/181 247/723/181 245/722/181 242/721/181
f 243/728/182 244/727/182 242/726/182 241/725/182
f 248/732/183 243/731/183 241/730/183 246/729/183
f 247/736/184 248/735/184 246/734/184 245/733/184
f 246/740/185 241/739/185 242/738/185 245/737/185
f 247/744/186 244/743/186 243/742/186 248/741/186
o cube
v -0.5014554718398778 0.10282114832199829 -0.24576964790461953
v -0.5014554718398778 0.10282114832199829 -0.24576964790461953
v -0.494935164267391 0.2110587560658299 -0.3079557063024035
v -0.494935164267391 0.2110587560658299 -0.3079557063024035
v 0.4970662275809896 0.06521995945862158 -0.2065195984559578
v 0.4970662275809896 0.06521995945862158 -0.2065195984559578
v 0.5035865351534764 0.1734575672024532 -0.26870565685374176
