# Made in Blockbench 5.0.4

o cube
v 0.25380463945470966 0.06698338731025366 -0.12142309327045478
v 0.25380463945470966 0.06698338731025366 -0.12142309327045478
v 0.2560356512551523 -0.1281566088122889 -0.15683228730272286
v 0.2560356512551523 -0.1281566088122889 -0.15683228730272286
v -0.2501402750101135 0.09005386972353324 -0.28031631446293637
v -0.2501402750101135 0.09005386972353324 -0.28031631446293637
v -0.24790926320967077 -0.10508612639900927 -0.3157255084952045
v -0.24790926320967077 -0.10508612639900927 -0.3157255084952045
vt 0 0.8125
vt 1 0.8125
vt 1 0.40625
vt 0 0.40625
vt 0 1
vt 0 1
vt 0 0
vt 0 0
vt 0 1
vt 0 1
vt 0 0
vt 0 0
vt 0 1
vt 0 1
vt 0 0
vt 0 0
vt 0 1
vt 1 1
vt 1 1
vt 0 1
vt 0 1
vt 1 1
vt 1 1
vt 0 1
vn 0.30336126227071114 0.17348290307907718 -0.9369501731110232
vn 0.9528092235374883 -0.043619387365335986 0.30041959421409464
vn -0.30336126227071114 -0.17348290307907718 0.9369501731110232
vn -0.9528092235374883 0.043619387365335986 -0.30041959421409464
vn -0.011248470803151153 0.9838704342468718 0.17852854259042833
vn 0.011248470803151153 -0.9838704342468718 -0.17852854259042833
g Sporocarp
f 4/4/1 7/3/1 5/2/1 2/1/1
f 3/8/2 4/7/2 2/6/2 1/5/2
f 8/12/3 3/11/3 1/10/3 6/9/3
f 7/16/4 8/15/4 6/14/4 5/13/4
f 6/20/5 1/19/5 2/18/5 5/17/5
f 7/24/6 4/23/6 3/22/6 8/21/6
o cube
v 0.23569914988947666 0.13464297356878413 -0.05417599106577076
v 0.23569914988947666 0.13464297356878413 -0.05417599106577076
v 0.24388130983179085 0.11939369905798586 -0.08234060361561962
v 0.24388130983179085 0.11939369905798586 -0.08234060361561962
v -0.2682457645753463 0.1577134559820637 -0.21306921225825237
v -0.2682457645753463 0.1577134559820637 -0.21306921225825237
v -0.2600636046330322 0.14246418147126544 -0.24123382480810118
v -0.2600636046330322 0.14246418147126544 -0.24123382480810118
vt 0 1
vt 1 1
vt 1 0.9375
vt 0 0.9375
vt 0 1
vt 0 1
vt 0 0
vt 0 0
vt 0 1
vt 0 1
vt 0 0
vt 0 0
vt 0 1
vt 0 1
vt 0 0
vt 0 0
vt 0 1
vt 1 1
vt 1 1
vt 0 1
vt 0 1
vt 1 1
vt 1 1
vt 0 1
vn 0.175750623640959 0.8861665954105444 -0.4287429106915923
vn 0.9528092235374884 -0.04361938736533601 0.30041959421409464
vn -0.175750623640959 -0.8861665954105444 0.4287429106915923
vn -0.9528092235374884 0.04361938736533601 -0.30041959421409464
vn -0.2475203058977233 0.4613091308703497 0.8520138402302747
vn 0.2475203058977233 -0.4613091308703497 -0.8520138402302747
g Sporocarp
f 12/28/7 15/27/7 13/26/7 10/25/7
f 11/32/8 12/31/8 10/30/8 9/29/8
f 16/36/9 11/35/9 9/34/9 14/33/9
f 15/40/10 16/39/10 14/38/10 13/37/10
f 14/44/11 9/43/11 10/42/11 13/41/11
f 15/48/12 12/47/12 11/46/12 16/45/12
o cube
v 0.24388414341512804 0.11938448341570695 -0.08235092865789206
v 0.24388414341512804 0.11938448341570695 -0.08235092865789206
v 0.2538046799401454 0.06698340402577563 -0.12142321924684424
v 0.2538046799401454 0.06698340402577563 -0.12142321924684424
v -0.260060771049695 0.14245496582898665 -0.24124414985037362
v -0.260060771049695 0.14245496582898665 -0.24124414985037362
v -0.25014023452467765 0.09005388643905521 -0.2803164404393258
v -0.25014023452467765 0.09005388643905521 -0.2803164404393258
vt 0 0.9375
vt 1 0.9375
vt 1 0.8125
vt 0 0.8125
vt 0 1
vt 0 1
vt 0 0
vt 0 0
vt 0 1
vt 0 1
vt 0 0
vt 0 0
vt 0 1
vt 0 1
vt 0 0
vt 0 0
vt 0 1
vt 1 1
vt 1 1
vt 0 1
vt 0 1
vt 1 1
vt 1 1
vt 0 1
vn 0.2638907602063707 0.6081820230187927 -0.7486496467336857
vn 0.9528092235374884 -0.04361938736533602 0.3004195942140947
vn -0.2638907602063707 -0.6081820230187927 0.7486496467336857
vn -0.9528092235374884 0.04361938736533602 -0.3004195942140947
vn -0.1500541576218143 0.7925982437039849 0.5909921944135694
vn 0.1500541576218143 -0.7925982437039849 -0.5909921944135694
g Sporocarp
f 20/52/13 23/51/13 21/50/13 18/49/13
f 19/56/14 20/55/14 18/54/14 17/53/14
f 24/60/15 19/59/15 17/58/15 22/57/15
f 23/64/16 24/63/16 22/62/16 21/61/16
f 22/68/17 17/67/17 18/66/17 21/65/17
f 23/72/18 20/71/18 19/70/18 24/69/18
o cube
v 0.23569275322753147 0.13466528538674233 -0.054152463884229673
v 0.23569275322753147 0.13466528538674233 -0.054152463884229673
v 0.2511516371576446 0.18336253829602214 -0.09611118794450685
v 0.2511516371576446 0.18336253829602214 -0.09611118794450685
v -0.26825216123729156 0.1577357678000219 -0.2130456850767113
v -0.26825216123729156 0.1577357678000219 -0.2130456850767113
v -0.25279327730717843 0.20643302070930175 -0.2550044091369884
v -0.25279327730717843 0.20643302070930175 -0.2550044091369884
vt 0 0.125
vt 1 0.125
vt 1 0
vt 0 0
vt 0 1
vt 0 1
vt 0 0
vt 0 0
vt 0 1
vt 0 1
vt 0 0
vt 0 0
vt 0 1
vt 0 1
vt 0 0
vt 0 0
vt 0 1
vt 1 1
vt 1 1
vt 0 1
vt 0 1
vt 1 1
vt 1 1
vt 0 1
vn -0.1935986474106558 0.6749471954365436 0.7120153418944769
vn 0.9528092235374883 -0.04361938736533597 0.30041959421409475
vn 0.1935986474106558 -0.6749471954365436 -0.7120153418944769
vn -0.9528092235374883 0.04361938736533597 -0.30041959421409475
vn -0.23382503557714504 -0.7365756121527627 0.6346512588178882
vn 0.23382503557714504 0.7365756121527627 -0.6346512588178882
g Sporocarp
f 28/76/19 31/75/19 29/74/19 26/73/19
f 27/80/20 28/79/20 26/78/20 25/77/20
f 32/84/21 27/83/21 25/82/21 30/81/21
f 31/88/22 32/87/22 30/86/22 29/85/22
f 30/92/23 25/91/23 26/90/23 29/89/23
f 31/96/24 28/95/24 27/94/24 32/93/24
o cube
v 0.25053495623591193 -0.260256655055989 -0.15856656212340098
v 0.25053495623591193 -0.260256655055989 -0.15856656212340098
v 0.25215275535969295 -0.32474111863483307 -0.1730603794599554
v 0.25215275535969295 -0.32474111863483307 -0.1730603794599554
v -0.25340995822891105 -0.2371861726427094 -0.3174597833158826
v -0.25340995822891105 -0.2371861726427094 -0.3174597833158826
v -0.2517921591051301 -0.30167063622155343 -0.33195360065243695
v -0.2517921591051301 -0.30167063622155343 -0.33195360065243695
vt 0 0.125
vt 1 0.125
vt 1 0
vt 0 0
vt 0 1
vt 0 1
vt 0 0
vt 0 0
vt 0 1
vt 0 1
vt 0 0
vt 0 0
vt 0 1
vt 0 1
vt 0 0
vt 0 0
vt 0 1
vt 1 1
vt 1 1
vt 0 1
vt 0 1
vt 1 1
vt 1 1
vt 0 1
vn 0.30258187816315113 0.21623361138472552 -0.9282710985023607
vn 0.9528092235374883 -0.043619387365335986 0.30041959421409464
vn -0.30258187816315113 -0.21623361138472552 0.9282710985023607
vn -0.9528092235374883 0.043619387365335986 -0.30041959421409464
vn -0.02447019716202705 0.9753667896506383 0.21922781551951678
vn 0.02447019716202705 -0.9753667896506383 -0.21922781551951678
g Sporocarp
f 36/100/25 39/99/25 37/98/25 34/97/25
f 35/104/26 36/103/26 34/102/26 33/101/26
f 40/108/27 35/107/27 33/106/27 38/105/27
f 39/112/28 40/111/28 38/110/28 37/109/28
f 38/116/29 33/115/29 34/114/29 37/113/29
f 39/120/30 36/119/30 35/118/30 40/117/30
o cube
v 0.2560356652159671 -0.128156546506246 -0.15683232253425203
v 0.2560356652159671 -0.128156546506246 -0.15683232253425203
v 0.25053498768109617 -0.2602567765769865 -0.15856667949901065
v 0.25053498768109617 -0.2602567765769865 -0.15856667949901065
v -0.24790924924885593 -0.10508606409296639 -0.3157255437267336
v -0.24790924924885593 -0.10508606409296639 -0.3157255437267336
v -0.2534099267837268 -0.23718629416370687 -0.3174599006914922
v -0.2534099267837268 -0.23718629416370687 -0.3174599006914922
vt 0 0.40625
vt 1 0.40625
vt 1 0.125
vt 0 0.125
vt 0 1
vt 0 1
vt 0 0
vt 0 0
vt 0 1
vt 0 1
vt 0 0
vt 0 0
vt 0 1
vt 0 1
vt 0 0
vt 0 0
vt 0 1
vt 1 1
vt 1 1
vt 0 1
vt 0 1
vt 1 1
vt 1 1
vt 0 1
vn 0.300705799504273 0 -0.9537169507482269
vn 0.9528092235374884 -0.043619387365336 0.3004195942140947
vn -0.300705799504273 0 0.9537169507482269
vn -0.9528092235374884 0.043619387365336 -0.3004195942140947
vn 0.04160054911157399 0.9990482215818579 0.013116602751579949
vn -0.04160054911157399 -0.9990482215818579 -0.013116602751579949
g Sporocarp
f 44/124/31 47/123/31 45/122/31 42/121/31
f 43/128/32 44/127/32 42/126/32 41/125/32
f 48/132/33 43/131/33 41/130/33 46/129/33
f 47/136/34 48/135/34 46/134/34 45/133/34
f 46/140/35 41/139/35 42/138/35 45/137/35
f 47/144/36 44/143/36 43/142/36 48/141/36
o cube
v -0.4307504782643665 0.12933320246999985 -0.13226315095440783
v -0.4307504782643665 0.12933320246999985 -0.13226315095440783
v -0.437194289221629 0.20298629874061697 -0.3107566766355885
v -0.437194289221629 0.20298629874061697 -0.3107566766355885
v 0.33910878442093473 0.19668716046539014 -0.13226315095440783
v 0.33910878442093473 0.19668716046539014 -0.13226315095440783
v 0.33266497346367224 0.27034025673600726 -0.3107566766355885
v 0.33266497346367224 0.27034025673600726 -0.3107566766355885
vt 0 0.40625
vt 1 0.40625
vt 1 0.125
vt 0 0.125
vt 0 1
vt 0 1
vt 0 0
vt 0 0
vt 0 1
vt 0 1
vt 0 0
vt 0 0
vt 0 1
vt 0 1
vt 0 0
vt 0 0
vt 0 1
vt 1 1
vt 1 1
vt 0 1
vt 0 1
vt 1 1
vt 1 1
vt 0 1
vn 0.08052140686538041 -0.9203638919632244 -0.38268343236509006
vn -0.9961946980917455 -0.08715574274765817 0
vn -0.08052140686538041 0.9203638919632244 0.38268343236509006
vn 0.9961946980917455 0.08715574274765817 0
vn 0.03335305878500263 -0.3812272063696536 0.9238795325112868
vn -0.03335305878500263 0.3812272063696536 -0.9238795325112868
g Sporocarp
f 52/148/37 55/147/37 53/146/37 50/145/37
f 51/152/38 52/151/38 50/150/38 49/149/38
f 56/156/39 51/155/39 49/154/39 54/153/39
f 55/160/40 56/159/40 54/158/40 53/157/40
f 54/164/41 49/163/41 50/162/41 53/161/41
f 55/168/42 52/167/42 51/166/42 56/165/42
o cube
v -0.4371943020960085 0.2029864458954485 -0.31075663124452674
v -0.4371943020960085 0.2029864458954485 -0.31075663124452674
v -0.43865628860407785 0.2196970281486122 -0.4058890601855061
v -0.43865628860407785 0.2196970281486122 -0.4058890601855061
v 0.33266496058929274 0.2703404038908388 -0.31075663124452674
v 0.33266496058929274 0.2703404038908388 -0.31075663124452674
v 0.3312029740812234 0.28705098614400243 -0.4058890601855061
v 0.3312029740812234 0.28705098614400243 -0.4058890601855061
vt 0 0.125
vt 1 0.125
vt 1 0
vt 0 0
vt 0 1
vt 0 1
vt 0 0
vt 0 0
vt 0 1
vt 0 1
vt 0 0
vt 0 0
vt 0 1
vt 0 1
vt 0 0
vt 0 0
vt 0 1
vt 1 1
vt 1 1
vt 0 1
vt 0 1
vt 1 1
vt 1 1
vt 0 1
vn 0.08583165117743129 -0.981060262190407 -0.17364817766693058
vn -0.9961946980917457 -0.0871557427476582 0
vn -0.08583165117743129 0.981060262190407 0.17364817766693058
vn 0.9961946980917457 0.0871557427476582 0
vn 0.01513443590133864 -0.1729873939250895 0.9848077530122081
vn -0.01513443590133864 0.1729873939250895 -0.9848077530122081
g Sporocarp
f 60/172/43 63/171/43 61/170/43 58/169/43
f 59/176/44 60/175/44 58/174/44 57/173/44
f 64/180/45 59/179/45 57/178/45 62/177/45
f 63/184/46 64/183/46 62/182/46 61/181/46
f 62/188/47 57/187/47 58/186/47 61/185/47
f 63/192/48 60/191/48 59/190/48 64/189/48
o cube
v -0.43074739185335276 0.1292979246306844 -0.13223067227105073
v -0.43074739185335276 0.1292979246306844 -0.13223067227105073
v -0.4193714732368922 -0.00072942014741606 -0.2746726537427667
v -0.4193714732368922 -0.00072942014741606 -0.2746726537427667
v 0.3391118708319485 0.19665188262607464 -0.13223067227105073
v 0.3391118708319485 0.19665188262607464 -0.13223067227105073
v 0.350487789448409 0.0666245378479742 -0.2746726537427667
v 0.350487789448409 0.0666245378479742 -0.2746726537427667
vt 0 0.40625
vt 1 0.40625
vt 1 0.125
vt 0 0.125
vt 0 1
vt 0 1
vt 0 0
vt 0 0
vt 0 1
vt 0 1
vt 0 0
vt 0 0
vt 0 1
vt 0 1
vt 0 0
vt 0 0
vt 0 1
vt 1 1
vt 1 1
vt 0 1
vt 0 1
vt 1 1
vt 1 1
vt 0 1
vn 0.06425795390070173 -0.7344717739534478 0.6755902076156605
vn -0.9961946980917455 -0.08715574274765817 0
vn -0.06425795390070173 0.7344717739534478 -0.6755902076156605
vn 0.9961946980917455 0.08715574274765817 0
vn -0.05888156633778745 0.6730193829094223 0.7372773368101241
vn 0.05888156633778745 -0.6730193829094223 -0.7372773368101241
g Sporocarp
f 68/196/49 71/195/49 69/194/49 66/193/49
f 67/200/50 68/199/50 66/198/50 65/197/50
f 72/204/51 67/203/51 65/202/51 70/201/51
f 71/208/52 72/207/52 70/206/52 69/205/52
f 70/212/53 65/211/53 66/210/53 69/209/53
f 71/216/54 68/215/54 67/214/54 72/213/54
o cube
v -0.4193707617340998 -0.0007375526615462369 -0.27468487140216186
v -0.4193707617340998 -0.0007375526615462369 -0.27468487140216186
v -0.4158126351529289 -0.04140712558417603 -0.3622342036299023
v -0.4158126351529289 -0.04140712558417603 -0.3622342036299023
v 0.35048850095120143 0.06661640533384403 -0.27468487140216186
v 0.35048850095120143 0.06661640533384403 -0.27468487140216186
v 0.35404662753237237 0.02594683241121426 -0.3622342036299023
v 0.35404662753237237 0.02594683241121426 -0.3622342036299023
vt 0 0.125
vt 1 0.125
vt 1 0
vt 0 0
vt 0 1
vt 0 1
vt 0 0
vt 0 0
vt 0 1
vt 0 1
vt 0 0
vt 0 0
vt 0 1
vt 0 1
vt 0 0
vt 0 0
vt 0 1
vt 1 1
vt 1 1
vt 0 1
vt 0 1
vt 1 1
vt 1 1
vt 0 1
vn 0.07898992833716566 -0.9028590122851738 0.4226182617406993
vn -0.9961946980917457 -0.0871557427476582 0
vn -0.07898992833716566 0.9028590122851738 -0.4226182617406993
vn 0.9961946980917457 0.0871557427476582 0
vn -0.03683360850073486 0.42101007166283444 0.90630778703665
vn 0.03683360850073486 -0.42101007166283444 -0.90630778703665
g Sporocarp
f 76/220/55 79/219/55 77/218/55 74/217/55
f 75/224/56 76/223/56 74/222/56 73/221/56
f 80/228/57 75/227/57 73/226/57 78/225/57
f 79/232/58 80/231/58 78/230/58 77/229/58
f 78/236/59 73/235/59 74/234/59 77/233/59
f 79/240/60 76/239/60 75/238/60 80/237/60
o cube
v -0.30105041228309015 -0.19614902735993223 -0.22017885182393176
v -0.30105041228309015 -0.19614902735993223 -0.22017885182393176
v -0.30749422324035297 -0.12249593108931495 -0.3986723775051123
v -0.30749422324035297 -0.12249593108931495 -0.3986723775051123
v 0.06011299642436829 0.4399084793934128 0.029243842238833195
v 0.06011299642436829 0.4399084793934128 0.029243842238833195
v 0.05366918546710553 0.5135615756640302 -0.14924968344234735
v 0.05366918546710553 0.5135615756640302 -0.14924968344234735
vt 0 0.40625
vt 1 0.40625
vt 1 0.125
vt 0 0.125
vt 0 1
vt 0 1
vt 0 0
vt 0 0
vt 0 1
vt 0 1
vt 0 0
vt 0 0
vt 0 1
vt 0 1
vt 0 0
vt 0 0
vt 0 1
vt 1 1
vt 1 1
vt 0 1
vt 0 1
vt 1 1
vt 1 1
vt 0 1
vn 0.8834462071070337 -0.4210047508015527 -0.20561565833058187
vn -0.46734395536679413 -0.8230557799603327 -0.32275193331103147
vn -0.8834462071070337 0.4210047508015527 0.20561565833058187
vn 0.46734395536679413 0.8230557799603327 0.32275193331103147
vn 0.03335305878500414 -0.38122720636965435 0.9238795325112865
vn -0.03335305878500414 0.38122720636965435 -0.9238795325112865
g Sporocarp
f 84/244/61 87/243/61 85/242/61 82/241/61
f 83/248/62 84/247/62 82/246/62 81/245/62
f 88/252/63 83/251/63 81/250/63 86/249/63
f 87/256/64 88/255/64 86/254/64 85/253/64
f 86/260/65 81/259/65 82/258/65 85/257/65
f 87/264/66 84/263/66 83/262/66 88/261/66
o cube
v -0.3074943596391439 -0.12249586075742375 -0.39867235935469963
v -0.3074943596391439 -0.12249586075742375 -0.39867235935469963
v -0.2921687408635213 -0.09534464427039074 -0.49010264346460797
v -0.2921687408635213 -0.09534464427039074 -0.49010264346460797
v 0.0536690490683146 0.5135616459959214 -0.14924966529193467
v 0.0536690490683146 0.5135616459959214 -0.14924966529193467
v 0.06899466784393721 0.5407128624829542 -0.240679949401843
v 0.06899466784393721 0.5407128624829542 -0.240679949401843
vt 0 0.125
vt 1 0.125
vt 1 0
vt 0 0
vt 0 1
vt 0 1
vt 0 0
vt 0 0
vt 0 1
vt 0 1
vt 0 0
vt 0 0
vt 0 1
vt 0 1
vt 0 0
vt 0 0
vt 0 1
vt 1 1
vt 1 1
vt 0 1
vt 0 1
vt 1 1
vt 1 1
vt 0 1
vn 0.869723927670928 -0.493537926555428 -0.000777616887425753
vn -0.46734395536679413 -0.8230557799603327 -0.3227519333110314
vn -0.869723927670928 0.493537926555428 0.000777616887425753
vn 0.46734395536679413 0.8230557799603327 0.3227519333110314
vn -0.1586502978842917 -0.281068493654585 0.9464832723592995
vn 0.1586502978842917 0.281068493654585 -0.9464832723592995
g Sporocarp
f 92/268/67 95/267/67 93/266/67 90/265/67
f 91/272/68 92/271/68 90/270/68 89/269/68
f 96/276/69 91/275/69 89/274/69 94/273/69
f 95/280/70 96/279/70 94/278/70 93/277/70
f 94/284/71 89/283/71 90/282/71 93/281/71
f 95/288/72 92/287/72 91/286/72 96/285/72
o cube
v -0.3010310361998711 -0.19617417424212716 -0.22014278080416172
v -0.3010310361998711 -0.19617417424212716 -0.22014278080416172
v -0.14906405740291345 -0.23876440031918292 -0.3315804315243304
v -0.14906405740291345 -0.23876440031918292 -0.3315804315243304
v 0.06013237250758742 0.4398833325112179 0.029279913258603185
v 0.06013237250758742 0.4398833325112179 0.029279913258603185
v 0.21209935130454505 0.39729310643416216 -0.08215773746156546
v 0.21209935130454505 0.39729310643416216 -0.08215773746156546
vt 0 0.40625
vt 1 0.40625
vt 1 0.125
vt 0 0.125
vt 0 1
vt 0 1
vt 0 0
vt 0 0
vt 0 1
vt 0 1
vt 0 0
vt 0 0
vt 0 1
vt 0 1
vt 0 0
vt 0 0
vt 0 1
vt 1 1
vt 1 1
vt 0 1
vt 0 1
vt 1 1
vt 1 1
vt 0 1
vn 0.40358863728732886 -0.5234334817313743 0.7504222824884188
vn -0.46734395536679396 -0.8230557799603326 -0.32275193331103147
vn -0.40358863728732886 0.5234334817313743 -0.7504222824884188
vn 0.46734395536679396 0.8230557799603326 0.32275193331103147
vn -0.7865785652016439 0.22044630474666543 0.5767994343694033
vn 0.7865785652016439 -0.22044630474666543 -0.5767994343694033
g Sporocarp
f 100/292/73 103/291/73 101/290/73 98/289/73
f 99/296/74 100/295/74 98/294/74 97/293/74
f 104/300/75 99/299/75 97/298/75 102/297/75
f 103/304/76 104/303/76 102/302/76 101/301/76
f 102/308/77 97/307/77 98/306/77 101/305/77
f 103/312/78 100/311/78 99/310/78 104/309/78
o cube
v -0.14905353603839208 -0.23876643183341062 -0.33159048582997225
v -0.14905353603839208 -0.23876643183341062 -0.33159048582997225
v -0.08831030969761977 -0.24387115198949894 -0.40652887576358193
v -0.08831030969761977 -0.24387115198949894 -0.40652887576358193
v 0.2121098726690664 0.39729107491993443 -0.08216779176720729
v 0.2121098726690664 0.39729107491993443 -0.08216779176720729
v 0.27285309900983873 0.3921863547638461 -0.15710618170081697
v 0.27285309900983873 0.3921863547638461 -0.15710618170081697
vt 0 0.125
vt 1 0.125
vt 1 0
vt 0 0
vt 0 1
vt 0 1
vt 0 0
vt 0 0
vt 0 1
vt 0 1
vt 0 0
vt 0 0
vt 0 1
vt 0 1
vt 0 0
vt 0 0
vt 0 1
vt 1 1
vt 1 1
vt 0 1
vt 0 1
vt 1 1
vt 1 1
vt 0 1
vn 0.621438060832188 -0.5654968664329826 0.5422435159627151
vn -0.4673439553667941 -0.8230557799603326 -0.32275193331103147
vn -0.621438060832188 0.5654968664329826 -0.5422435159627151
vn 0.4673439553667941 0.8230557799603326 0.32275193331103147
vn -0.6288118668817008 0.05284389395536582 0.7757597301615908
vn 0.6288118668817008 -0.05284389395536582 -0.7757597301615908
g Sporocarp
f 108/316/79 111/315/79 109/314/79 106/313/79
f 107/320/80 108/319/80 106/318/80 105/317/80
f 112/324/81 107/323/81 105/322/81 110/321/81
f 111/328/82 112/327/82 110/326/82 109/325/82
f 110/332/83 105/331/83 106/330/83 109/329/83
f 111/336/84 108/335/84 107/334/84 112/333/84
o cube
v 0.23488346984800615 0.010850157583855269 -0.20603619568225245
v 0.23488346984800615 0.010850157583855269 -0.20603619568225245
v 0.22791546298261736 -0.003759624182342214 -0.2348586638551618
v 0.22791546298261736 -0.003759624182342214 -0.2348586638551618
v -0.2810679263899382 0.030829781431317538 -0.09142925407009794
v -0.2810679263899382 0.030829781431317538 -0.09142925407009794
v -0.28803593325532695 0.016219999665120055 -0.12025172224300729
v -0.28803593325532695 0.016219999665120055 -0.12025172224300729
vt 0 1
vt 1 1
vt 1 0.9375
vt 0 0.9375
vt 0 1
vt 0 1
vt 0 0
vt 0 0
vt 0 1
vt 0 1
vt 0 0
vt 0 0
vt 0 1
vt 0 1
vt 0 0
vt 0 0
vt 0 1
vt 1 1
vt 1 1
vt 0 1
vt 0 1
vt 1 1
vt 1 1
vt 0 1
vn -0.06283098296654041 0.8962371912235972 -0.4391026812114629
vn 0.9755098922957268 -0.037775497555894995 -0.21668747499009755
vn 0.06283098296654041 -0.8962371912235972 0.4391026812114629
vn -0.9755098922957268 0.037775497555894995 0.21668747499009755
vn 0.21079069621934907 0.44196369630552446 0.871914774238469
vn -0.21079069621934907 -0.44196369630552446 -0.871914774238469
g Sporocarp
f 116/340/85 119/339/85 117/338/85 114/337/85
f 115/344/86 116/343/86 114/342/86 113/341/86
f 120/348/87 115/347/87 113/346/87 118/345/87
f 119/352/88 120/351/88 118/350/88 117/349/88
f 118/356/89 113/355/89 114/354/89 117/353/89
f 119/360/90 116/359/90 115/358/90 120/357/90
o cube
v 0.2279127683576229 -0.0037686064774135053 -0.23486922894515014
v 0.2279127683576229 -0.0037686064774135053 -0.23486922894515014
v 0.21703798457627652 -0.05529190962723063 -0.2748445009052336
v 0.21703798457627652 -0.05529190962723063 -0.2748445009052336
v -0.2880386278803215 0.01621101737004882 -0.12026228733299563
v -0.2880386278803215 0.01621101737004882 -0.12026228733299563
v -0.2989134116616678 -0.035312285779768304 -0.16023755929307906
v -0.2989134116616678 -0.035312285779768304 -0.16023755929307906
vt 0 0.9375
vt 1 0.9375
vt 1 0.8125
vt 0 0.8125
vt 0 1
vt 0 1
vt 0 0
vt 0 0
vt 0 1
vt 0 1
vt 0 0
vt 0 0
vt 0 1
vt 0 1
vt 0 0
vt 0 0
vt 0 1
vt 1 1
vt 1 1
vt 0 1
vt 0 1
vt 1 1
vt 1 1
vt 0 1
vn -0.1460282067570758 0.6254848163526662 -0.7664492855653167
vn 0.9755098922957268 -0.037775497555895 -0.21668747499009755
vn 0.1460282067570758 -0.6254848163526662 0.7664492855653167
vn -0.9755098922957268 0.037775497555895 0.21668747499009755
vn 0.1644877286136942 0.7793213434114814 0.6046503376653581
vn -0.1644877286136942 -0.7793213434114814 -0.6046503376653581
g Sporocarp
f 124/364/91 127/363/91 125/362/91 122/361/91
f 123/368/92 124/367/92 122/366/92 121/365/92
f 128/372/93 123/371/93 121/370/93 126/369/93
f 127/376/94 128/375/94 126/374/94 125/373/94
f 126/380/95 121/379/95 122/378/95 125/377/95
f 127/384/96 124/383/96 123/382/96 128/381/96
o cube
v 0.23488966071460418 0.010871938078740942 -0.2060121219208264
v 0.23488966071460418 0.010871938078740942 -0.2060121219208264
v 0.22727034997971166 0.0605433279882321 -0.24897295508809644
v 0.22727034997971166 0.0605433279882321 -0.24897295508809644
v -0.28106173552334013 0.030851561926203225 -0.09140518030867195
v -0.28106173552334013 0.030851561926203225 -0.09140518030867195
v -0.28868104625823265 0.08052295183569438 -0.1343660134759419
v -0.28868104625823265 0.08052295183569438 -0.1343660134759419
vt 0 0.125
vt 1 0.125
vt 1 0
vt 0 0
vt 0 1
vt 0 1
vt 0 0
vt 0 0
vt 0 1
vt 0 1
vt 0 0
vt 0 0
vt 0 1
vt 0 1
vt 0 0
vt 0 0
vt 0 1
vt 1 1
vt 1 1
vt 0 1
vt 0 1
vt 1 1
vt 1 1
vt 0 1
vn 0.18734632240547 0.6588674025615415 0.7285568621068321
vn 0.9755098922957268 -0.037775497555895 -0.21668747499009758
vn -0.18734632240547 -0.6588674025615415 -0.7285568621068321
vn -0.9755098922957268 0.037775497555895 0.21668747499009758
vn 0.11524671585049742 -0.7513100276358703 0.6498087694541084
vn -0.11524671585049742 0.7513100276358703 -0.6498087694541084
g Sporocarp
f 132/388/97 135/387/97 133/386/97 130/385/97
f 131/392/98 132/391/98 130/390/98 129/389/98
f 136/396/99 131/395/99 129/394/99 134/393/99
f 135/400/100 136/399/100 134/398/100 133/397/100
f 134/404/101 129/403/101 130/402/101 133/401/101
f 135/408/102 132/407/102 131/406/102 136/405/102
o cube
v 0.1241696797600515 -0.5462047885702985 -0.22809686122423192
v 0.1241696797600515 -0.5462047885702985 -0.22809686122423192
v 0.12422172117455166 -0.859436471105971 -0.22928767218847257
v 0.12422172117455166 -0.859436471105971 -0.22928767218847257
v -0.028766119206990765 -0.546230149448909 -0.22810959593081997
v -0.028766119206990765 -0.546230149448909 -0.22810959593081997
v -0.028714077792490605 -0.8594618319845814 -0.2293004068950606
v -0.028714077792490605 -0.8594618319845814 -0.2293004068950606
vt 0 0.59375
vt 0.3125 0.59375
vt 0.3125 0
vt 0 0
vt 0 1
vt 0 1
vt 0 0
vt 0 0
vt 0 1
vt 0 1
vt 0 0
vt 0 0
vt 0 1
vt 0 1
vt 0 0
vt 0 0
vt 0 1
vt 1 1
vt 1 1
vt 0 1
vt 0 1
vt 1 1
vt 1 1
vt 0 1
vn 0.00008263729392371336 0.0038016801040237557 -0.999992770173597
vn 0.9999999827839038 0.00016582695709638866 0.00008326831555999413
vn -0.00008263729392371336 -0.0038016801040237557 0.999992770173597
vn -0.9999999827839038 -0.00016582695709638866 -0.00008326831555999413
vn -0.0001661423176948347 0.9999927598386936 0.003801666335082673
vn 0.0001661423176948347 -0.9999927598386936 -0.003801666335082673
g Sporocarp
f 140/412/103 143/411/103 141/410/103 138/409/103
f 139/416/104 140/415/104 138/414/104 137/413/104
f 144/420/105 139/419/105 137/418/105 142/417/105
f 143/424/106 144/423/106 142/422/106 141/421/106
f 142/428/107 137/427/107 138/426/107 141/425/107
f 143/432/108 140/431/108 139/430/108 144/429/108
o cube
v -0.02877651933832398 -0.4837306094122098 -0.22787199181455403
v -0.02877651933832398 -0.4837306094122098 -0.22787199181455403
v -0.02872447792382382 -0.7969622919478823 -0.22906280277879465
v -0.02872447792382382 -0.7969622919478823 -0.22906280277879465
v -0.18171231830536627 -0.48375597029082024 -0.22788472652114206
v -0.18171231830536627 -0.48375597029082024 -0.22788472652114206
v -0.1816602768908661 -0.7969876528264926 -0.22907553748538273
v -0.1816602768908661 -0.7969876528264926 -0.22907553748538273
vt 0.6875 0.75
vt 1 0.75
vt 1 0.15625
vt 0.6875 0.15625
vt 0 1
vt 0 1
vt 0 0
vt 0 0
vt 0 1
vt 0 1
vt 0 0
vt 0 0
vt 0 1
vt 0 1
vt 0 0
vt 0 0
vt 0 1
vt 1 1
vt 1 1
vt 0 1
vt 0 1
vt 1 1
vt 1 1
vt 0 1
vn 0.00008263729392371336 0.0038016801040237557 -0.999992770173597
vn 0.9999999827839038 0.00016582695709638866 0.00008326831555999413
vn -0.00008263729392371336 -0.0038016801040237557 0.999992770173597
vn -0.9999999827839038 -0.00016582695709638866 -0.00008326831555999413
vn -0.0001661423176948347 0.9999927598386936 0.003801666335082673
vn 0.0001661423176948347 -0.9999927598386936 -0.003801666335082673
g Sporocarp
f 148/436/109 151/435/109 149/434/109 146/433/109
f 147/440/110 148/439/110 146/438/110 145/437/110
f 152/444/111 147/443/111 145/442/111 150/441/111
f 151/448/112 152/447/112 150/446/112 149/445/112
f 150/452/113 145/451/113 146/450/113 149/449/113
f 151/456/114 148/455/114 147/454/114 152/453/114
o cube
v 0.1553572539141223 -0.1704683850587942 -0.2266658440119067
v 0.1553572539141223 -0.1704683850587942 -0.2266658440119067
v 0.1554196792234784 -0.5461996150843851 -0.22809425912208997
v 0.1554196792234784 -0.5461996150843851 -0.22809425912208997
v -0.02882854451491694 -0.1704989280298139 -0.22668118085335598
v -0.02882854451491694 -0.1704989280298139 -0.22668118085335598
v -0.02876611920556084 -0.5462301580554048 -0.2281095959635393
v -0.02876611920556084 -0.5462301580554048 -0.2281095959635393
vt 0 0.84375
vt 0.375 0.84375
vt 0.375 0.125
vt 0 0.125
vt 0 1
vt 0 1
vt 0 0
vt 0 0
vt 0 1
vt 0 1
vt 0 0
vt 0 0
vt 0 1
vt 0 1
vt 0 0
vt 0 0
vt 0 1
vt 1 1
vt 1 1
vt 0 1
vt 0 1
vt 1 1
vt 1 1
vt 0 1
vn 0.00008263729392371336 0.0038016801040237557 -0.999992770173597
vn 0.9999999827839038 0.00016582695709638866 0.00008326831555999413
vn -0.00008263729392371336 -0.0038016801040237557 0.999992770173597
vn -0.9999999827839038 -0.00016582695709638866 -0.00008326831555999413
vn -0.0001661423176948347 0.9999927598386936 0.003801666335082673
vn 0.0001661423176948347 -0.9999927598386936 -0.003801666335082673
g Sporocarp
f 156/460/115 159/459/115 157/458/115 154/457/115
f 155/464/116 156/463/116 154/462/116 153/461/116
f 160/468/117 155/467/117 153/466/117 158/465/117
f 159/472/118 160/471/118 158/470/118 157/469/118
f 158/476/119 153/475/119 154/474/119 157/473/119
f 159/480/120 156/479/120 155/478/120 160/477/120
o cube
v -0.02882854585147107 -0.17049892803003544 -0.22668118085346722
v -0.02882854585147107 -0.17049892803003544 -0.22668118085346722
v -0.028766120542114998 -0.5462301580556262 -0.22810959596365055
v -0.028766120542114998 -0.5462301580556262 -0.22810959596365055
v -0.21301434428051033 -0.17052947100105512 -0.22669651769491656
v -0.21301434428051033 -0.17052947100105512 -0.22669651769491656
v -0.21295191897115423 -0.5462607010266459 -0.22812493280509982
v -0.21295191897115423 -0.5462607010266459 -0.22812493280509982
vt 0.625 0.78125
vt 1 0.78125
vt 1 0.0625
vt 0.625 0.0625
vt 0 1
vt 0 1
vt 0 0
vt 0 0
vt 0 1
vt 0 1
vt 0 0
vt 0 0
vt 0 1
vt 0 1
vt 0 0
vt 0 0
vt 0 1
vt 1 1
vt 1 1
vt 0 1
vt 0 1
vt 1 1
vt 1 1
vt 0 1
vn 0.00008263729392371336 0.0038016801040237557 -0.999992770173597
vn 0.9999999827839038 0.00016582695709638866 0.00008326831555999413
vn -0.00008263729392371336 -0.0038016801040237557 0.999992770173597
vn -0.9999999827839038 -0.00016582695709638866 -0.00008326831555999413
vn -0.0001661423176948347 0.9999927598386936 0.003801666335082673
vn 0.0001661423176948347 -0.9999927598386936 -0.003801666335082673
g Sporocarp
f 164/484/121 167/483/121 165/482/121 162/481/121
f 163/488/122 164/487/122 162/486/122 161/485/122
f 168/492/123 163/491/123 161/490/123 166/489/123
f 167/496/124 168/495/124 166/494/124 165/493/124
f 166/500/125 161/499/125 162/498/125 165/497/125
f 167/504/126 164/503/126 163/502/126 168/501/126
o cube
v 0.15619403358953254 -0.3602463528788668 -0.10429189151432819
v 0.15619403358953254 -0.3602463528788668 -0.10429189151432819
v 0.15699933815921518 -0.6734780354145394 -0.10517065405985862
v 0.15699933815921518 -0.6734780354145394 -0.10517065405985862
v 0.03904660034847645 -0.36027171375747724 -0.20260688351907097
v 0.03904660034847645 -0.36027171375747724 -0.20260688351907097
v 0.039851904918159105 -0.6735033962931498 -0.2034856460646014
v 0.039851904918159105 -0.6735033962931498 -0.2034856460646014
vt 0 0.59375
vt 0.3125 0.59375
vt 0.3125 0
vt 0 0
vt 0 1
vt 0 1
vt 0 0
vt 0 0
vt 0 1
vt 0 1
vt 0 0
vt 0 0
vt 0 1
vt 0 1
vt 0 0
vt 0 0
vt 0 1
vt 1 1
vt 1 1
vt 0 1
vt 0 1
vt 1 1
vt 1 1
vt 0 1
vn 0.642846266283512 0.0038016801040237683 -0.765985786522005
vn 0.7659909060891618 0.00016582695709637546 0.6428513858506687
vn -0.642846266283512 -0.0038016801040237683 0.765985786522005
vn -0.7659909060891618 -0.00016582695709637546 -0.6428513858506687
vn -0.0025709364155906194 0.9999927598386935 0.00280545114732375
vn 0.0025709364155906194 -0.9999927598386935 -0.00280545114732375
g Sporocarp
f 172/508/127 175/507/127 173/506/127 170/505/127
f 171/512/128 172/511/128 170/510/128 169/509/128
f 176/516/129 171/515/129 169/514/129 174/513/129
f 175/520/130 176/519/130 174/518/130 173/517/130
f 174/524/131 169/523/131 170/522/131 173/521/131
f 175/528/132 172/527/132 171/526/132 176/525/132
o cube
v 0.03888590440371473 -0.2977721737207782 -0.20243155328170329
v 0.03888590440371473 -0.2977721737207782 -0.20243155328170329
v 0.039691208973397396 -0.6110038562564507 -0.20331031582723372
v 0.039691208973397396 -0.6110038562564507 -0.20331031582723372
v -0.07826152883734133 -0.2977975345993886 -0.30074654528644607
v -0.07826152883734133 -0.2977975345993886 -0.30074654528644607
v -0.07745622426765869 -0.6110292171350612 -0.3016253078319765
v -0.07745622426765869 -0.6110292171350612 -0.3016253078319765
vt 0.6875 0.75
vt 1 0.75
vt 1 0.15625
vt 0.6875 0.15625
vt 0 1
vt 0 1
vt 0 0
vt 0 0
vt 0 1
vt 0 1
vt 0 0
vt 0 0
vt 0 1
vt 0 1
vt 0 0
vt 0 0
vt 0 1
vt 1 1
vt 1 1
vt 0 1
vt 0 1
vt 1 1
vt 1 1
vt 0 1
vn 0.642846266283512 0.0038016801040237683 -0.765985786522005
vn 0.7659909060891618 0.00016582695709637546 0.6428513858506687
vn -0.642846266283512 -0.0038016801040237683 0.765985786522005
vn -0.7659909060891618 -0.00016582695709637546 -0.6428513858506687
vn -0.0025709364155906194 0.9999927598386935 0.00280545114732375
vn 0.0025709364155906194 -0.9999927598386935 -0.00280545114732375
g Sporocarp
f 180/532/133 183/531/133 181/530/133 178/529/133
f 179/536/134 180/535/134 178/534/134 177/533/134
f 184/540/135 179/539/135 177/538/135 182/537/135
f 183/544/136 184/543/136 182/542/136 181/541/136
f 182/548/137 177/547/137 178/546/137 181/545/137
f 183/552/138 180/551/138 179/550/138 184/549/138
o cube
v 0.17916526133128874 0.015490050632637364 -0.08314868248840193
v 0.17916526133128874 0.015490050632637364 -0.08314868248840193
v 0.1801312494269458 -0.36024117939295347 -0.08420278573064008
v 0.1801312494269458 -0.36024117939295347 -0.08420278573064008
v 0.038080612274946336 0.01545950766161766 -0.2015527803009781
v 0.038080612274946336 0.01545950766161766 -0.2015527803009781
v 0.03904660037060342 -0.3602717223639732 -0.20260688354321627
v 0.03904660037060342 -0.3602717223639732 -0.20260688354321627
vt 0 0.84375
vt 0.375 0.84375
vt 0.375 0.125
vt 0 0.125
vt 0 1
vt 0 1
vt 0 0
vt 0 0
vt 0 1
vt 0 1
vt 0 0
vt 0 0
vt 0 1
vt 0 1
vt 0 0
vt 0 0
vt 0 1
vt 1 1
vt 1 1
vt 0 1
vt 0 1
vt 1 1
vt 1 1
vt 0 1
vn 0.642846266283512 0.0038016801040237683 -0.765985786522005
vn 0.7659909060891618 0.00016582695709637546 0.6428513858506687
vn -0.642846266283512 -0.0038016801040237683 0.765985786522005
vn -0.7659909060891618 -0.00016582695709637546 -0.6428513858506687
vn -0.0025709364155906194 0.9999927598386935 0.00280545114732375
vn 0.0025709364155906194 -0.9999927598386935 -0.00280545114732375
g Sporocarp
f 188/556/139 191/555/139 189/554/139 186/553/139
f 187/560/140 188/559/140 186/558/140 185/557/140
f 192/564/141 187/563/141 185/562/141 190/561/141
f 191/568/142 192/567/142 190/566/142 189/565/142
f 190/572/143 185/571/143 186/570/143 189/569/143
f 191/576/144 188/575/144 187/574/144 192/573/144
o cube
v 0.038080611251158025 0.015459507661396144 -0.20155278116018385
v 0.038080611251158025 0.015459507661396144 -0.20155278116018385
v 0.03904659934681509 -0.3602717223641947 -0.20260688440242203
v 0.03904659934681509 -0.3602717223641947 -0.20260688440242203
v -0.10300403780518434 0.015428964690376468 -0.31995687897276004
v -0.10300403780518434 0.015428964690376468 -0.31995687897276004
v -0.10203804970952726 -0.36030226533521437 -0.3210109822149982
v -0.10203804970952726 -0.36030226533521437 -0.3210109822149982
vt 0.625 0.78125
vt 1 0.78125
vt 1 0.0625
vt 0.625 0.0625
vt 0 1
vt 0 1
vt 0 0
vt 0 0
vt 0 1
vt 0 1
vt 0 0
vt 0 0
vt 0 1
vt 0 1
vt 0 0
vt 0 0
vt 0 1
vt 1 1
vt 1 1
vt 0 1
vt 0 1
vt 1 1
vt 1 1
vt 0 1
vn 0.642846266283512 0.0038016801040237683 -0.765985786522005
vn 0.7659909060891618 0.00016582695709637546 0.6428513858506687
vn -0.642846266283512 -0.0038016801040237683 0.765985786522005
vn -0.7659909060891618 -0.00016582695709637546 -0.6428513858506687
vn -0.0025709364155906194 0.9999927598386935 0.00280545114732375
vn 0.0025709364155906194 -0.9999927598386935 -0.00280545114732375
g Sporocarp
f 196/580/145 199/579/145 197/578/145 194/577/145
f 195/584/146 196/583/146 194/582/146 193/581/146
f 200/588/147 195/587/147 193/586/147 198/585/147
f 199/592/148 200/591/148 198/590/148 197/589/148
f 198/596/149 193/595/149 194/594/149 197/593/149
f 199/600/150 196/599/150 195/598/150 200/597/150
