# Made in Blockbench 4.12.3

o cube
v 0.22586100147883797 0.1866110721587042 -0.014977367220466276
v 0.22586100147883797 0.1866110721587042 -0.014977367220466276
v 0.19335362631590813 0.16482213647178967 0.23194066136725772
v 0.19335362631590813 0.16482213647178967 0.23194066136725772
v -0.022000213864614628 0.1866110721587042 -0.04760891527547906
v -0.022000213864614628 0.1866110721587042 -0.04760891527547906
v -0.05450758902754448 0.16482213647178967 0.19930911331224482
v -0.05450758902754448 0.16482213647178967 0.19930911331224482
vt 0 1
vt 1 1
vt 1 0
vt 0 0
vt 0 1
vt 0 1
vt 0 0.75
vt 0 0.75
vt 0.03125 1
vt 0.3125 1
vt 0.3125 0.8125
vt 0.03125 0.8125
vt 0 1
vt 0 1
vt 0 0.75
vt 0 0.75
vt 0 1
vt 0.25 1
vt 0.25 1
vt 0 1
vt 0 1
vt 0.25 1
vt 0.25 1
vt 0 1
vn 0.01137610723096214 -0.9961946980917455 -0.086410113286383
vn 0.9914448613738104 0 0.1305261922200516
vn -0.01137610723096214 0.9961946980917455 0.086410113286383
vn -0.9914448613738104 0 -0.1305261922200516
vn 0.13002950065171945 0.08715574274765775 -0.9876721143508957
vn -0.13002950065171945 -0.08715574274765775 0.9876721143508957
g Leaf_Jagged
f 4/4/1 7/3/1 5/2/1 2/1/1
f 3/8/2 4/7/2 2/6/2 1/5/2
f 8/12/3 3/11/3 1/10/3 6/9/3
f 7/16/4 8/15/4 6/14/4 5/13/4
f 6/20/5 1/19/5 2/18/5 5/17/5
f 7/24/6 4/23/6 3/22/6 8/21/6
o cube
v 0.2526588036507018 0.1887562758288528 0.1405964405740594
v 0.2526588036507018 0.1887562758288528 0.1405964405740594
v 0.22153754314148075 0.11357982595278471 0.3769858830801666
v 0.22153754314148075 0.11357982595278471 0.3769858830801666
v 0.004797588307249266 0.1887562758288528 0.10796489251904662
v 0.004797588307249266 0.1887562758288528 0.10796489251904662
v -0.026323672201971855 0.11357982595278471 0.3443543350251537
v -0.026323672201971855 0.11357982595278471 0.3443543350251537
vt 0 1
vt 1 1
vt 1 0
vt 0 0
vt 0 1
vt 0 1
vt 0 0.75
vt 0 0.75
vt 0.03125 1
vt 0.3125 1
vt 0.3125 0.8125
vt 0.03125 0.8125
vt 0 1
vt 0 1
vt 0 0.75
vt 0 0.75
vt 0 1
vt 0.25 1
vt 0.25 1
vt 0 1
vt 0 1
vt 0.25 1
vt 0.25 1
vt 0 1
vn 0.03924998298777901 -0.953716950748227 -0.2981332197038147
vn 0.9914448613738105 0 0.1305261922200516
vn -0.03924998298777901 0.953716950748227 0.2981332197038147
vn -0.9914448613738105 0 -0.1305261922200516
vn 0.12448504203688456 0.30070579950427295 -0.9455577700244292
vn -0.12448504203688456 -0.30070579950427295 0.9455577700244292
g Leaf_Asymmetrical
f 12/28/7 15/27/7 13/26/7 10/25/7
f 11/32/8 12/31/8 10/30/8 9/29/8
f 16/36/9 11/35/9 9/34/9 14/33/9
f 15/40/10 16/39/10 14/38/10 13/37/10
f 14/44/11 9/43/11 10/42/11 13/41/11
f 15/48/12 12/47/12 11/46/12 16/45/12
o cube
v 0.11333246835865404 0.21879013673998493 -0.45213455997380114
v 0.11333246835865404 0.21879013673998493 -0.45213455997380114
v 0.11482983411488848 0.14425681888127906 -0.21350819423697598
v 0.11482983411488848 0.14425681888127906 -0.21350819423697598
v -0.1309714107081788 0.16772391338657056 -0.46655175475356025
v -0.1309714107081788 0.16772391338657056 -0.46655175475356025
v -0.12947404495194437 0.09319059552786457 -0.22792538901673487
v -0.12947404495194437 0.09319059552786457 -0.22792538901673487
vt 0 1
vt 1 1
vt 1 0
vt 0 0
vt 0 1
vt 0 1
vt 0 0.75
vt 0 0.75
vt 0.03125 1
vt 0.3125 1
vt 0.3125 0.8125
vt 0.03125 0.8125
vt 0 1
vt 0 1
vt 0 0.75
vt 0 0.75
vt 0 1
vt 0.25 1
vt 0.25 1
vt 0 1
vt 0 1
vt 0.25 1
vt 0.25 1
vt 0 1
vn 0.2121649384300949 -0.9324121437338087 -0.29256389578804376
vn 0.9772155162673315 0.20426489341365786 0.05766877911903568
vn -0.2121649384300949 0.9324121437338087 0.29256389578804376
vn -0.9772155162673315 -0.20426489341365786 -0.05766877911903568
vn -0.005989463024937666 0.29813327143482393 -0.9545054629473015
vn 0.005989463024937666 -0.29813327143482393 0.9545054629473015
g Leaf_Asymmetrical
f 20/52/13 23/51/13 21/50/13 18/49/13
f 19/56/14 20/55/14 18/54/14 17/53/14
f 24/60/15 19/59/15 17/58/15 22/57/15
f 23/64/16 24/63/16 22/62/16 21/61/16
f 22/68/17 17/67/17 18/66/17 21/65/17
f 23/72/18 20/71/18 19/70/18 24/69/18
o cube
v -0.0022096727418837864 0.23928789118957328 -0.054606527008946415
v -0.0022096727418837864 0.23928789118957328 -0.054606527008946415
v 0.010182533470163138 0.1652535528875232 0.18385804054224264
v 0.010182533470163138 0.1652535528875232 0.18385804054224264
v -0.2517094680663503 0.2262336193030856 -0.0456937205730934
v -0.2517094680663503 0.2262336193030856 -0.0456937205730934
v -0.23931726185430338 0.15219928100103575 0.19277084697809554
v -0.23931726185430338 0.15219928100103575 0.19277084697809554
vt 0 1
vt 1 1
vt 1 0
vt 0 0
vt 0 1
vt 0 1
vt 0 0.75
vt 0 0.75
vt 0.03125 1
vt 0.3125 1
vt 0.3125 0.8125
vt 0.03125 0.8125
vt 0 1
vt 0 1
vt 0 0.75
vt 0 0.75
vt 0 1
vt 0.25 1
vt 0.25 1
vt 0 1
vt 0 1
vt 0.25 1
vt 0.25 1
vt 0 1
vn 0.039250041171428135 -0.9537169621030447 -0.29813317572014814
vn 0.997999181297866 0.05221708754595 -0.035651225743411924
vn -0.039250041171428135 0.9537169621030447 0.29813317572014814
vn -0.997999181297866 -0.05221708754595 0.035651225743411924
vn -0.04956882484818766 0.29613735320819984 -0.9538582702047571
vn 0.04956882484818766 -0.29613735320819984 0.9538582702047571
g Leaf
f 28/76/19 31/75/19 29/74/19 26/73/19
f 27/80/20 28/79/20 26/78/20 25/77/20
f 32/84/21 27/83/21 25/82/21 30/81/21
f 31/88/22 32/87/22 30/86/22 29/85/22
f 30/92/23 25/91/23 26/90/23 29/89/23
f 31/96/24 28/95/24 27/94/24 32/93/24
o cube
v 0.5041751065736235 0.24491442954155174 0.2561086651056581
v 0.5041751065736235 0.24491442954155174 0.2561086651056581
v 0.4201445462734431 0.17151996640772627 0.4798319712606837
v 0.4201445462734431 0.17151996640772627 0.4798319712606837
v 0.2689250703696534 0.26118557670632114 0.17308655819446717
v 0.2689250703696534 0.26118557670632114 0.17308655819446717
v 0.18489451006947302 0.1877911135724959 0.3968098643494929
v 0.18489451006947302 0.1877911135724959 0.3968098643494929
vt 0 1
vt 1 1
vt 1 0
vt 0 0
vt 0 1
vt 0 1
vt 0 0.75
vt 0 0.75
vt 0.03125 1
vt 0.3125 1
vt 0.3125 0.8125
vt 0.03125 0.8125
vt 0 1
vt 0 1
vt 0 0.75
vt 0 0.75
vt 0 1
vt 0.25 1
vt 0.25 1
vt 0 1
vt 0 1
vt 0.25 1
vt 0.25 1
vt 0 1
vn 0.03925005002157873 -0.9537169605390478 -0.29813317955817004
vn 0.9410001448158805 -0.06508458865907829 0.3320884276447631
vn -0.03925005002157873 0.9537169605390478 0.29813317955817004
vn -0.9410001448158805 0.06508458865907829 -0.3320884276447631
vn 0.33612224120072154 0.2935778525353013 -0.8948932246201025
vn -0.33612224120072154 -0.2935778525353013 0.8948932246201025
g Leaf_Jagged
f 36/100/25 39/99/25 37/98/25 34/97/25
f 35/104/26 36/103/26 34/102/26 33/101/26
f 40/108/27 35/107/27 33/106/27 38/105/27
f 39/112/28 40/111/28 38/110/28 37/109/28
f 38/116/29 33/115/29 34/114/29 37/113/29
f 39/120/30 36/119/30 35/118/30 40/117/30
o cube
v 0.43917462078236447 0.19212292797428954 -0.1987618729316909
v 0.43917462078236447 0.19212292797428954 -0.1987618729316909
v 0.4080533602731433 0.11694647809822123 0.03762756957441615
v 0.4080533602731433 0.11694647809822123 0.03762756957441615
v 0.19131340543891182 0.19212292797428954 -0.2313934209867039
v 0.19131340543891182 0.19212292797428954 -0.2313934209867039
v 0.16019214492969067 0.11694647809822123 0.004996021519403371
v 0.16019214492969067 0.11694647809822123 0.004996021519403371
vt 0 1
vt 1 1
vt 1 0
vt 0 0
vt 0 1
vt 0 1
vt 0 0.75
vt 0 0.75
vt 0.03125 1
vt 0.3125 1
vt 0.3125 0.8125
vt 0.03125 0.8125
vt 0 1
vt 0 1
vt 0 0.75
vt 0 0.75
vt 0 1
vt 0.25 1
vt 0.25 1
vt 0 1
vt 0 1
vt 0.25 1
vt 0.25 1
vt 0 1
vn 0.03924998298777901 -0.953716950748227 -0.2981332197038147
vn 0.9914448613738105 0 0.1305261922200516
vn -0.03924998298777901 0.953716950748227 0.2981332197038147
vn -0.9914448613738105 0 -0.1305261922200516
vn 0.12448504203688456 0.30070579950427295 -0.9455577700244292
vn -0.12448504203688456 -0.30070579950427295 0.9455577700244292
g Leaf_Asymmetrical
f 44/124/31 47/123/31 45/122/31 42/121/31
f 43/128/32 44/127/32 42/126/32 41/125/32
f 48/132/33 43/131/33 41/130/33 46/129/33
f 47/136/34 48/135/34 46/134/34 45/133/34
f 46/140/35 41/139/35 42/138/35 45/137/35
f 47/144/36 44/143/36 43/142/36 48/141/36
o cube
v 0.225181186321087 0.21371735385003787 -0.24922920767572365
v 0.225181186321087 0.21371735385003787 -0.24922920767572365
v 0.19304538480371988 0.17030530943330535 -0.0051335611344629495
v 0.19304538480371988 0.17030530943330535 -0.0051335611344629495
v -0.02268002902236559 0.21371735385003787 -0.28186075573073643
v -0.02268002902236559 0.21371735385003787 -0.28186075573073643
v -0.0548158305397327 0.17030530943330535 -0.037765109189475954
v -0.0548158305397327 0.17030530943330535 -0.037765109189475954
vt 0 1
vt 1 1
vt 1 0
vt 0 0
vt 0 1
vt 0 1
vt 0 0.75
vt 0 0.75
vt 0.03125 1
vt 0.3125 1
vt 0.3125 0.8125
vt 0.03125 0.8125
vt 0 1
vt 0 1
vt 0 0.75
vt 0 0.75
vt 0 1
vt 0.25 1
vt 0.25 1
vt 0 1
vt 0 1
vt 0.25 1
vt 0.25 1
vt 0 1
vn 0.02266563541681541 -0.9848077530122082 -0.17216259343480447
vn 0.9914448613738104 0 0.1305261922200516
vn -0.02266563541681541 0.9848077530122082 0.17216259343480447
vn -0.9914448613738104 0 -0.1305261922200516
vn 0.12854320606946856 0.1736481776669303 -0.9763825861650425
vn -0.12854320606946856 -0.1736481776669303 0.9763825861650425
g Leaf_Jagged
f 52/148/37 55/147/37 53/146/37 50/145/37
f 51/152/38 52/151/38 50/150/38 49/149/38
f 56/156/39 51/155/39 49/154/39 54/153/39
f 55/160/40 56/159/40 54/158/40 53/157/40
f 54/164/41 49/163/41 50/162/41 53/161/41
f 55/168/42 52/167/42 51/166/42 56/165/42
o cube
v 0.46006500099915804 0.16915592035615756 0.001683259473661991
v 0.46006500099915804 0.16915592035615756 0.001683259473661991
v 0.4289437404899369 0.09397947048008926 0.23807270197976915
v 0.4289437404899369 0.09397947048008926 0.23807270197976915
v 0.2122037856557055 0.16915592035615756 -0.030948288581350902
v 0.2122037856557055 0.16915592035615756 -0.030948288581350902
v 0.18108252514648435 0.09397947048008926 0.20544115392475626
v 0.18108252514648435 0.09397947048008926 0.20544115392475626
vt 0 1
vt 1 1
vt 1 0
vt 0 0
vt 0 1
vt 0 1
vt 0 0.75
vt 0 0.75
vt 0.03125 1
vt 0.3125 1
vt 0.3125 0.8125
vt 0.03125 0.8125
vt 0 1
vt 0 1
vt 0 0.75
vt 0 0.75
vt 0 1
vt 0.25 1
vt 0.25 1
vt 0 1
vt 0 1
vt 0.25 1
vt 0.25 1
vt 0 1
vn 0.03924998298777901 -0.953716950748227 -0.2981332197038147
vn 0.9914448613738105 0 0.1305261922200516
vn -0.03924998298777901 0.953716950748227 0.2981332197038147
vn -0.9914448613738105 0 -0.1305261922200516
vn 0.12448504203688456 0.30070579950427295 -0.9455577700244292
vn -0.12448504203688456 -0.30070579950427295 0.9455577700244292
g Leaf
f 60/172/43 63/171/43 61/170/43 58/169/43
f 59/176/44 60/175/44 58/174/44 57/173/44
f 64/180/45 59/179/45 57/178/45 62/177/45
f 63/184/46 64/183/46 62/182/46 61/181/46
f 62/188/47 57/187/47 58/186/47 61/185/47
f 63/192/48 60/191/48 59/190/48 64/189/48
o cube
v 0.3067119964762241 0.13066908281459855 -0.5024062707423447
v 0.3067119964762241 0.13066908281459855 -0.5024062707423447
v 0.2960852631600938 0.16317644365059458 -0.2547566310686591
v 0.2960852631600938 0.16317644365059458 -0.2547566310686591
v 0.056974271961666156 0.13351312274908878 -0.5134959231779168
v 0.056974271961666156 0.13351312274908878 -0.5134959231779168
v 0.04634753864553589 0.1660204835850848 -0.26584628350423134
v 0.04634753864553589 0.1660204835850848 -0.26584628350423134
vt 0 1
vt 1 1
vt 1 0
vt 0 0
vt 0 1
vt 0 1
vt 0 0.75
vt 0 0.75
vt 0.03125 1
vt 0.3125 1
vt 0.3125 0.8125
vt 0.03125 0.8125
vt 0 1
vt 0 1
vt 0 0.75
vt 0 0.75
vt 0 1
vt 0.25 1
vt 0.25 1
vt 0 1
vt 0 1
vt 0.25 1
vt 0.25 1
vt 0 1
vn -0.017037132772208162 -0.9914448682873246 0.12940946353969693
vn 0.9989508980582319 -0.011376159737960934 0.044358609742288994
vn 0.017037132772208162 0.9914448682873246 -0.12940946353969693
vn -0.9989508980582319 0.011376159737960934 -0.044358609742288994
vn 0.04250693326452109 -0.13002944334398414 -0.9905985586947416
vn -0.04250693326452109 0.13002944334398414 0.9905985586947416
g Leaf_Asymmetrical
f 68/196/49 71/195/49 69/194/49 66/193/49
f 67/200/50 68/199/50 66/198/50 65/197/50
f 72/204/51 67/203/51 65/202/51 70/201/51
f 71/208/52 72/207/52 70/206/52 69/205/52
f 70/212/53 65/211/53 66/210/53 69/209/53
f 71/216/54 68/215/54 67/214/54 72/213/54
o cube
v -0.10002674901540717 0.20674697880208792 0.04314398911063633
v -0.10002674901540717 0.20674697880208792 0.04314398911063633
v 0.022781035248953058 0.18388277155907917 0.25969762253946405
v 0.022781035248953058 0.18388277155907917 0.25969762253946405
v -0.25619669388342103 0.024238849963369113 0.1124385143468416
v -0.25619669388342103 0.024238849963369113 0.1124385143468416
v -0.13338890961906083 0.001374642720360364 0.3289921477756693
v -0.13338890961906083 0.001374642720360364 0.3289921477756693
vt 0 1
vt 1 1
vt 1 0
vt 0 0
vt 0 1
vt 0 1
vt 0 0.75
vt 0 0.75
vt 0.03125 1
vt 0.3125 1
vt 0.3125 0.8125
vt 0.03125 0.8125
vt 0 1
vt 0 1
vt 0 0.75
vt 0 0.75
vt 0 1
vt 0.25 1
vt 0.25 1
vt 0 1
vt 0 1
vt 0.25 1
vt 0.25 1
vt 0 1
vn 0.607014944712235 -0.6772652175913166 -0.4157459343601437
vn 0.6246797794720553 0.7300325153548758 -0.2771781009448214
vn -0.607014944712235 0.6772652175913166 0.4157459343601437
vn -0.6246797794720553 -0.7300325153548758 0.2771781009448214
vn -0.4912311370574409 0.09145682897203511 -0.866214533715311
vn 0.4912311370574409 -0.09145682897203511 0.866214533715311
g Leaf
f 76/220/55 79/219/55 77/218/55 74/217/55
f 75/224/56 76/223/56 74/222/56 73/221/56
f 80/228/57 75/227/57 73/226/57 78/225/57
f 79/232/58 80/231/58 78/230/58 77/229/58
f 78/236/59 73/235/59 74/234/59 77/233/59
f 79/240/60 76/239/60 75/238/60 80/237/60
o cube
v 0.48823326642886394 0.12735092562158623 -0.49979801565676685
v 0.48823326642886394 0.12735092562158623 -0.49979801565676685
v 0.44510012108945873 0.15995140352588655 -0.2557145450702869
v 0.44510012108945873 0.15995140352588655 -0.2557145450702869
v 0.2420191517727438 0.12592757367309904 -0.5431175702866754
v 0.2420191517727438 0.12592757367309904 -0.5431175702866754
v 0.1988860064333386 0.15852805157739935 -0.29903409970019545
v 0.1988860064333386 0.15852805157739935 -0.29903409970019545
vt 0 1
vt 1 1
vt 1 0
vt 0 0
vt 0 1
vt 0 1
vt 0 0.75
vt 0 0.75
vt 0.03125 1
vt 0.3125 1
vt 0.3125 0.8125
vt 0.03125 0.8125
vt 0 1
vt 0 1
vt 0 0.75
vt 0 0.75
vt 0 1
vt 0.25 1
vt 0.25 1
vt 0 1
vt 0 1
vt 0.25 1
vt 0.25 1
vt 0 1
vn -0.017037144001339107 -0.9914448681365351 0.12940946321659108
vn 0.9848564586244808 0.005693407793948671 0.17327821851963449
vn 0.017037144001339107 0.9914448681365351 -0.12940946321659108
vn -0.9848564586244808 -0.005693407793948671 -0.17327821851963449
vn 0.17253258135762076 -0.13040191161720138 -0.9763338823459194
vn -0.17253258135762076 0.13040191161720138 0.9763338823459194
g Leaf_Jagged
f 84/244/61 87/243/61 85/242/61 82/241/61
f 83/248/62 84/247/62 82/246/62 81/245/62
f 88/252/63 83/251/63 81/250/63 86/249/63
f 87/256/64 88/255/64 86/254/64 85/253/64
f 86/260/65 81/259/65 82/258/65 85/257/65
f 87/264/66 84/263/66 83/262/66 88/261/66
o cube
v 0.20957397200686223 0.09394283683763449 -0.011996987348937532
v 0.20957397200686223 0.09394283683763449 -0.011996987348937532
v 0.2402375969189786 0.008437801006217237 -0.24491034238620685
v 0.2402375969189786 0.008437801006217237 -0.24491034238620685
v 0.023678060499272804 0.09394283683763449 -0.036470648390197216
v 0.023678060499272804 0.09394283683763449 -0.036470648390197216
v 0.05434168541138917 0.008437801006217237 -0.2693840034274665
v 0.05434168541138917 0.008437801006217237 -0.2693840034274665
vt 0 1
vt 0.03125 1
vt 0.03125 0.21875
vt 0 0.21875
vt 0 1
vt 0 1
vt 0 0.125
vt 0 0.125
vt 0.3125 0.3125
vt 0.59375 0.3125
vt 0.59375 0
vt 0.3125 0
vt 0 1
vt 0 1
vt 0 0.125
vt 0 0.125
vt 0 1
vt 0.4375 1
vt 0.4375 1
vt 0 1
vt 0 1
vt 0.4375 1
vt 0.4375 1
vt 0 1
vn 0.044642586970855866 0.9396926207859082 -0.3390941135865687
vn 0.9914448613738105 0 0.1305261922200516
vn -0.044642586970855866 -0.9396926207859082 0.3390941135865687
vn -0.9914448613738105 0 -0.1305261922200516
vn -0.1226544996484655 0.3420201433256691 0.9316534201490775
vn 0.1226544996484655 -0.3420201433256691 -0.9316534201490775
g Stem
f 92/268/67 95/267/67 93/266/67 90/265/67
f 91/272/68 92/271/68 90/270/68 89/269/68
f 96/276/69 91/275/69 89/274/69 94/273/69
f 95/280/70 96/279/70 94/278/70 93/277/70
f 94/284/71 89/283/71 90/282/71 93/281/71
f 95/288/72 92/287/72 91/286/72 96/285/72
o cube
v 0.17771598242613557 0.03983308396995147 0.22998846803202222
v 0.17771598242613557 0.03983308396995147 0.22998846803202222
v 0.20957403249838688 0.09394298745447707 -0.01199744682768454
v 0.20957403249838688 0.09394298745447707 -0.01199744682768454
v -0.008179929081453902 0.03983308396995147 0.20551480699076258
v -0.008179929081453902 0.03983308396995147 0.20551480699076258
v 0.023678120990797427 0.09394298745447707 -0.036471107868944225
v 0.023678120990797427 0.09394298745447707 -0.036471107868944225
vt 0 1
vt 0.03125 1
vt 0.03125 0.21875
vt 0 0.21875
vt 0 1
vt 0 1
vt 0 0.125
vt 0 0.125
vt 0.3125 0.625
vt 0.59375 0.625
vt 0.59375 0.3125
vt 0.3125 0.3125
vt 0 1
vt 0 1
vt 0 0.125
vt 0 0.125
vt 0 1
vt 0.4375 1
vt 0.4375 1
vt 0 1
vt 0 1
vt 0.4375 1
vt 0.4375 1
vt 0 1
vn -0.028251038652918503 0.9762960071199335 0.21458794303666295
vn 0.9914448613738104 0 0.13052619222005155
vn 0.028251038652918503 -0.9762960071199335 -0.21458794303666295
vn -0.9914448613738104 0 -0.13052619222005155
vn -0.1274322002890053 -0.2164396139381025 0.9679436594388271
vn 0.1274322002890053 0.2164396139381025 -0.9679436594388271
g Stem
f 100/292/73 103/291/73 101/290/73 98/289/73
f 99/296/74 100/295/74 98/294/74 97/293/74
f 104/300/75 99/299/75 97/298/75 102/297/75
f 103/304/76 104/303/76 102/302/76 101/301/76
f 102/308/77 97/307/77 98/306/77 101/305/77
f 103/312/78 100/311/78 99/310/78 104/309/78
o cube
v 0.16178691247779567 0.06688823811007569 0.3509817666040116
v 0.16178691247779567 0.06688823811007569 0.3509817666040116
v 0.17771593751392134 0.039833286367812776 0.2299888091741582
v 0.17771593751392134 0.039833286367812776 0.2299888091741582
v -0.02410899902979377 0.06688823811007569 0.3265081055627519
v -0.02410899902979377 0.06688823811007569 0.3265081055627519
v -0.008179973993668127 0.039833286367812776 0.2055151481328985
v -0.008179973993668127 0.039833286367812776 0.2055151481328985
vt 0 1
vt 0.03125 1
vt 0.03125 0.21875
vt 0 0.21875
vt 0 1
vt 0 1
vt 0 0.125
vt 0 0.125
vt 0.3125 0.78125
vt 0.59375 0.78125
vt 0.59375 0.625
vt 0.3125 0.625
vt 0 1
vt 0 1
vt 0 0.125
vt 0 0.125
vt 0 1
vt 0.4375 1
vt 0.4375 1
vt 0 1
vt 0 1
vt 0.4375 1
vt 0.4375 1
vt 0 1
vn 0.02825103865291862 0.9762960071199333 -0.21458794303666384
vn 0.9914448613738105 0 0.13052619222005157
vn -0.02825103865291862 -0.9762960071199333 0.21458794303666384
vn -0.9914448613738105 0 -0.13052619222005157
vn -0.12743220028900526 0.2164396139381033 0.9679436594388269
vn 0.12743220028900526 -0.2164396139381033 -0.9679436594388269
g Stem
f 108/316/79 111/315/79 109/314/79 106/313/79
f 107/320/80 108/319/80 106/318/80 105/317/80
f 112/324/81 107/323/81 105/322/81 110/321/81
f 111/328/82 112/327/82 110/326/82 109/325/82
f 110/332/83 105/331/83 106/330/83 109/329/83
f 111/336/84 108/335/84 107/334/84 112/333/84
o cube
v 0.1458578806768088 0.03983282314502498 0.4719747754180874
v 0.1458578806768088 0.03983282314502498 0.4719747754180874
v 0.16178690571293444 0.06688777488728775 0.350981817988234
v 0.16178690571293444 0.06688777488728775 0.350981817988234
v -0.04003803083078067 0.03983282314502498 0.4475011143768277
v -0.04003803083078067 0.03983282314502498 0.4475011143768277
v -0.024109005794654997 0.06688777488728775 0.3265081569469743
v -0.024109005794654997 0.06688777488728775 0.3265081569469743
vt 0 1
vt 0.03125 1
vt 0.03125 0.21875
vt 0 0.21875
vt 0 1
vt 0 1
vt 0 0.125
vt 0 0.125
vt 0.3125 0.9375
vt 0.59375 0.9375
vt 0.59375 0.78125
vt 0.3125 0.78125
vt 0 1
vt 0 1
vt 0 0.125
vt 0 0.125
vt 0 1
vt 0.4375 1
vt 0.4375 1
vt 0 1
vt 0 1
vt 0.4375 1
vt 0.4375 1
vt 0 1
vn -0.028251038652918503 0.9762960071199335 0.21458794303666295
vn 0.9914448613738104 0 0.13052619222005155
vn 0.028251038652918503 -0.9762960071199335 -0.21458794303666295
vn -0.9914448613738104 0 -0.13052619222005155
vn -0.1274322002890053 -0.2164396139381025 0.9679436594388271
vn 0.1274322002890053 0.2164396139381025 -0.9679436594388271
g Stem
f 116/340/85 119/339/85 117/338/85 114/337/85
f 115/344/86 116/343/86 114/342/86 113/341/86
f 120/348/87 115/347/87 113/346/87 118/345/87
f 119/352/88 120/351/88 118/350/88 117/349/88
f 118/356/89 113/355/89 114/354/89 117/353/89
f 119/360/90 116/359/90 115/358/90 120/357/90
o cube
v 0.13773105990951934 0.04527994459834631 0.5337041076846065
v 0.13773105990951934 0.04527994459834631 0.5337041076846065
v 0.1458579037002518 0.03983271067661765 0.4719746005376755
v 0.1458579037002518 0.03983271067661765 0.4719746005376755
v -0.0481648515980701 0.04527994459834631 0.5092304466433468
v -0.0481648515980701 0.04527994459834631 0.5092304466433468
v -0.040038007807337656 0.03983271067661765 0.4475009394964158
v -0.040038007807337656 0.03983271067661765 0.4475009394964158
vt 0 1
vt 0.03125 1
vt 0.03125 0.21875
vt 0 0.21875
vt 0 1
vt 0 1
vt 0 0.125
vt 0 0.125
vt 0.3125 1
vt 0.59375 1
vt 0.59375 0.9375
vt 0.3125 0.9375
vt 0 1
vt 0 1
vt 0 0.125
vt 0 0.125
vt 0 1
vt 0.4375 1
vt 0.4375 1
vt 0 1
vt 0 1
vt 0.4375 1
vt 0.4375 1
vt 0 1
vn 0.011376107230962256 0.9961946980917457 -0.08641011328638389
vn 0.9914448613738105 0 0.1305261922200516
vn -0.011376107230962256 -0.9961946980917457 0.08641011328638389
vn -0.9914448613738105 0 -0.1305261922200516
vn -0.13002950065171945 0.08715574274765861 0.9876721143508956
vn 0.13002950065171945 -0.08715574274765861 -0.9876721143508956
g Stem
f 124/364/91 127/363/91 125/362/91 122/361/91
f 123/368/92 124/367/92 122/366/92 121/365/92
f 128/372/93 123/371/93 121/370/93 126/369/93
f 127/376/94 128/375/94 126/374/94 125/373/94
f 126/380/95 121/379/95 122/378/95 125/377/95
f 127/384/96 124/383/96 123/382/96 128/381/96
o cube
v 0.37402999838501727 0.07948812989324672 0.4422442458236606
v 0.37402999838501727 0.07948812989324672 0.4422442458236606
v 0.40131475242276066 0.11989169186659498 0.32714387928660027
v 0.40131475242276066 0.11989169186659498 0.32714387928660027
v 0.2048239980112148 0.1593619853438642 0.430171687977263
v 0.2048239980112148 0.1593619853438642 0.430171687977263
v 0.23210875204895814 0.19976554731721247 0.31507132144020267
v 0.23210875204895814 0.19976554731721247 0.31507132144020267
vt 0 1
vt 0.03125 1
vt 0.03125 0.21875
vt 0 0.21875
vt 0 1
vt 0 1
vt 0 0.125
vt 0 0.125
vt 0.59375 0.9375
vt 0.3125 0.9375
vt 0.3125 0.78125
vt 0.59375 0.78125
vt 0 1
vt 0 1
vt 0 0.125
vt 0 0.125
vt 0 1
vt 0.4375 1
vt 0.4375 1
vt 0 1
vt 0 1
vt 0.4375 1
vt 0.4375 1
vt 0 1
vn 0.37144472319874117 0.8450162958822415 0.38467684788828527
vn 0.9024320019936134 -0.42599389573662666 0.06438697518078726
vn -0.37144472319874117 -0.8450162958822415 -0.38467684788828527
vn -0.9024320019936134 0.42599389573662666 -0.06438697518078726
vn -0.21827803230194695 -0.3232284957867862 0.9208029322964832
vn 0.21827803230194695 0.3232284957867862 -0.9208029322964832
g Stem
f 132/388/97 135/387/97 133/386/97 130/385/97
f 131/392/98 132/391/98 130/390/98 129/389/98
f 136/396/99 131/395/99 129/394/99 134/393/99
f 135/400/100 136/399/100 134/398/100 133/397/100
f 134/404/101 129/403/101 130/402/101 133/401/101
f 135/408/102 132/407/102 131/406/102 136/405/102
o cube
v 0.41236242719146227 0.0915134844347878 -0.01545209349911332
v 0.41236242719146227 0.0915134844347878 -0.01545209349911332
v 0.37630323931600906 -0.018374706969264472 -0.23709216289025276
v 0.37630323931600906 -0.018374706969264472 -0.23709216289025276
v 0.2431564268176598 0.17138733988540528 -0.027524651345510923
v 0.2431564268176598 0.17138733988540528 -0.027524651345510923
v 0.2070972389422066 0.06149914848135301 -0.24916472073665036
v 0.2070972389422066 0.06149914848135301 -0.24916472073665036
vt 0 1
vt 0.03125 1
vt 0.03125 0.21875
vt 0 0.21875
vt 0 1
vt 0 1
vt 0 0.125
vt 0 0.125
vt 0.59375 0.3125
vt 0.3125 0.3125
vt 0.3125 0
vt 0.59375 0
vt 0 1
vt 0 1
vt 0 0.125
vt 0 0.125
vt 0 1
vt 0.4375 1
vt 0.4375 1
vt 0 1
vt 0 1
vt 0.4375 1
vt 0.4375 1
vt 0 1
vn 0.4059707394554483 0.790773398031493 -0.4581104579375181
vn 0.9024320019936133 -0.42599389573662677 0.06438697518078722
vn -0.4059707394554483 -0.790773398031493 0.4581104579375181
vn -0.9024320019936133 0.42599389573662677 -0.06438697518078722
vn 0.14423675150181284 0.4395527656162092 0.886560277564558
vn -0.14423675150181284 -0.4395527656162092 -0.886560277564558
g Stem
f 140/412/103 143/411/103 141/410/103 138/409/103
f 139/416/104 140/415/104 138/414/104 137/413/104
f 144/420/105 139/419/105 137/418/105 142/417/105
f 143/424/106 144/423/106 142/422/106 141/421/106
f 142/428/107 137/427/107 138/426/107 141/425/107
f 143/432/108 140/431/108 139/430/108 144/429/108
o cube
v 0.37474715370081546 0.04861801095199289 0.22795143119348862
v 0.37474715370081546 0.04861801095199289 0.22795143119348862
v 0.4123624535097524 0.09151360814361535 -0.015451643893614225
v 0.4123624535097524 0.09151360814361535 -0.015451643893614225
v 0.205541153327013 0.12849186640261034 0.21587887334709102
v 0.205541153327013 0.12849186640261034 0.21587887334709102
v 0.24315645313594994 0.17138746359423282 -0.02752420174001184
v 0.24315645313594994 0.17138746359423282 -0.02752420174001184
vt 0 1
vt 0 1
vt 0 0.125
vt 0 0.125
vt 0.59375 0.625
vt 0.3125 0.625
vt 0.3125 0.3125
vt 0.59375 0.3125
vt 0 1
vt 0 1
vt 0 0.125
vt 0 0.125
vt 0 1
vt 0.4375 1
vt 0.4375 1
vt 0 1
vt 0 1
vt 0.4375 1
vt 0.4375 1
vt 0 1
vn 0.9024320019936133 -0.42599389573662677 0.06438697518078725
vn -0.4037052257555503 -0.8883066388698878 -0.21893699102103095
vn -0.9024320019936133 0.42599389573662677 -0.06438697518078725
vn -0.15046119923574786 -0.17158238876649 0.9736123003484117
vn 0.15046119923574786 0.17158238876649 -0.9736123003484117
g Stem
f 147/436/109 148/435/109 146/434/109 145/433/109
f 152/440/110 147/439/110 145/438/110 150/437/110
f 151/444/111 152/443/111 150/442/111 149/441/111
f 150/448/112 145/447/112 146/446/112 149/445/112
f 151/452/113 148/451/113 147/450/113 152/449/113
o cube
v 0.401314737085563 0.11989168058775312 0.3271440196264777
v 0.401314737085563 0.11989168058775312 0.3271440196264777
v 0.37474704330546105 0.048617764218696125 0.22795134604307535
v 0.37474704330546105 0.048617764218696125 0.22795134604307535
v 0.23210873671176047 0.19976553603837055 0.3150714617800801
v 0.23210873671176047 0.19976553603837055 0.3150714617800801
v 0.20554104293165856 0.12849161966931355 0.21587878819667775
v 0.20554104293165856 0.12849161966931355 0.21587878819667775
vt 0 1
vt 0.03125 1
vt 0.03125 0.21875
vt 0 0.21875
vt 0 1
vt 0 1
vt 0 0.125
vt 0 0.125
vt 0.59375 0.78125
vt 0.3125 0.78125
vt 0.3125 0.625
vt 0.59375 0.625
vt 0 1
vt 0 1
vt 0 0.125
vt 0 0.125
vt 0 1
vt 0.4375 1
vt 0.4375 1
vt 0 1
vt 0 1
vt 0.4375 1
vt 0.4375 1
vt 0 1
vn 0.3747566826609369 0.7024322365195089 -0.6051003073038143
vn 0.9024320019936133 -0.42599389573662666 0.0643869751807872
vn -0.3747566826609369 -0.7024322365195089 0.6051003073038143
vn -0.9024320019936133 0.42599389573662666 -0.0643869751807872
vn 0.21254155024081528 0.5701913309524557 0.7935413886672189
vn -0.21254155024081528 -0.5701913309524557 -0.7935413886672189
g Stem
f 156/456/114 159/455/114 157/454/114 154/453/114
f 155/460/115 156/459/115 154/458/115 153/457/115
f 160/464/116 155/463/116 153/462/116 158/461/116
f 159/468/117 160/467/117 158/466/117 157/465/117
f 158/472/118 153/471/118 154/470/118 157/469/118
f 159/476/119 156/475/119 155/474/119 160/473/119
o cube
v 0.35185474434247316 0.038859439827723774 0.4842416363370273
v 0.35185474434247316 0.038859439827723774 0.4842416363370273
v 0.3740301445715543 0.07948842862972527 0.44224417339452454
v 0.3740301445715543 0.07948842862972527 0.44224417339452454
v 0.18264874396867065 0.1187332952783412 0.4721690784906297
v 0.18264874396867065 0.1187332952783412 0.4721690784906297
v 0.20482414419775186 0.1593622840803428 0.43017161554812694
v 0.20482414419775186 0.1593622840803428 0.43017161554812694
vt 0 1
vt 0.03125 1
vt 0.03125 0.21875
vt 0 0.21875
vt 0 1
vt 0 1
vt 0 0.125
vt 0 0.125
vt 0.59375 1
vt 0.3125 1
vt 0.3125 0.9375
vt 0.59375 0.9375
vt 0 1
vt 0 1
vt 0 0.125
vt 0 0.125
vt 0 1
vt 0.4375 1
vt 0.4375 1
vt 0 1
vt 0 1
vt 0.4375 1
vt 0.4375 1
vt 0 1
vn 0.24439496250106296 0.6292425840964686 0.7377837573867445
vn 0.9024320019936132 -0.42599389573662666 0.06438697518078719
vn -0.24439496250106296 -0.6292425840964686 -0.7377837573867445
vn -0.9024320019936132 0.42599389573662666 -0.06438697518078719
vn -0.35480640366529925 -0.6500638208320246 0.6719594070800452
vn 0.35480640366529925 0.6500638208320246 -0.6719594070800452
g Stem
f 164/480/120 167/479/120 165/478/120 162/477/120
f 163/484/121 164/483/121 162/482/121 161/481/121
f 168/488/122 163/487/122 161/486/122 166/485/122
f 167/492/123 168/491/123 166/490/123 165/489/123
f 166/496/124 161/495/124 162/494/124 165/493/124
f 167/500/125 164/499/125 163/498/125 168/497/125
o cube
v 0.019347775832229783 0.18373860236442127 0.1654432478837668
v 0.019347775832229783 0.18373860236442127 0.1654432478837668
v 0.08854817824095897 0.031759995393066454 -0.02060461512335393
v 0.08854817824095897 0.031759995393066454 -0.02060461512335393
v -0.15684962780560555 0.18196840665225847 0.10135275437321277
v -0.15684962780560555 0.18196840665225847 0.10135275437321277
v -0.08764922539687633 0.02998979968090365 -0.08469510863390795
v -0.08764922539687633 0.02998979968090365 -0.08469510863390795
vt 0 1
vt 0.03125 1
vt 0.03125 0.21875
vt 0 0.21875
vt 0 1
vt 0 1
vt 0 0.125
vt 0 0.125
vt 0.3125 0.625
vt 0.59375 0.625
vt 0.59375 0.3125
vt 0.3125 0.3125
vt 0 1
vt 0 1
vt 0 0.125
vt 0 0.125
vt 0 1
vt 0.4375 1
vt 0.4375 1
vt 0 1
vt 0 1
vt 0.4375 1
vt 0.4375 1
vt 0 1
vn 0.20076891294908597 0.7939464182555039 -0.5738823298660614
vn 0.9397194860684552 0.009441043798201687 0.3418159653896216
vn -0.20076891294908597 -0.7939464182555039 0.5738823298660614
vn -0.9397194860684552 -0.009441043798201687 -0.3418159653896216
vn -0.27680160963491685 0.6079144278854196 0.7441914520284832
vn 0.27680160963491685 -0.6079144278854196 -0.7441914520284832
g Stem
f 172/504/126 175/503/126 173/502/126 170/501/126
f 171/508/127 172/507/127 170/506/127 169/505/127
f 176/512/128 171/511/128 169/510/128 174/509/128
f 175/516/129 176/515/129 174/514/129 173/513/129
f 174/520/130 169/519/130 170/518/130 173/517/130
f 175/524/131 172/523/131 171/522/131 176/521/131
o cube
v -0.03740333593867043 0.04103004759310913 0.32540489052036314
v -0.03740333593867043 0.04103004759310913 0.32540489052036314
v 0.004061983452616991 0.06820984507366104 0.21065783872078675
v 0.004061983452616991 0.06820984507366104 0.21065783872078675
v -0.21360073957650574 0.0392598518809463 0.26131439700980913
v -0.21360073957650574 0.0392598518809463 0.26131439700980913
v -0.1721354201852183 0.06643964936149824 0.14656734521023274
v -0.1721354201852183 0.06643964936149824 0.14656734521023274
vt 0 1
vt 0.03125 1
vt 0.03125 0.21875
vt 0 0.21875
vt 0 1
vt 0 1
vt 0 0.125
vt 0 0.125
vt 0.3125 0.9375
vt 0.59375 0.9375
vt 0.59375 0.78125
vt 0.3125 0.78125
vt 0 1
vt 0 1
vt 0 0.125
vt 0 0.125
vt 0 1
vt 0.4375 1
vt 0.4375 1
vt 0 1
vt 0 1
vt 0.4375 1
vt 0.4375 1
vt 0 1
vn -0.0829905652533087 0.9760283897831231 0.20119927538711535
vn 0.9397194860684551 0.009441043798201683 0.34181596538962156
vn 0.0829905652533087 -0.9760283897831231 -0.20119927538711535
vn -0.9397194860684551 -0.009441043798201683 -0.34181596538962156
vn -0.33172255513029986 -0.21743837984441572 0.9179764143966123
vn 0.33172255513029986 0.21743837984441572 -0.9179764143966123
g Stem
f 180/528/132 183/527/132 181/526/132 178/525/132
f 179/532/133 180/531/133 178/530/133 177/529/133
f 184/536/134 179/535/134 177/534/134 182/533/134
f 183/540/135 184/539/135 182/538/135 181/537/135
f 182/544/136 177/543/136 178/542/136 181/541/136
f 183/548/137 180/547/137 179/546/137 184/545/137
o cube
v 0.0885481904279862 0.03176022964325739 -0.020604655097944555
v 0.0885481904279862 0.03176022964325739 -0.020604655097944555
v 0.1696388813247794 -0.05349827086015757 -0.24118409190425694
v 0.1696388813247794 -0.05349827086015757 -0.24118409190425694
v -0.0876492132098491 0.02999003393109459 -0.08469514860849857
v -0.0876492132098491 0.02999003393109459 -0.08469514860849857
v -0.006558522313055926 -0.05526846657232039 -0.30527458541481095
v -0.006558522313055926 -0.05526846657232039 -0.30527458541481095
vt 0 1
vt 0.03125 1
vt 0.03125 0.21875
vt 0 0.21875
vt 0 1
vt 0 1
vt 0 0.125
vt 0 0.125
vt 0.3125 0.3125
vt 0.59375 0.3125
vt 0.59375 0
vt 0.3125 0
vt 0 1
vt 0 1
vt 0 0.125
vt 0 0.125
vt 0 1
vt 0.4375 1
vt 0.4375 1
vt 0 1
vt 0 1
vt 0.4375 1
vt 0.4375 1
vt 0 1
vn 0.1082408661335011 0.9400035511435835 -0.3235386201616771
vn 0.9397194860684552 0.009441043798201687 0.3418159653896216
vn -0.1082408661335011 -0.9400035511435835 0.3235386201616771
vn -0.9397194860684552 -0.009441043798201687 -0.3418159653896216
vn -0.32436276358717264 0.3410340020136599 0.8823177472252494
vn 0.32436276358717264 -0.3410340020136599 -0.8823177472252494
g Stem
f 188/552/138 191/551/138 189/550/138 186/549/138
f 187/556/139 188/555/139 186/554/139 185/553/139
f 192/560/140 187/559/140 185/558/140 190/557/140
f 191/564/141 192/563/141 190/562/141 189/561/141
f 190/568/142 185/567/142 186/566/142 189/565/142
f 191/572/143 188/571/143 187/570/143 192/569/143
o cube
v 0.004061946421873491 0.06820930325179275 0.21065795549085983
v 0.004061946421873491 0.06820930325179275 0.21065795549085983
v 0.019347740152492743 0.18373845097829822 0.16544335015572226
v 0.019347740152492743 0.18373845097829822 0.16544335015572226
v -0.17213545721596182 0.06643910753963 0.1465674619803058
v -0.17213545721596182 0.06643910753963 0.1465674619803058
v -0.15684966348534254 0.18196825526613536 0.10135285664516824
v -0.15684966348534254 0.18196825526613536 0.10135285664516824
vt 0 1
vt 0.03125 1
vt 0.03125 0.21875
vt 0 0.21875
vt 0 1
vt 0 1
vt 0 0.125
vt 0 0.125
vt 0.3125 0.78125
vt 0.59375 0.78125
vt 0.59375 0.625
vt 0.3125 0.625
vt 0 1
vt 0 1
vt 0 0.125
vt 0 0.125
vt 0 1
vt 0.4375 1
vt 0.4375 1
vt 0 1
vt 0 1
vt 0.4375 1
vt 0.4375 1
vt 0 1
vn -0.31933264184050475 0.3817117922328142 0.8673654198350179
vn 0.9397194860684551 0.009441043798201697 0.3418159653896216
vn 0.31933264184050475 -0.3817117922328142 -0.8673654198350179
vn -0.9397194860684551 -0.009441043798201697 -0.3418159653896216
vn -0.12228634984495405 -0.9242331818120432 0.3617168426811007
vn 0.12228634984495405 0.9242331818120432 -0.3617168426811007
g Stem
f 196/576/144 199/575/144 197/574/144 194/573/144
f 195/580/145 196/579/145 194/578/145 193/577/145
f 200/584/146 195/583/146 193/582/146 198/581/146
f 199/588/147 200/587/147 198/586/147 197/585/147
f 198/592/148 193/591/148 194/590/148 197/589/148
f 199/596/149 196/595/149 195/594/149 200/593/149
o cube
v -0.058736252248666326 0.04641266391525066 0.3839046145222297
v -0.058736252248666326 0.04641266391525066 0.3839046145222297
v -0.03740342924559831 0.04102999337226619 0.325405148537099
v -0.03740342924559831 0.04102999337226619 0.325405148537099
v -0.23493365588650164 0.04464246820308786 0.3198141210116757
v -0.23493365588650164 0.04464246820308786 0.3198141210116757
v -0.2136008328834336 0.03925979766010339 0.26131465502654505
v -0.2136008328834336 0.03925979766010339 0.26131465502654505
vt 0 1
vt 0.03125 1
vt 0.03125 0.21875
vt 0 0.21875
vt 0 1
vt 0 1
vt 0 0.125
vt 0 0.125
vt 0.3125 1
vt 0.59375 1
vt 0.59375 0.9375
vt 0.3125 0.9375
vt 0 1
vt 0 1
vt 0 0.125
vt 0 0.125
vt 0 1
vt 0.4375 1
vt 0.4375 1
vt 0 1
vt 0 1
vt 0.4375 1
vt 0.4375 1
vt 0 1
vn 0.020601387319799797 0.9962398016016909 -0.08415367220224675
vn 0.9397194860684551 0.009441043798201683 0.3418159653896216
vn -0.020601387319799797 -0.9962398016016909 0.08415367220224675
vn -0.9397194860684551 -0.009441043798201683 -0.3418159653896216
vn -0.34132516804908797 0.08612272868775142 0.9359914557620908
vn 0.34132516804908797 -0.08612272868775142 -0.9359914557620908
g Stem
f 204/600/150 207/599/150 205/598/150 202/597/150
f 203/604/151 204/603/151 202/602/151 201/601/151
f 208/608/152 203/607/152 201/606/152 206/605/152
f 207/612/153 208/611/153 206/610/153 205/609/153
f 206/616/154 201/615/154 202/614/154 205/613/154
f 207/620/155 204/619/155 203/618/155 208/617/155
o cube
v -0.25459693587432275 0.1692343224076655 0.2570208675495907
v -0.25459693587432275 0.1692343224076655 0.2570208675495907
v -0.22347567536510163 0.09405787253159728 0.49341031005569785
v -0.22347567536510163 0.09405787253159728 0.49341031005569785
v -0.5024581512177754 0.1692343224076655 0.28965241560460353
v -0.5024581512177754 0.1692343224076655 0.28965241560460353
v -0.4713368907085542 0.09405787253159728 0.5260418581107108
v -0.4713368907085542 0.09405787253159728 0.5260418581107108
vt 0 1
vt 1 1
vt 1 0
vt 0 0
vt 0 1
vt 0 1
vt 0 0.75
vt 0 0.75
vt 0.03125 1
vt 0.3125 1
vt 0.3125 0.8125
vt 0.03125 0.8125
vt 0 1
vt 0 1
vt 0 0.75
vt 0 0.75
vt 0 1
vt 0.25 1
vt 0.25 1
vt 0 1
vt 0 1
vt 0.25 1
vt 0.25 1
vt 0 1
vn -0.03924998298777901 -0.953716950748227 -0.2981332197038147
vn 0.9914448613738105 0 -0.1305261922200516
vn 0.03924998298777901 0.953716950748227 0.2981332197038147
vn -0.9914448613738105 0 0.1305261922200516
vn -0.12448504203688456 0.30070579950427295 -0.9455577700244292
vn 0.12448504203688456 -0.30070579950427295 0.9455577700244292
g Leaf_Asymmetrical
f 212/624/156 215/623/156 213/622/156 210/621/156
f 211/628/157 212/627/157 210/626/157 209/625/157
f 216/632/158 211/631/158 209/630/158 214/629/158
f 215/636/159 216/635/159 214/634/159 213/633/159
f 214/640/160 209/639/160 210/638/160 213/637/160
f 215/644/161 212/643/161 211/642/161 216/641/161
o cube
v -0.28976633997124857 0.18661107215870432 -0.010117278261725926
v -0.28976633997124857 0.18661107215870432 -0.010117278261725926
v -0.25725896480831867 0.16482213647178978 0.23680075032599807
v -0.25725896480831867 0.16482213647178978 0.23680075032599807
v -0.5376275553147012 0.18661107215870432 0.02251426979328708
v -0.5376275553147012 0.18661107215870432 0.02251426979328708
v -0.5051201801517713 0.16482213647178978 0.26943229838101096
v -0.5051201801517713 0.16482213647178978 0.26943229838101096
vt 0 1
vt 1 1
vt 1 0
vt 0 0
vt 0 1
vt 0 1
vt 0 0.75
vt 0 0.75
vt 0.03125 1
vt 0.3125 1
vt 0.3125 0.8125
vt 0.03125 0.8125
vt 0 1
vt 0 1
vt 0 0.75
vt 0 0.75
vt 0 1
vt 0.25 1
vt 0.25 1
vt 0 1
vt 0 1
vt 0.25 1
vt 0.25 1
vt 0 1
vn -0.01137610723096214 -0.9961946980917455 -0.086410113286383
vn 0.9914448613738104 0 -0.1305261922200516
vn 0.01137610723096214 0.9961946980917455 0.086410113286383
vn -0.9914448613738104 0 0.1305261922200516
vn -0.13002950065171945 0.08715574274765775 -0.9876721143508957
vn 0.13002950065171945 -0.08715574274765775 0.9876721143508957
g Leaf_Asymmetrical
f 220/648/162 223/647/162 221/646/162 218/645/162
f 219/652/163 220/651/163 218/650/163 217/649/163
f 224/656/164 219/655/164 217/654/164 222/653/164
f 223/660/165 224/659/165 222/658/165 221/657/165
f 222/664/166 217/663/166 218/662/166 221/661/166
f 223/668/167 220/667/167 219/666/167 224/665/167
o cube
v -0.33272497894893543 0.1877285838070396 -0.3934040704020888
v -0.33272497894893543 0.1877285838070396 -0.3934040704020888
v -0.2801196124086121 0.11283820588167848 -0.16075818777066375
v -0.2801196124086121 0.11283820588167848 -0.16075818777066375
v -0.576930609589229 0.18117653906127484 -0.34029398969017566
v -0.576930609589229 0.18117653906127484 -0.34029398969017566
v -0.5243252430489058 0.10628616113591371 -0.10764810705875061
v -0.5243252430489058 0.10628616113591371 -0.10764810705875061
vt 0 1
vt 1 1
vt 1 0
vt 0 0
vt 0 1
vt 0 1
vt 0 0.75
vt 0 0.75
vt 0.03125 1
vt 0.3125 1
vt 0.3125 0.8125
vt 0.03125 0.8125
vt 0 1
vt 0 1
vt 0 0.75
vt 0 0.75
vt 0 1
vt 0.25 1
vt 0.25 1
vt 0 1
vt 0 1
vt 0.25 1
vt 0.25 1
vt 0 1
vn -0.039250044531881564 -0.9537169559473804 -0.29813319496947677
vn 0.976822522561175 0.026208178983058692 -0.21244032284765293
vn 0.039250044531881564 0.9537169559473804 0.29813319496947677
vn -0.976822522561175 -0.026208178983058692 0.21244032284765293
vn -0.21042146616129345 0.2995615117014445 -0.9305835305257004
vn 0.21042146616129345 -0.2995615117014445 0.9305835305257004
g Leaf_Jagged
