# Made in Blockbench 4.12.3

o cube
v 0.09375 0.26375463748352945 -0.22939576718169044
v 0.09375 0.26375463748352945 -0.22939576718169044
v 0.09375 0.42445153990516427 -0.037884656401945944
v 0.09375 0.42445153990516427 -0.037884656401945944
v -0.15625 0.26375463748352945 -0.22939576718169044
v -0.15625 0.26375463748352945 -0.22939576718169044
v -0.15625 0.42445153990516427 -0.037884656401945944
v -0.15625 0.42445153990516427 -0.037884656401945944
vt 0 1
vt 1 1
vt 1 0
vt 0 0
vt 0 1
vt 0 1
vt 0 0.75
vt 0 0.75
vt 0 1
vt 0.25 1
vt 0.25 0.8125
vt 0 0.8125
vt 0 1
vt 0 1
vt 0 0.75
vt 0 0.75
vt 0 1
vt 0.25 1
vt 0.25 1
vt 0 1
vt 0 1
vt 0.25 1
vt 0.25 1
vt 0 1
vn 0 -0.766044443118978 0.6427876096865393
vn 1 0 0
vn 0 0.766044443118978 -0.6427876096865393
vn -1 0 0
vn 0 -0.6427876096865393 -0.766044443118978
vn 0 0.6427876096865393 0.766044443118978
g Leaf_Jagged
f 4/4/1 7/3/1 5/2/1 2/1/1
f 3/8/2 4/7/2 2/6/2 1/5/2
f 8/12/3 3/11/3 1/10/3 6/9/3
f 7/16/4 8/15/4 6/14/4 5/13/4
f 6/20/5 1/19/5 2/18/5 5/17/5
f 7/24/6 4/23/6 3/22/6 8/21/6
o cube
v 0.140625 0.04747640527743113 -0.2926806490556814
v 0.140625 0.04747640527743113 -0.2926806490556814
v 0.140625 0.2081733076990659 -0.10116953827593692
v 0.140625 0.2081733076990659 -0.10116953827593692
v -0.109375 0.04747640527743113 -0.2926806490556814
v -0.109375 0.04747640527743113 -0.2926806490556814
v -0.109375 0.2081733076990659 -0.10116953827593692
v -0.109375 0.2081733076990659 -0.10116953827593692
vt 0 1
vt 1 1
vt 1 0
vt 0 0
vt 0 1
vt 0 1
vt 0 0.75
vt 0 0.75
vt 0 1
vt 0.25 1
vt 0.25 0.8125
vt 0 0.8125
vt 0 1
vt 0 1
vt 0 0.75
vt 0 0.75
vt 0 1
vt 0.25 1
vt 0.25 1
vt 0 1
vt 0 1
vt 0.25 1
vt 0.25 1
vt 0 1
vn 0 -0.766044443118978 0.6427876096865393
vn 1 0 0
vn 0 0.766044443118978 -0.6427876096865393
vn -1 0 0
vn 0 -0.6427876096865393 -0.766044443118978
vn 0 0.6427876096865393 0.766044443118978
g Leaf_Asymmetrical
f 12/28/7 15/27/7 13/26/7 10/25/7
f 11/32/8 12/31/8 10/30/8 9/29/8
f 16/36/9 11/35/9 9/34/9 14/33/9
f 15/40/10 16/39/10 14/38/10 13/37/10
f 14/44/11 9/43/11 10/42/11 13/41/11
f 15/48/12 12/47/12 11/46/12 16/45/12
o cube
v 0.09353644304598047 -0.31669876484542614 -0.21350083364557368
v 0.09353644304598047 -0.31669876484542614 -0.21350083364557368
v 0.07174750735906593 -0.1126900339824991 -0.07065238243475622
v 0.07174750735906593 -0.1126900339824991 -0.07065238243475622
v -0.15551223147695592 -0.3345472160562435 -0.2259984537287563
v -0.15551223147695592 -0.3345472160562435 -0.2259984537287563
v -0.17730116716387045 -0.13053848519331657 -0.08315000251793883
v -0.17730116716387045 -0.13053848519331657 -0.08315000251793883
vt 0 1
vt 1 1
vt 1 0
vt 0 0
vt 0 1
vt 0 1
vt 0 0.75
vt 0 0.75
vt 0 1
vt 0.25 1
vt 0.25 0.8125
vt 0 0.8125
vt 0 1
vt 0 1
vt 0 0.75
vt 0 0.75
vt 0 1
vt 0.25 1
vt 0.25 1
vt 0 1
vt 0 1
vt 0.25 1
vt 0.25 1
vt 0 1
vn 0 -0.5735764363510462 0.8191520442889917
vn 0.9961946980917455 0.07139380484326968 0.04999048033273035
vn 0 0.5735764363510462 -0.8191520442889917
vn -0.9961946980917455 -0.07139380484326968 -0.04999048033273035
vn 0.0871557427476582 -0.8160349234517082 -0.5713938048432697
vn -0.0871557427476582 0.8160349234517082 0.5713938048432697
g Leaf_Asymmetrical
f 20/52/13 23/51/13 21/50/13 18/49/13
f 19/56/14 20/55/14 18/54/14 17/53/14
f 24/60/15 19/59/15 17/58/15 22/57/15
f 23/64/16 24/63/16 22/62/16 21/61/16
f 22/68/17 17/67/17 18/66/17 21/65/17
f 23/72/18 20/71/18 19/70/18 24/69/18
o cube
v -0.07487615077011978 -0.34015351976034935 -0.27881659544492937
v -0.07487615077011978 -0.34015351976034935 -0.27881659544492937
v -0.04224460271510679 -0.1808314016157314 -0.08894388876636067
v -0.04224460271510679 -0.1808314016157314 -0.08894388876636067
v -0.31897179731138026 -0.35275258010751254 -0.2262944190051382
v -0.31897179731138026 -0.35275258010751254 -0.2262944190051382
v -0.28634024925636725 -0.1934304619628946 -0.036421712326569496
v -0.28634024925636725 -0.1934304619628946 -0.036421712326569496
vt 0 1
vt 1 1
vt 1 0
vt 0 0
vt 0 1
vt 0 1
vt 0 0.75
vt 0 0.75
vt 0 1
vt 0.25 1
vt 0.25 0.8125
vt 0 0.8125
vt 0 1
vt 0 1
vt 0 0.75
vt 0 0.75
vt 0 1
vt 0.25 1
vt 0.25 1
vt 0 1
vt 0 1
vt 0.25 1
vt 0.25 1
vt 0 1
vn 0.17216259343480605 -0.7689756963470922 0.6156593374986743
vn 0.9763825861650421 0.0503962413886526 -0.2100887057591648
vn -0.17216259343480605 0.7689756963470922 -0.6156593374986743
vn -0.9763825861650421 -0.0503962413886526 0.2100887057591648
vn -0.13052619222005193 -0.6372884725784715 -0.7594908267142749
vn 0.13052619222005193 0.6372884725784715 0.7594908267142749
g Leaf_Jagged
f 28/76/19 31/75/19 29/74/19 26/73/19
f 27/80/20 28/79/20 26/78/20 25/77/20
f 32/84/21 27/83/21 25/82/21 30/81/21
f 31/88/22 32/87/22 30/86/22 29/85/22
f 30/92/23 25/91/23 26/90/23 29/89/23
f 31/96/24 28/95/24 27/94/24 32/93/24
o cube
v -0.16653306723486777 0.11300560302259871 -0.3118187314018382
v -0.16653306723486777 0.11300560302259871 -0.3118187314018382
v -0.12312102281813517 0.2712611584124707 -0.12321710471796563
v -0.12312102281813517 0.2712611584124707 -0.12321710471796563
v -0.41273500548791975 0.1409103272848361 -0.2785631760119659
v -0.41273500548791975 0.1409103272848361 -0.2785631760119659
v -0.3693229610711872 0.2991658826747081 -0.08996154932809335
v -0.3693229610711872 0.2991658826747081 -0.08996154932809335
vt 0 1
vt 1 1
vt 1 0
vt 0 0
vt 0 1
vt 0 1
vt 0 0.75
vt 0 0.75
vt 0 1
vt 0.25 1
vt 0.25 0.8125
vt 0 0.8125
vt 0 1
vt 0 1
vt 0 0.75
vt 0 0.75
vt 0 1
vt 0.25 1
vt 0.25 1
vt 0 1
vt 0 1
vt 0.25 1
vt 0.25 1
vt 0 1
vn 0 -0.7660444431189791 0.6427876096865381
vn 0.9848077530122081 -0.11161889704894953 -0.13302222155948915
vn 0 0.7660444431189791 -0.6427876096865381
vn -0.9848077530122081 0.11161889704894953 0.13302222155948915
vn -0.1736481776669304 -0.6330222215594878 -0.75440650673549
vn 0.1736481776669304 0.6330222215594878 0.75440650673549
g Leaf_Jagged
f 36/100/25 39/99/25 37/98/25 34/97/25
f 35/104/26 36/103/26 34/102/26 33/101/26
f 40/108/27 35/107/27 33/106/27 38/105/27
f 39/112/28 40/111/28 38/110/28 37/109/28
f 38/116/29 33/115/29 34/114/29 37/113/29
f 39/120/30 36/119/30 35/118/30 40/117/30
o cube
v 0.4000304830080125 0.20755717709964283 -0.22344473810477714
v 0.4000304830080125 0.20755717709964283 -0.22344473810477714
v 0.3459205795234868 0.3644449212904261 -0.03647320533140913
v 0.3459205795234868 0.3644449212904261 -0.03647320533140913
v 0.1559564812280292 0.17277600157845524 -0.26489532898680235
v 0.1559564812280292 0.17277600157845524 -0.26489532898680235
v 0.10184657774350347 0.3296637457692385 -0.07792379621343432
v 0.10184657774350347 0.3296637457692385 -0.07792379621343432
vt 0 1
vt 1 1
vt 1 0
vt 0 0
vt 0 1
vt 0 1
vt 0 0.75
vt 0 0.75
vt 0 1
vt 0.25 1
vt 0.25 0.8125
vt 0 0.8125
vt 0 1
vt 0 1
vt 0 0.75
vt 0 0.75
vt 0 1
vt 0.25 1
vt 0.25 1
vt 0 1
vt 0 1
vt 0.25 1
vt 0.25 1
vt 0 1
vn 0 -0.766044443118979 0.642787609686538
vn 0.9762960071199334 0.13912470208475036 0.1658023635281008
vn 0 0.766044443118979 -0.642787609686538
vn -0.9762960071199334 -0.13912470208475036 -0.1658023635281008
vn 0.21643961393810288 -0.6275509767631334 -0.7478861310934722
vn -0.21643961393810288 0.6275509767631334 0.7478861310934722
g Leaf_Jagged
f 44/124/31 47/123/31 45/122/31 42/121/31
f 43/128/32 44/127/32 42/126/32 41/125/32
f 48/132/33 43/131/33 41/130/33 46/129/33
f 47/136/34 48/135/34 46/134/34 45/133/34
f 46/140/35 41/139/35 42/138/35 45/137/35
f 47/144/36 44/143/36 43/142/36 48/141/36
o cube
v 0.3818270986480345 -0.2782657986023599 -0.2536501316706317
v 0.3818270986480345 -0.2782657986023599 -0.2536501316706317
v 0.3601210764396682 -0.1167256543622246 -0.06408845200207039
v 0.3601210764396682 -0.1167256543622246 -0.06408845200207039
v 0.13372612952150847 -0.2756436787952292 -0.2842937869061881
v 0.13372612952150847 -0.2756436787952292 -0.2842937869061881
v 0.11202010731314216 -0.11410353455509403 -0.09473210723762679
v 0.11202010731314216 -0.11410353455509403 -0.09473210723762679
vt 0 1
vt 1 1
vt 1 0
vt 0 0
vt 0 1
vt 0 1
vt 0 0.75
vt 0 0.75
vt 0 1
vt 0.25 1
vt 0.25 0.8125
vt 0 0.8125
vt 0 1
vt 0 1
vt 0 0.75
vt 0 0.75
vt 0 1
vt 0.25 1
vt 0.25 1
vt 0 1
vt 0 1
vt 0.25 1
vt 0.25 1
vt 0 1
vn -0.08715574274765832 -0.7631294127377702 0.6403416087687962
vn 0.9924038765061041 -0.010488479228522547 0.12257462094222565
vn 0.08715574274765832 0.7631294127377702 -0.6403416087687962
vn -0.9924038765061041 0.010488479228522547 -0.12257462094222565
vn 0.0868240888334652 -0.6461605769605407 -0.7582467186742451
vn -0.0868240888334652 0.6461605769605407 0.7582467186742451
g Leaf_Jagged
f 52/148/37 55/147/37 53/146/37 50/145/37
f 51/152/38 52/151/38 50/150/38 49/149/38
f 56/156/39 51/155/39 49/154/39 54/153/39
f 55/160/40 56/159/40 54/158/40 53/157/40
f 54/164/41 49/163/41 50/162/41 53/161/41
f 55/168/42 52/167/42 51/166/42 56/165/42
o cube
v 0.28125 -0.17457949099581282 -0.2899265284544138
v 0.28125 -0.17457949099581282 -0.2899265284544138
v 0.28125 -0.013882588574178012 -0.09841541767466924
v 0.28125 -0.013882588574178012 -0.09841541767466924
v 0.03125 -0.17457949099581282 -0.2899265284544138
v 0.03125 -0.17457949099581282 -0.2899265284544138
v 0.03125 -0.013882588574178012 -0.09841541767466924
v 0.03125 -0.013882588574178012 -0.09841541767466924
vt 0 1
vt 1 1
vt 1 0
vt 0 0
vt 0 1
vt 0 1
vt 0 0.75
vt 0 0.75
vt 0 1
vt 0.25 1
vt 0.25 0.8125
vt 0 0.8125
vt 0 1
vt 0 1
vt 0 0.75
vt 0 0.75
vt 0 1
vt 0.25 1
vt 0.25 1
vt 0 1
vt 0 1
vt 0.25 1
vt 0.25 1
vt 0 1
vn 0 -0.766044443118978 0.6427876096865393
vn 1 0 0
vn 0 0.766044443118978 -0.6427876096865393
vn -1 0 0
vn 0 -0.6427876096865393 -0.766044443118978
vn 0 0.6427876096865393 0.766044443118978
g Leaf_Jagged
f 60/172/43 63/171/43 61/170/43 58/169/43
f 59/176/44 60/175/44 58/174/44 57/173/44
f 64/180/45 59/179/45 57/178/45 62/177/45
f 63/184/46 64/183/46 62/182/46 61/181/46
f 62/188/47 57/187/47 58/186/47 61/185/47
f 63/192/48 60/191/48 59/190/48 64/189/48
o cube
v 0.24426228347804024 -0.45550311357493733 -0.24806164254470386
v 0.24426228347804024 -0.45550311357493733 -0.24806164254470386
v 0.308413486551183 -0.27661254890205966 -0.08563384623111908
v 0.308413486551183 -0.27661254890205966 -0.08563384623111908
v 0.0027808269057731927 -0.4139116947392367 -0.19849491972616723
v 0.0027808269057731927 -0.4139116947392367 -0.19849491972616723
v 0.06693202997891598 -0.23502113006635905 -0.03606712341258251
v 0.06693202997891598 -0.23502113006635905 -0.03606712341258251
vt 0 1
vt 1 1
vt 1 0
vt 0 0
vt 0 1
vt 0 1
vt 0 0.75
vt 0 0.75
vt 0 1
vt 0.25 1
vt 0.25 0.8125
vt 0 0.8125
vt 0 1
vt 0 1
vt 0 0.75
vt 0 0.75
vt 0 1
vt 0.25 1
vt 0.25 1
vt 0 1
vt 0 1
vt 0.25 1
vt 0.25 1
vt 0 1
vn 0.03378266443126179 -0.678449051885281 0.7338702988811361
vn 0.9659258262890683 -0.16636567534280233 -0.19826689127414643
vn -0.03378266443126179 0.678449051885281 -0.7338702988811361
vn -0.9659258262890683 0.16636567534280233 0.19826689127414643
vn -0.2566048122925711 -0.7155622586915108 -0.6497111852543388
vn 0.2566048122925711 0.7155622586915108 0.6497111852543388
g Leaf_Jagged
f 68/196/49 71/195/49 69/194/49 66/193/49
f 67/200/50 68/199/50 66/198/50 65/197/50
f 72/204/51 67/203/51 65/202/51 70/201/51
f 71/208/52 72/207/52 70/206/52 69/205/52
f 70/212/53 65/211/53 66/210/53 69/209/53
f 71/216/54 68/215/54 67/214/54 72/213/54
o cube
v 0.328125 0.005376291649640541 -0.3185454259255313
v 0.328125 0.005376291649640541 -0.3185454259255313
v 0.328125 0.16607319407127535 -0.1270343151457868
v 0.328125 0.16607319407127535 -0.1270343151457868
v 0.078125 0.005376291649640541 -0.3185454259255313
v 0.078125 0.005376291649640541 -0.3185454259255313
v 0.078125 0.16607319407127535 -0.1270343151457868
v 0.078125 0.16607319407127535 -0.1270343151457868
vt 0 1
vt 1 1
vt 1 0
vt 0 0
vt 0 1
vt 0 1
vt 0 0.75
vt 0 0.75
vt 0 1
vt 0.25 1
vt 0.25 0.8125
vt 0 0.8125
vt 0 1
vt 0 1
vt 0 0.75
vt 0 0.75
vt 0 1
vt 0.25 1
vt 0.25 1
vt 0 1
vt 0 1
vt 0.25 1
vt 0.25 1
vt 0 1
vn 0 -0.766044443118978 0.6427876096865393
vn 1 0 0
vn 0 0.766044443118978 -0.6427876096865393
vn -1 0 0
vn 0 -0.6427876096865393 -0.766044443118978
vn 0 0.6427876096865393 0.766044443118978
g Leaf_Asymmetrical
f 76/220/55 79/219/55 77/218/55 74/217/55
f 75/224/56 76/223/56 74/222/56 73/221/56
f 80/228/57 75/227/57 73/226/57 78/225/57
f 79/232/58 80/231/58 78/230/58 77/229/58
f 78/236/59 73/235/59 74/234/59 77/233/59
f 79/240/60 76/239/60 75/238/60 80/237/60
o cube
v 0.020400541054223842 -0.09081539767277244 -0.4197020647572467
v 0.020400541054223842 -0.09081539767277244 -0.4197020647572467
v 0.023222923100687187 0.06131806283226205 -0.22134016228011577
v 0.023222923100687187 0.06131806283226205 -0.22134016228011577
v -0.22936151434124058 -0.08074063287089356 -0.42387516897590405
v -0.22936151434124058 -0.08074063287089356 -0.42387516897590405
v -0.22653913229477723 0.07139282763414093 -0.2255132664987731
v -0.22653913229477723 0.07139282763414093 -0.2255132664987731
vt 0 1
vt 1 1
vt 1 0
vt 0 0
vt 0 1
vt 0 1
vt 0 0.75
vt 0 0.75
vt 0 1
vt 0.25 1
vt 0.25 0.8125
vt 0 0.8125
vt 0 1
vt 0 1
vt 0 0.75
vt 0 0.75
vt 0 1
vt 0.25 1
vt 0.25 1
vt 0 1
vt 0 1
vt 0.25 1
vt 0.25 1
vt 0 1
vn -0.04213309278308531 -0.7925039740866908 0.6084096100073811
vn 0.9990482215818578 -0.040299059207515524 0.016692416874629377
vn 0.04213309278308531 0.7925039740866908 -0.6084096100073811
vn -0.9990482215818578 0.040299059207515524 -0.016692416874629377
vn -0.011289528185853367 -0.6085338420201386 -0.7934476099085245
vn 0.011289528185853367 0.6085338420201386 0.7934476099085245
g Leaf_Asymmetrical
f 84/244/61 87/243/61 85/242/61 82/241/61
f 83/248/62 84/247/62 82/246/62 81/245/62
f 88/252/63 83/251/63 81/250/63 86/249/63
f 87/256/64 88/255/64 86/254/64 85/253/64
f 86/260/65 81/259/65 82/258/65 85/257/65
f 87/264/66 84/263/66 83/262/66 88/261/66
o cube
v -0.22176331620806616 0.014480556548304713 -0.3350332222167908
v -0.22176331620806616 0.014480556548304713 -0.3350332222167908
v -0.07174024524652638 0.16975334475924186 -0.2090037041645889
v -0.07174024524652638 0.16975334475924186 -0.2090037041645889
v -0.3675524495443737 -0.00844665102148523 -0.13324156789456645
v -0.3675524495443737 -0.00844665102148523 -0.13324156789456645
v -0.217529378582834 0.14682613718945187 -0.007212049842364586
v -0.217529378582834 0.14682613718945187 -0.007212049842364586
vt 0 1
vt 1 1
vt 1 0
vt 0 0
vt 0 1
vt 0 1
vt 0 0.75
vt 0 0.75
vt 0 1
vt 0.25 1
vt 0.25 0.8125
vt 0 0.8125
vt 0 1
vt 0 1
vt 0 0.75
vt 0 0.75
vt 0 1
vt 0.25 1
vt 0.25 1
vt 0 1
vt 0 1
vt 0.25 1
vt 0.25 1
vt 0 1
vn 0.5475561235938049 -0.7783542061992418 0.30715960217267224
vn 0.5831565333452303 0.09170883027915998 -0.8071666172888974
vn -0.5475561235938049 0.7783542061992418 -0.30715960217267224
vn -0.5831565333452303 -0.09170883027915998 0.8071666172888974
vn -0.600092283846159 -0.6210911528437485 -0.5041180722088074
vn 0.600092283846159 0.6210911528437485 0.5041180722088074
g Leaf
f 92/268/67 95/267/67 93/266/67 90/265/67
f 91/272/68 92/271/68 90/270/68 89/269/68
f 96/276/69 91/275/69 89/274/69 94/273/69
f 95/280/70 96/279/70 94/278/70 93/277/70
f 94/284/71 89/283/71 90/282/71 93/281/71
f 95/288/72 92/287/72 91/286/72 96/285/72
o cube
v -0.11120601027382188 0.2814211269646738 -0.1840334800793163
v -0.11120601027382188 0.2814211269646738 -0.1840334800793163
v 0.049490892147812895 0.40452209609119905 -0.03732745787094949
v 0.049490892147812895 0.40452209609119905 -0.03732745787094949
v -0.3027171210535664 0.38471510475630705 -0.060932510952789995
v -0.3027171210535664 0.38471510475630705 -0.060932510952789995
v -0.14202021863193165 0.5078160738828323 0.08577351125557683
v -0.14202021863193165 0.5078160738828323 0.08577351125557683
vt 0 1
vt 1 1
vt 1 0
vt 0 0
vt 0 1
vt 0 1
vt 0 0.75
vt 0 0.75
vt 0 1
vt 0.25 1
vt 0.25 0.8125
vt 0 0.8125
vt 0 1
vt 0 1
vt 0 0.75
vt 0 0.75
vt 0 1
vt 0.25 1
vt 0.25 1
vt 0 1
vt 0 1
vt 0.25 1
vt 0.25 1
vt 0 1
vn 0 -0.7660444431189808 0.6427876096865363
vn 0.766044443118978 -0.41317591116653324 -0.49240387650610556
vn 0 0.7660444431189808 -0.6427876096865363
vn -0.766044443118978 0.41317591116653324 0.49240387650610556
vn -0.6427876096865393 -0.4924038765061015 -0.5868240888334677
vn 0.6427876096865393 0.4924038765061015 0.5868240888334677
g Leaf_Jagged
f 100/292/73 103/291/73 101/290/73 98/289/73
f 99/296/74 100/295/74 98/294/74 97/293/74
f 104/300/75 99/299/75 97/298/75 102/297/75
f 103/304/76 104/303/76 102/302/76 101/301/76
f 102/308/77 97/307/77 98/306/77 101/305/77
f 103/312/78 100/311/78 99/310/78 104/309/78
o cube
v 0.231786679105091 0.3745454202690375 -0.07305226897604292
v 0.231786679105091 0.3745454202690375 -0.07305226897604292
v 0.0710897766834562 0.49764638939556255 0.07365375323232418
v 0.0710897766834562 0.49764638939556255 0.07365375323232418
v 0.04027556832534651 0.27125144247740474 -0.19615323810256968
v 0.04027556832534651 0.27125144247740474 -0.19615323810256968
v -0.1204213340962883 0.3943524116039298 -0.049447215894202604
v -0.1204213340962883 0.3943524116039298 -0.049447215894202604
vt 0 1
vt 1 1
vt 1 0
vt 0 0
vt 0 1
vt 0 1
vt 0 0.75
vt 0 0.75
vt 0 1
vt 0.25 1
vt 0.25 0.8125
vt 0 0.8125
vt 0 1
vt 0 1
vt 0 0.75
vt 0 0.75
vt 0 1
vt 0.25 1
vt 0.25 1
vt 0 1
vt 0 1
vt 0.25 1
vt 0.25 1
vt 0 1
vn 0 -0.7660444431189825 0.642787609686534
vn 0.7660444431189781 0.41317591116653124 0.49240387650610706
vn 0 0.7660444431189825 -0.642787609686534
vn -0.7660444431189781 -0.41317591116653124 -0.49240387650610706
vn 0.6427876096865394 -0.49240387650610024 -0.5868240888334685
vn -0.6427876096865394 0.49240387650610024 0.5868240888334685
g Leaf
f 108/316/79 111/315/79 109/314/79 106/313/79
f 107/320/80 108/319/80 106/318/80 105/317/80
f 112/324/81 107/323/81 105/322/81 110/321/81
f 111/328/82 112/327/82 110/326/82 109/325/82
f 110/332/83 105/331/83 106/330/83 109/329/83
f 111/336/84 108/335/84 107/334/84 112/333/84
o cube
v 0.109375 0.3622372490543993 -0.032477596707730844
v 0.109375 0.3622372490543993 -0.032477596707730844
v 0.109375 0.2402002481644075 -0.05953254844999373
v 0.109375 0.2402002481644075 -0.05953254844999373
v -0.109375 0.3622372490543993 -0.032477596707730844
v -0.109375 0.3622372490543993 -0.032477596707730844
v -0.109375 0.2402002481644075 -0.05953254844999373
v -0.109375 0.2402002481644075 -0.05953254844999373
vt 0 1
vt 0.034926470588235295 1
vt 0.034926470588235295 0.21875
vt 0 0.21875
vt 0 1
vt 0 1
vt 0 0.125
vt 0 0.125
vt 0.31755514705882354 0.9375
vt 0.59375 0.9375
vt 0.59375 0.78125
vt 0.31755514705882354 0.78125
vt 0 1
vt 0 1
vt 0 0.125
vt 0 0.125
vt 0 1
vt 0.48897058823529416 1
vt 0.48897058823529416 1
vt 0 1
vt 0 1
vt 0.48897058823529416 1
vt 0.48897058823529416 1
vt 0 1
vn 0 0.21643961393810285 -0.9762960071199335
vn 1 0 0
vn 0 -0.21643961393810285 0.9762960071199335
vn -1 0 0
vn 0 0.9762960071199335 0.21643961393810285
vn 0 -0.9762960071199335 -0.21643961393810285
g Stem
f 116/340/85 119/339/85 117/338/85 114/337/85
f 115/344/86 116/343/86 114/342/86 113/341/86
f 120/348/87 115/347/87 113/346/87 118/345/87
f 119/352/88 120/351/88 118/350/88 117/349/88
f 118/356/89 113/355/89 114/354/89 117/353/89
f 119/360/90 116/359/90 115/358/90 120/357/90
o cube
v 0.109375 -0.12591075450556735 -0.08658750019225668
v 0.109375 -0.12591075450556735 -0.08658750019225668
v 0.109375 -0.36083390970204454 -0.0010824643608394885
v 0.109375 -0.36083390970204454 -0.0010824643608394885
v -0.109375 -0.12591075450556735 -0.08658750019225668
v -0.109375 -0.12591075450556735 -0.08658750019225668
v -0.109375 -0.36083390970204454 -0.0010824643608394885
v -0.109375 -0.36083390970204454 -0.0010824643608394885
vt 0 1
vt 0.034926470588235295 1
vt 0.034926470588235295 0.21875
vt 0 0.21875
vt 0 1
vt 0 1
vt 0 0.125
vt 0 0.125
vt 0.31755514705882354 0.3125
vt 0.59375 0.3125
vt 0.59375 0
vt 0.31755514705882354 0
vt 0 1
vt 0 1
vt 0 0.125
vt 0 0.125
vt 0 1
vt 0.48897058823529416 1
vt 0.48897058823529416 1
vt 0 1
vt 0 1
vt 0.48897058823529416 1
vt 0.48897058823529416 1
vt 0 1
vn 0 -0.34202014332566866 -0.9396926207859084
vn 1 0 0
vn 0 0.34202014332566866 0.9396926207859084
vn -1 0 0
vn 0 0.9396926207859084 -0.34202014332566866
vn 0 -0.9396926207859084 0.34202014332566866
g Stem
f 124/364/91 127/363/91 125/362/91 122/361/91
f 123/368/92 124/367/92 122/366/92 121/365/92
f 128/372/93 123/371/93 121/370/93 126/369/93
f 127/376/94 128/375/94 126/374/94 125/373/94
f 126/380/95 121/379/95 122/378/95 125/377/95
f 127/384/96 124/383/96 123/382/96 128/381/96
o cube
v 0.109375 0.11816324727441577 -0.032477596707730885
v 0.109375 0.11816324727441577 -0.032477596707730885
v 0.109375 -0.1259107545055676 -0.0865875001922566
v 0.109375 -0.1259107545055676 -0.0865875001922566
v -0.109375 0.11816324727441577 -0.032477596707730885
v -0.109375 0.11816324727441577 -0.032477596707730885
v -0.109375 -0.1259107545055676 -0.0865875001922566
v -0.109375 -0.1259107545055676 -0.0865875001922566
vt 0 1
vt 0.034926470588235295 1
vt 0.034926470588235295 0.21875
vt 0 0.21875
vt 0 1
vt 0 1
vt 0 0.125
vt 0 0.125
vt 0.31755514705882354 0.625
vt 0.59375 0.625
vt 0.59375 0.3125
vt 0.31755514705882354 0.3125
vt 0 1
vt 0 1
vt 0 0.125
vt 0 0.125
vt 0 1
vt 0.48897058823529416 1
vt 0.48897058823529416 1
vt 0 1
vt 0 1
vt 0.48897058823529416 1
vt 0.48897058823529416 1
vt 0 1
vn 0 0.21643961393810285 -0.9762960071199335
vn 1 0 0
vn 0 -0.21643961393810285 0.9762960071199335
vn -1 0 0
vn 0 0.9762960071199335 0.21643961393810285
vn 0 -0.9762960071199335 -0.21643961393810285
g Stem
f 132/388/97 135/387/97 133/386/97 130/385/97
f 131/392/98 132/391/98 130/390/98 129/389/98
f 136/396/99 131/395/99 129/394/99 134/393/99
f 135/400/100 136/399/100 134/398/100 133/397/100
f 134/404/101 129/403/101 130/402/101 133/401/101
f 135/408/102 132/407/102 131/406/102 136/405/102
o cube
v 0.109375 0.24020024816440744 -0.05953254844999373
v 0.109375 0.24020024816440744 -0.05953254844999373
v 0.109375 0.11816324727441581 -0.03247759670773087
v 0.109375 0.11816324727441581 -0.03247759670773087
v -0.109375 0.24020024816440744 -0.05953254844999373
v -0.109375 0.24020024816440744 -0.05953254844999373
v -0.109375 0.11816324727441581 -0.03247759670773087
v -0.109375 0.11816324727441581 -0.03247759670773087
vt 0 1
vt 0.034926470588235295 1
vt 0.034926470588235295 0.21875
vt 0 0.21875
vt 0 1
vt 0 1
vt 0 0.125
vt 0 0.125
vt 0.31755514705882354 0.78125
vt 0.59375 0.78125
vt 0.59375 0.625
vt 0.31755514705882354 0.625
vt 0 1
vt 0 1
vt 0 0.125
vt 0 0.125
vt 0 1
vt 0.48897058823529416 1
vt 0.48897058823529416 1
vt 0 1
vt 0 1
vt 0.48897058823529416 1
vt 0.48897058823529416 1
vt 0 1
vn 0 -0.21643961393810285 -0.9762960071199334
vn 1 0 0
vn 0 0.21643961393810285 0.9762960071199334
vn -1 0 0
vn 0 0.9762960071199334 -0.21643961393810285
vn 0 -0.9762960071199334 0.21643961393810285
g Stem
f 140/412/103 143/411/103 141/410/103 138/409/103
f 139/416/104 140/415/104 138/414/104 137/413/104
f 144/420/105 139/419/105 137/418/105 142/417/105
f 143/424/106 144/423/106 142/422/106 141/421/106
f 142/428/107 137/427/107 138/426/107 141/425/107
f 143/432/108 140/431/108 139/430/108 144/429/108
o cube
v 0.109375 0.4244994176851334 -0.037924830629459554
v 0.109375 0.4244994176851334 -0.037924830629459554
v 0.109375 0.3622372490543993 -0.032477596707730906
v 0.109375 0.3622372490543993 -0.032477596707730906
v -0.109375 0.4244994176851334 -0.037924830629459554
v -0.109375 0.4244994176851334 -0.037924830629459554
v -0.109375 0.3622372490543993 -0.032477596707730906
v -0.109375 0.3622372490543993 -0.032477596707730906
vt 0 1
vt 0.034926470588235295 1
vt 0.034926470588235295 0.21875
vt 0 0.21875
vt 0 1
vt 0 1
vt 0 0.125
vt 0 0.125
vt 0.31755514705882354 1
vt 0.59375 1
vt 0.59375 0.9375
vt 0.31755514705882354 0.9375
vt 0 1
vt 0 1
vt 0 0.125
vt 0 0.125
vt 0 1
vt 0.48897058823529416 1
vt 0.48897058823529416 1
vt 0 1
vt 0 1
vt 0.48897058823529416 1
vt 0.48897058823529416 1
vt 0 1
vn 0 -0.08715574274765818 -0.9961946980917457
vn 1 0 0
vn 0 0.08715574274765818 0.9961946980917457
vn -1 0 0
vn 0 0.9961946980917457 -0.08715574274765818
vn 0 -0.9961946980917457 0.08715574274765818
g Stem
f 148/436/109 151/435/109 149/434/109 146/433/109
f 147/440/110 148/439/110 146/438/110 145/437/110
f 152/444/111 147/443/111 145/442/111 150/441/111
f 151/448/112 152/447/112 150/446/112 149/445/112
f 150/452/113 145/451/113 146/450/113 149/449/113
f 151/456/114 148/455/114 147/454/114 152/453/114
o cube
v -0.0925603298211245 0.25097811211658416 -0.09661685823737637
v -0.0925603298211245 0.25097811211658416 -0.09661685823737637
v -0.0664272532042684 0.13180042456482632 -0.12379665029605691
v -0.0664272532042684 0.13180042456482632 -0.12379665029605691
v -0.30612508137861 0.20367700962617552 -0.09455164750203293
v -0.30612508137861 0.20367700962617552 -0.09455164750203293
v -0.2799920047617538 0.08449932207441768 -0.1217314395607135
v -0.2799920047617538 0.08449932207441768 -0.1217314395607135
vt 0 1
vt 0.034926470588235295 1
vt 0.034926470588235295 0.21875
vt 0 0.21875
vt 0 1
vt 0 1
vt 0 0.125
vt 0 0.125
vt 0.31755514705882354 0.9375
vt 0.59375 0.9375
vt 0.59375 0.78125
vt 0.31755514705882354 0.78125
vt 0 1
vt 0 1
vt 0 0.125
vt 0 0.125
vt 0 1
vt 0.48897058823529416 1
vt 0.48897058823529416 1
vt 0 1
vt 0 1
vt 0.48897058823529416 1
vt 0.48897058823529416 1
vt 0 1
vn -0.05601869420181715 0.21031040833900058 -0.9760284002241976
vn 0.9762960071199335 0.2162336113847253 -0.009440963361569854
vn 0.05601869420181715 -0.21031040833900058 0.9760284002241976
vn -0.9762960071199335 -0.2162336113847253 0.009440963361569854
vn -0.209064612934849 0.9534215004140628 0.21743833646944455
vn 0.209064612934849 -0.9534215004140628 -0.21743833646944455
g Stem
f 156/460/115 159/459/115 157/458/115 154/457/115
f 155/464/116 156/463/116 154/462/116 153/461/116
f 160/468/117 155/467/117 153/466/117 158/465/117
f 159/472/118 160/471/118 158/470/118 157/469/118
f 158/476/119 153/475/119 154/474/119 157/473/119
f 159/480/120 156/479/120 155/478/120 160/477/120
o cube
v -0.012849676676081362 -0.10851122536617218 -0.0873471800406478
v -0.012849676676081362 -0.10851122536617218 -0.0873471800406478
v 0.038755855480461274 -0.3377880347999504 -0.0020886689892165994
v 0.038755855480461274 -0.3377880347999504 -0.0020886689892165994
v -0.2264144282335668 -0.15581232785658083 -0.08528196930530439
v -0.2264144282335668 -0.15581232785658083 -0.08528196930530439
v -0.17480889607702416 -0.38508913729035904 -0.000023458253873190338
v -0.17480889607702416 -0.38508913729035904 -0.000023458253873190338
vt 0 1
vt 0.034926470588235295 1
vt 0.034926470588235295 0.21875
vt 0 0.21875
vt 0 1
vt 0 1
vt 0 0.125
vt 0 0.125
vt 0.31755514705882354 0.3125
vt 0.59375 0.3125
vt 0.59375 0
vt 0.31755514705882354 0
vt 0 1
vt 0 1
vt 0 0.125
vt 0 0.125
vt 0 1
vt 0.48897058823529416 1
vt 0.48897058823529416 1
vt 0 1
vt 0 1
vt 0.48897058823529416 1
vt 0.48897058823529416 1
vt 0 1
vn 0.06508464715365417 -0.3348989994033889 -0.9400035366441412
vn 0.9762960071199336 0.21623361138472535 -0.00944096336156987
vn -0.06508464715365417 0.3348989994033889 0.9400035366441412
vn -0.9762960071199336 -0.21623361138472535 0.00944096336156987
vn -0.20642212862617046 0.9171072377351128 -0.34103404420572475
vn 0.20642212862617046 -0.9171072377351128 0.34103404420572475
g Stem
f 164/484/121 167/483/121 165/482/121 162/481/121
f 163/488/122 164/487/122 162/486/122 161/485/122
f 168/492/123 163/491/123 161/490/123 166/489/123
f 167/496/124 168/495/124 166/494/124 165/493/124
f 166/500/125 161/499/125 162/498/125 165/497/125
f 167/504/126 164/503/126 163/502/126 168/501/126
o cube
v -0.05717391473171046 0.08497743636209854 -0.23932579598180787
v -0.05717391473171046 0.08497743636209854 -0.23932579598180787
v -0.012849676676081362 -0.10851122536617236 -0.08734718004064773
v -0.012849676676081362 -0.10851122536617236 -0.08734718004064773
v -0.27073866628919585 0.03767633387168989 -0.23726058524646448
v -0.27073866628919585 0.03767633387168989 -0.23726058524646448
v -0.22641442823356678 -0.15581232785658103 -0.08528196930530432
v -0.22641442823356678 -0.15581232785658103 -0.08528196930530432
vt 0 1
vt 0.034926470588235295 1
vt 0.034926470588235295 0.21875
vt 0 0.21875
vt 0 1
vt 0 1
vt 0 0.125
vt 0 0.125
vt 0.31755514705882354 0.625
vt 0.59375 0.625
vt 0.59375 0.3125
vt 0.31755514705882354 0.3125
vt 0 1
vt 0 1
vt 0 0.125
vt 0 0.125
vt 0 1
vt 0.48897058823529416 1
vt 0.48897058823529416 1
vt 0 1
vt 0 1
vt 0.48897058823529416 1
vt 0.48897058823529416 1
vt 0 1
vn 0.12414466244781382 -0.5951783176739249 -0.7939463917397414
vn 0.9762960071199336 0.21623361138472535 -0.00944096336156987
vn -0.12414466244781382 0.5951783176739249 0.7939463917397414
vn -0.9762960071199336 -0.21623361138472535 0.00944096336156987
vn -0.17729695222251646 0.7739546469130838 -0.6079144637646405
vn 0.17729695222251646 -0.7739546469130838 0.6079144637646405
g Stem
f 172/508/127 175/507/127 173/506/127 170/505/127
f 171/512/128 172/511/128 170/510/128 169/509/128
f 176/516/129 171/515/129 169/514/129 174/513/129
f 175/520/130 176/519/130 174/518/130 173/517/130
f 174/524/131 169/523/131 170/522/131 173/521/131
f 175/528/132 172/527/132 171/526/132 176/525/132
o cube
v -0.06642725320426841 0.13180042456482632 -0.12379665029605669
v -0.06642725320426841 0.13180042456482632 -0.12379665029605669
v -0.05717391473171052 0.08497743636209873 -0.23932579598180792
v -0.05717391473171052 0.08497743636209873 -0.23932579598180792
v -0.2799920047617538 0.08449932207441768 -0.1217314395607133
v -0.2799920047617538 0.08449932207441768 -0.1217314395607133
v -0.27073866628919596 0.03767633387169006 -0.23726058524646448
v -0.27073866628919596 0.03767633387169006 -0.23726058524646448
vt 0 1
vt 0.034926470588235295 1
vt 0.034926470588235295 0.21875
vt 0 0.21875
vt 0 1
vt 0 1
vt 0 0.125
vt 0 0.125
vt 0.31755514705882354 0.78125
vt 0.59375 0.78125
vt 0.59375 0.625
vt 0.31755514705882354 0.625
vt 0 1
vt 0 1
vt 0 0.125
vt 0 0.125
vt 0 1
vt 0.48897058823529416 1
vt 0.48897058823529416 1
vt 0 1
vt 0 1
vt 0.48897058823529416 1
vt 0.48897058823529416 1
vt 0 1
vn -0.2033867080633856 0.9016262656758746 -0.38171183375226486
vn 0.9762960071199335 0.21623361138472533 -0.009440963361569856
vn 0.2033867080633856 -0.9016262656758746 0.38171183375226486
vn -0.9762960071199335 -0.21623361138472533 0.009440963361569856
vn -0.0740267077804631 0.37458390562182065 0.9242331654860092
vn 0.0740267077804631 -0.37458390562182065 -0.9242331654860092
g Stem
f 180/532/133 183/531/133 181/530/133 178/529/133
f 179/536/134 180/535/134 178/534/134 177/533/134
f 184/540/135 179/539/135 177/538/135 182/537/135
f 183/544/136 184/543/136 182/542/136 181/541/136
f 182/548/137 177/547/137 178/546/137 181/545/137
f 183/552/138 180/551/138 179/550/138 184/549/138
o cube
v -0.10607493053266973 0.3117615999688558 -0.10199953156205682
v -0.10607493053266973 0.3117615999688558 -0.10199953156205682
v -0.0925603298211244 0.25097811211658394 -0.09661685823737631
v -0.0925603298211244 0.25097811211658394 -0.09661685823737631
v -0.3196396820901552 0.26446049747844713 -0.09993432082671341
v -0.3196396820901552 0.26446049747844713 -0.09993432082671341
v -0.30612508137860983 0.20367700962617533 -0.0945516475020329
v -0.30612508137860983 0.20367700962617533 -0.0945516475020329
vt 0 1
vt 0.034926470588235295 1
vt 0.034926470588235295 0.21875
vt 0 0.21875
vt 0 1
vt 0 1
vt 0 0.125
vt 0 0.125
vt 0.31755514705882354 1
vt 0.59375 1
vt 0.59375 0.9375
vt 0.31755514705882354 0.9375
vt 0 1
vt 0 1
vt 0 0.125
vt 0 0.125
vt 0 1
vt 0.48897058823529416 1
vt 0.48897058823529416 1
vt 0 1
vt 0 1
vt 0.48897058823529416 1
vt 0.48897058823529416 1
vt 0 1
vn 0.00944096336157073 -0.08612277319488829 -0.9962397985164152
vn 0.9762960071199336 0.21623361138472538 -0.009440963361569866
vn -0.00944096336157073 0.08612277319488829 0.9962397985164152
vn -0.9762960071199336 -0.21623361138472538 0.009440963361569866
vn -0.21623361138472527 0.9725358056363484 -0.08612277319488834
vn 0.21623361138472527 -0.9725358056363484 0.08612277319488834
g Stem
f 188/556/139 191/555/139 189/554/139 186/553/139
f 187/560/140 188/559/140 186/558/140 185/557/140
f 192/564/141 187/563/141 185/562/141 190/561/141
f 191/568/142 192/567/142 190/566/142 189/565/142
f 190/572/143 185/571/143 186/570/143 189/569/143
f 191/576/144 188/575/144 187/574/144 192/573/144
o cube
v 0.32717302943072424 0.3004496746821441 -0.0521642875597772
v 0.32717302943072424 0.3004496746821441 -0.0521642875597772
v 0.3392007575538395 0.18277263570228308 -0.09256785489149538
v 0.3392007575538395 0.18277263570228308 -0.09256785489149538
v 0.12961645512318443 0.3122522881132347 -0.14535044942979797
v 0.12961645512318443 0.3122522881132347 -0.14535044942979797
v 0.14164418324629968 0.1945752491333736 -0.18575401676151615
v 0.14164418324629968 0.1945752491333736 -0.18575401676151615
vt 0 1
vt 0.034926470588235295 1
vt 0.034926470588235295 0.21875
vt 0 0.21875
vt 0 1
vt 0 1
vt 0 0.125
vt 0 0.125
vt 0.59375 0.9375
vt 0.31755514705882354 0.9375
vt 0.31755514705882354 0.78125
vt 0.59375 0.78125
vt 0 1
vt 0 1
vt 0 0.125
vt 0 0.125
vt 0 1
vt 0.48897058823529416 1
vt 0.48897058823529416 1
vt 0 1
vt 0 1
vt 0.48897058823529416 1
vt 0.48897058823529416 1
vt 0 1
vn 0.41847732257701986 0.33290269884955415 -0.8450162859894784
vn 0.9031157682630394 -0.05395480425641369 0.4259938828343809
vn -0.41847732257701986 -0.33290269884955415 0.8450162859894784
vn -0.9031157682630394 0.05395480425641369 -0.4259938828343809
vn -0.09622182498492214 0.9414163118388884 0.3232285386537455
vn 0.09622182498492214 -0.9414163118388884 -0.3232285386537455
g Stem
f 196/580/145 199/579/145 197/578/145 194/577/145
f 195/584/146 196/583/146 194/582/146 193/581/146
f 200/588/147 195/587/147 193/586/147 198/585/147
f 199/592/148 200/591/148 198/590/148 197/589/148
f 198/596/149 193/595/149 194/594/149 197/593/149
f 199/600/150 196/599/150 195/598/150 200/597/150
o cube
v 0.30543616628139764 -0.15833416548834237 -0.06418955044756242
v 0.30543616628139764 -0.15833416548834237 -0.06418955044756242
v 0.2407556586189728 -0.37337141632830445 0.04569863217332824
v 0.2407556586189728 -0.37337141632830445 0.04569863217332824
v 0.10787959197385782 -0.14653155205725188 -0.15737571231758318
v 0.10787959197385782 -0.14653155205725188 -0.15737571231758318
v 0.04319908431143299 -0.36156880289721394 -0.047487529696692544
v 0.04319908431143299 -0.36156880289721394 -0.047487529696692544
vt 0 1
vt 0.034926470588235295 1
vt 0.034926470588235295 0.21875
vt 0 0.21875
vt 0 1
vt 0 1
vt 0 0.125
vt 0 0.125
vt 0.59375 0.3125
vt 0.31755514705882354 0.3125
vt 0.31755514705882354 0
vt 0.59375 0
vt 0 1
vt 0 1
vt 0 0.125
vt 0 0.125
vt 0 1
vt 0.48897058823529416 1
vt 0.48897058823529416 1
vt 0 1
vt 0 1
vt 0.48897058823529416 1
vt 0.48897058823529416 1
vt 0 1
vn 0.34270223222377194 -0.5071810042940406 -0.7907734245105436
vn 0.9031157682630394 -0.05395480425641369 0.4259938828343809
vn -0.34270223222377194 0.5071810042940406 0.7907734245105436
vn -0.9031157682630394 0.05395480425641369 -0.4259938828343809
vn 0.2587220306496994 0.8601490033598485 -0.4395527304835627
vn -0.2587220306496994 -0.8601490033598485 0.4395527304835627
g Stem
f 204/604/151 207/603/151 205/602/151 202/601/151
f 203/608/152 204/607/152 202/606/152 201/605/152
f 208/612/153 203/611/153 201/610/153 206/609/153
f 207/616/154 208/615/154 206/614/154 205/613/154
f 206/620/155 201/619/155 202/618/155 205/617/155
f 207/624/156 204/623/156 203/622/156 208/621/156
o cube
v 0.2999131225829728 0.08789634193833835 -0.021293942272546357
v 0.2999131225829728 0.08789634193833835 -0.021293942272546357
v 0.3054361662813977 -0.15833416548834245 -0.06418955044756237
v 0.3054361662813977 -0.15833416548834245 -0.06418955044756237
v 0.10235654827543297 0.09969895536942887 -0.11448010414256714
v 0.10235654827543297 0.09969895536942887 -0.11448010414256714
v 0.10787959197385785 -0.146531552057252 -0.15737571231758316
v 0.10787959197385785 -0.146531552057252 -0.15737571231758316
vt 0 1
vt 0 1
vt 0 0.125
vt 0 0.125
vt 0.59375 0.625
vt 0.31755514705882354 0.625
vt 0.31755514705882354 0.3125
vt 0.59375 0.3125
vt 0 1
vt 0 1
vt 0 0.125
vt 0 0.125
vt 0 1
vt 0.48897058823529416 1
vt 0.48897058823529416 1
vt 0 1
vt 0 1
vt 0.48897058823529416 1
vt 0.48897058823529416 1
vt 0 1
vn 0.9031157682630395 -0.05395480425641367 0.42599388283438094
vn -0.4288284562940579 -0.16436993184898357 0.8883066365711875
vn -0.9031157682630395 0.05395480425641367 -0.42599388283438094
vn -0.022092174793699477 0.9849220297067239 0.17158243270006426
vn 0.022092174793699477 -0.9849220297067239 -0.17158243270006426
g Stem
f 211/628/157 212/627/157 210/626/157 209/625/157
f 216/632/158 211/631/158 209/630/158 214/629/158
f 215/636/159 216/635/159 214/634/159 213/633/159
f 214/640/160 209/639/160 210/638/160 213/637/160
f 215/644/161 212/643/161 211/642/161 216/641/161
o cube
v 0.3392007575538394 0.18277263570228325 -0.09256785489149524
v 0.3392007575538394 0.18277263570228325 -0.09256785489149524
v 0.29991312258297276 0.08789634193833856 -0.021293942272546384
v 0.29991312258297276 0.08789634193833856 -0.021293942272546384
v 0.14164418324629957 0.19457524913337376 -0.185754016761516
v 0.14164418324629957 0.19457524913337376 -0.185754016761516
v 0.10235654827543299 0.09969895536942908 -0.11448010414256718
v 0.10235654827543299 0.09969895536942908 -0.11448010414256718
vt 0 1
vt 0.034926470588235295 1
vt 0.034926470588235295 0.21875
vt 0 0.21875
vt 0 1
vt 0 1
vt 0 0.125
vt 0 0.125
vt 0.59375 0.78125
vt 0.31755514705882354 0.78125
vt 0.31755514705882354 0.625
vt 0.59375 0.625
vt 0 1
vt 0 1
vt 0 0.125
vt 0 0.125
vt 0 1
vt 0.48897058823529416 1
vt 0.48897058823529416 1
vt 0 1
vt 0 1
vt 0.48897058823529416 1
vt 0.48897058823529416 1
vt 0 1
vn 0.29256920612395276 -0.6488390921647532 -0.7024322686970031
vn 0.9031157682630394 -0.05395480425641369 0.4259938828343809
vn -0.29256920612395276 0.6488390921647532 0.7024322686970031
vn -0.9031157682630394 0.05395480425641369 -0.4259938828343809
vn 0.31430107976693333 0.7590103501115588 -0.5701913009515919
vn -0.31430107976693333 -0.7590103501115588 0.5701913009515919
g Stem
f 220/648/162 223/647/162 221/646/162 218/645/162
f 219/652/163 220/651/163 218/650/163 217/649/163
f 224/656/164 219/655/164 217/654/164 222/653/164
f 223/660/165 224/659/165 222/658/165 221/657/165
f 222/664/166 217/663/166 218/662/166 221/661/166
f 223/668/167 220/667/167 219/666/167 224/665/167
o cube
v 0.310669107686217 0.3449823105787897 -0.011535296590913457
v 0.310669107686217 0.3449823105787897 -0.011535296590913457
v 0.3271730294307242 0.30044967468214456 -0.0521642875597772
v 0.3271730294307242 0.30044967468214456 -0.0521642875597772
v 0.11311253337867722 0.35678492400988016 -0.10472145846093417
v 0.11311253337867722 0.35678492400988016 -0.10472145846093417
v 0.12961645512318437 0.31225228811323513 -0.14535044942979802
v 0.12961645512318437 0.31225228811323513 -0.14535044942979802
vt 0 1
vt 0.034926470588235295 1
vt 0.034926470588235295 0.21875
vt 0 0.21875
vt 0 1
vt 0 1
vt 0 0.125
vt 0 0.125
vt 0.59375 1
vt 0.31755514705882354 1
vt 0.31755514705882354 0.9375
vt 0.59375 0.9375
vt 0 1
vt 0 1
vt 0 0.125
vt 0 0.125
vt 0 1
vt 0.48897058823529416 1
vt 0.48897058823529416 1
vt 0 1
vt 0 1
vt 0.48897058823529416 1
vt 0.48897058823529416 1
vt 0 1
vn 0.33860415573315555 0.6995720335765591 -0.6292425570142207
vn 0.9031157682630395 -0.05395480425641368 0.4259938828343809
vn -0.33860415573315555 -0.6995720335765591 0.6292425570142207
vn -0.9031157682630395 0.05395480425641368 -0.4259938828343809
vn -0.26406274791211476 0.7125221743463216 0.6500638555018216
vn 0.26406274791211476 -0.7125221743463216 -0.6500638555018216
g Stem
f 228/672/168 231/671/168 229/670/168 226/669/168
f 227/676/169 228/675/169 226/674/169 225/673/169
f 232/680/170 227/679/170 225/678/170 230/677/170
f 231/684/171 232/683/171 230/682/171 229/681/171
f 230/688/172 225/687/172 226/686/172 229/685/172
f 231/692/173 228/691/173 227/690/173 232/689/173
o cube
v 0.21847003511501778 -0.7360770554023148 -0.22409824236646692
v 0.21847003511501778 -0.7360770554023148 -0.22409824236646692
v 0.24025897080193231 -0.5384934575744389 -0.07248701537115632
v 0.24025897080193231 -0.5384934575744389 -0.07248701537115632
v -0.0305786394079186 -0.7187907304937105 -0.21083397874112175
v -0.0305786394079186 -0.7187907304937105 -0.21083397874112175
