# Made in Blockbench 4.12.3

o cube
v -0.36460193404931385 0.3125 0.3646019340493133
v 0.34250484713723417 0.3125 -0.3425048471372337
v -0.36460193404931385 -0.75 0.3646019340493133
v 0.34250484713723417 -0.75 -0.3425048471372337
v 0.34250484713723417 0.3125 -0.3425048471372337
v -0.36460193404931385 0.3125 0.3646019340493133
v 0.34250484713723417 -0.75 -0.3425048471372337
v -0.36460193404931385 -0.75 0.3646019340493133
vt 0 1
vt 0 1
vt 0 0.8229166666666666
vt 0 0.8229166666666666
vt 0 1
vt 0.16666666666666666 1
vt 0.16666666666666666 0.8229166666666666
vt 0 0.8229166666666666
vt 0 1
vt 0 1
vt 0 0.8229166666666666
vt 0 0.8229166666666666
vt 0 1
vt 1 1
vt 1 0
vt 0 0
vt 0 1
vt 0 1
vt 0 0.8333333333333334
vt 0 0.8333333333333334
vt 0 1
vt 0 1
vt 0 0.8333333333333334
vt 0 0.8333333333333334
vn 0.707106781186548 0 -0.707106781186547
vn 0.707106781186547 0 0.707106781186548
vn -0.707106781186548 0 0.707106781186547
vn -0.707106781186547 0 -0.707106781186548
vn 0 1 0
vn 0 -1 0
g Stem
f 4/4/1 7/3/1 5/2/1 2/1/1
f 3/8/2 4/7/2 2/6/2 1/5/2
f 8/12/3 3/11/3 1/10/3 6/9/3
f 7/16/4 8/15/4 6/14/4 5/13/4
f 6/20/5 1/19/5 2/18/5 5/17/5
f 7/24/6 4/23/6 3/22/6 8/21/6
o cube
v -0.3646019340493128 0.3125 -0.3646019340493141
v 0.34250484713723367 0.3125 0.34250484713723467
v -0.364601934049313 -0.7499999999999999 -0.36460193404931424
v 0.34250484713723345 -0.7500000000000001 0.34250484713723456
v 0.34250484713723367 0.3125 0.34250484713723467
v -0.3646019340493128 0.3125 -0.3646019340493141
v 0.34250484713723345 -0.7500000000000001 0.34250484713723456
v -0.364601934049313 -0.7499999999999999 -0.36460193404931424
vt 0 1
vt 0 1
vt 0 0.8229166666666666
vt 0 0.8229166666666666
vt 0 1
vt 1 1
vt 1 0
vt 0 0
vt 0 1
vt 0 1
vt 0 0.8229166666666666
vt 0 0.8229166666666666
vt 0 1
vt 0 1
vt 0 0.03125
vt 0 0.03125
vt 0 1
vt 0 1
vt 0 0.8333333333333334
vt 0 0.8333333333333334
vt 0 1
vt 0 1
vt 0 0.8333333333333334
vt 0 0.8333333333333334
vn 0.7071067811865464 0 0.7071067811865487
vn -0.7071067811865487 0 0.7071067811865464
vn -0.7071067811865464 0 -0.7071067811865487
vn 0.7071067811865487 0 -0.7071067811865464
vn 0 1 0
vn 0 -1 0
g Stem
f 12/28/7 15/27/7 13/26/7 10/25/7
f 11/32/8 12/31/8 10/30/8 9/29/8
f 16/36/9 11/35/9 9/34/9 14/33/9
f 15/40/10 16/39/10 14/38/10 13/37/10
f 14/44/11 9/43/11 10/42/11 13/41/11
f 15/48/12 12/47/12 11/46/12 16/45/12
o cube
v -0.37435823475946334 -0.32695195252749376 -0.2312024119109122
v -0.3338126993033896 -0.09665755283772653 -0.14276854381666895
v -0.37435823475946334 -0.32695195252749376 -0.2312024119109122
v -0.3338126993033896 -0.09665755283772653 -0.14276854381666895
v -0.13688422349917093 -0.0728963032072727 -0.29493482928564724
v -0.1774297589552447 -0.30319070289704 -0.38336869737989054
v -0.13688422349917093 -0.0728963032072727 -0.29493482928564724
v -0.1774297589552447 -0.30319070289704 -0.38336869737989054
vt 0 1
vt 0.03125 1
vt 0.03125 1
vt 0 1
vt 0 1
vt 0.03125 1
vt 0.03125 1
vt 0 1
vt 0 1
vt 0.03125 1
vt 0.03125 1
vt 0 1
vt 0 1
vt 0.03125 1
vt 0.03125 1
vt 0 1
vt 0.4921875 0.5
vt 0.734375 0.5
vt 0.734375 0.75
vt 0.4921875 0.75
vt 0 1
vt 0.03125 1
vt 0.03125 0.96875
vt 0 0.96875
vn 0.16218214182429508 0.921177598759069 0.3537354723769726
vn -0.7877139032168742 -0.09504499852181537 0.6086651418759129
vn -0.16218214182429508 -0.921177598759069 -0.3537354723769726
vn 0.7877139032168742 0.09504499852181537 -0.6086651418759129
vn -0.5943094812907845 0.3773569660155542 -0.7102098004444988
vn 0.5943094812907845 -0.3773569660155542 0.7102098004444988
g Frond
f 20/52/13 23/51/13 21/50/13 18/49/13
f 19/56/14 20/55/14 18/54/14 17/53/14
f 24/60/15 19/59/15 17/58/15 22/57/15
f 23/64/16 24/63/16 22/62/16 21/61/16
f 22/68/17 17/67/17 18/66/17 21/65/17
f 23/72/18 20/71/18 19/70/18 24/69/18
o cube
v -0.30749209842465747 0.1051288829291336 -0.051127407314340595
v -0.2463423826162209 0.281059452111139 0.1156333407166127
v -0.30749209842465747 0.1051288829291336 -0.051127407314340595
v -0.2463423826162209 0.281059452111139 0.1156333407166127
v -0.022227266823757134 0.3055668845720758 0.007597232736441514
v -0.08337698263219372 0.12963631539007042 -0.15916351529451178
v -0.022227266823757134 0.3055668845720758 0.007597232736441514
v -0.08337698263219372 0.12963631539007042 -0.15916351529451178
vt 0 1
vt 0.03125 1
vt 0.03125 1
vt 0 1
vt 0 1
vt 0.03125 1
vt 0.03125 1
vt 0 1
vt 0 1
vt 0.03125 1
vt 0.03125 1
vt 0 1
vt 0 1
vt 0.03125 1
vt 0.03125 1
vt 0 1
vt 0.4921875 0
vt 0.734375 0
vt 0.734375 0.25
vt 0.4921875 0.25
vt 0 1
vt 0.03125 1
vt 0.03125 0.96875
vt 0 0.96875
vn 0.2445988632337463 0.7037222767280215 0.6670429921238131
vn -0.8964604631698551 -0.09802972984374744 0.43214443192068475
vn -0.2445988632337463 -0.7037222767280215 -0.6670429921238131
vn 0.8964604631698551 0.09802972984374744 -0.43214443192068475
vn -0.3694997078186239 0.7036797064741118 -0.6068812376556548
vn 0.3694997078186239 -0.7036797064741118 0.6068812376556548
g Frond
f 28/76/19 31/75/19 29/74/19 26/73/19
f 27/80/20 28/79/20 26/78/20 25/77/20
f 32/84/21 27/83/21 25/82/21 30/81/21
f 31/88/22 32/87/22 30/86/22 29/85/22
f 30/92/23 25/91/23 26/90/23 29/89/23
f 31/96/24 28/95/24 27/94/24 32/93/24
o cube
v -0.35418151209642934 -0.09646288639040046 -0.17356448201072688
v -0.30119808634117967 0.10754005887484512 -0.03911912166555476
v -0.35418151209642934 -0.09646288639040046 -0.17356448201072688
v -0.30119808634117967 0.10754005887484512 -0.03911912166555476
v -0.08391001651074187 0.1310945723025896 -0.1604907806578625
v -0.13689344226599154 -0.07290837296265601 -0.2949361410030346
v -0.08391001651074187 0.1310945723025896 -0.1604907806578625
v -0.13689344226599154 -0.07290837296265601 -0.2949361410030346
vt 0 1
vt 0.03125 1
vt 0.03125 1
vt 0 1
vt 0 1
vt 0.03125 1
vt 0.03125 1
vt 0 1
vt 0 1
vt 0.03125 1
vt 0.03125 1
vt 0 1
vt 0 1
vt 0.03125 1
vt 0.03125 1
vt 0 1
vt 0.4921875 0.25
vt 0.734375 0.25
vt 0.734375 0.5
vt 0.4921875 0.5
vt 0 1
vt 0.03125 1
vt 0.03125 0.96875
vt 0 0.96875
vn 0.21193370302099868 0.8160117810609824 0.5377814413806884
vn -0.869152279321751 -0.09421805371097797 0.4854866359692307
vn -0.21193370302099868 -0.8160117810609824 -0.5377814413806884
vn 0.869152279321751 0.09421805371097797 -0.4854866359692307
vn -0.44683153522732955 0.5703049460811286 -0.6892705184481555
vn 0.44683153522732955 -0.5703049460811286 0.6892705184481555
g Frond
f 36/100/25 39/99/25 37/98/25 34/97/25
f 35/104/26 36/103/26 34/102/26 33/101/26
f 40/108/27 35/107/27 33/106/27 38/105/27
f 39/112/28 40/111/28 38/110/28 37/109/28
f 38/116/29 33/115/29 34/114/29 37/113/29
f 39/120/30 36/119/30 35/118/30 40/117/30
o cube
v -0.08392752652288994 0.13108595157779157 -0.16049098425690436
v -0.02277781071445336 0.3070165207597969 0.006269763774048892
v -0.08392752652288994 0.13108595157779157 -0.16049098425690436
v -0.02277781071445336 0.3070165207597969 0.006269763774048892
v -0.010837996403901873 0.306309044132549 0.002637916991563821
v -0.07198771221233846 0.13037847495054355 -0.1641228310393895
v -0.010837996403901873 0.306309044132549 0.002637916991563821
v -0.07198771221233846 0.13037847495054355 -0.1641228310393895
vt 0 1
vt 0.03125 1
vt 0.03125 1
vt 0 1
vt 0 1
vt 0.03125 1
vt 0.03125 1
vt 0 1
vt 0 1
vt 0.03125 1
vt 0.03125 1
vt 0 1
vt 0 1
vt 0.03125 1
vt 0.03125 1
vt 0 1
vt 0.4921875 0.25
vt 0.484375 0.25
vt 0.484375 0
vt 0.4921875 0
vt 0 1
vt 0.03125 1
vt 0.03125 0.96875
vt 0 0.96875
vn 0.24459886323374624 0.7037222767280212 0.667042992123813
vn -0.9551851448441202 0.05659813017983797 0.2905477425988084
vn -0.24459886323374624 -0.7037222767280212 -0.667042992123813
vn 0.9551851448441202 -0.05659813017983797 -0.2905477425988084
vn -0.16671153281604828 0.7082172046038394 -0.6860289031296329
vn 0.16671153281604828 -0.7082172046038394 0.6860289031296329
g Frond
f 44/124/31 47/123/31 45/122/31 42/121/31
f 43/128/32 44/127/32 42/126/32 41/125/32
f 48/132/33 43/131/33 41/130/33 46/129/33
f 47/136/34 48/135/34 46/134/34 45/133/34
f 46/140/35 41/139/35 42/138/35 45/137/35
f 47/144/36 44/143/36 43/142/36 48/141/36
o cube
v -0.13690845593901618 -0.07290868371820747 -0.2949297565717967
v -0.08392503018376653 0.13109426154703813 -0.16048439622662453
v -0.13690845593901618 -0.07290868371820747 -0.2949297565717967
v -0.08392503018376653 0.13109426154703813 -0.16048439622662453
v -0.07198521587321505 0.1303867849197901 -0.16411624300910965
v -0.12496864162846472 -0.07361616034545548 -0.29856160335428183
v -0.07198521587321505 0.1303867849197901 -0.16411624300910965
v -0.12496864162846472 -0.07361616034545548 -0.29856160335428183
vt 0 1
vt 0.03125 1
vt 0.03125 1
vt 0 1
vt 0 1
vt 0.03125 1
vt 0.03125 1
vt 0 1
vt 0 1
vt 0.03125 1
vt 0.03125 1
vt 0 1
vt 0 1
vt 0.03125 1
vt 0.03125 1
vt 0 1
vt 0.4921875 0.25
vt 0.484375 0.25
vt 0.484375 0
vt 0.4921875 0
vt 0 1
vt 0.03125 1
vt 0.03125 0.96875
vt 0 0.96875
vn 0.2119337030209986 0.8160117810609823 0.5377814413806884
vn -0.9551851448441202 0.05659813017983797 0.2905477425988083
vn -0.2119337030209986 -0.8160117810609823 -0.5377814413806884
vn 0.9551851448441202 -0.05659813017983797 -0.2905477425988083
vn -0.20665295689373628 0.5752577029730501 -0.7914373826003204
vn 0.20665295689373628 -0.5752577029730501 0.7914373826003204
g Frond
f 52/148/37 55/147/37 53/146/37 50/145/37
f 51/152/38 52/151/38 50/150/38 49/149/38
f 56/156/39 51/155/39 49/154/39 54/153/39
f 55/160/40 56/159/40 54/158/40 53/157/40
f 54/164/41 49/163/41 50/162/41 53/161/41
f 55/168/42 52/167/42 51/166/42 56/165/42
o cube
v -0.17745143062317814 -0.3031911925837 -0.38335752235440806
v -0.13690589516710439 -0.0728967928939327 -0.29492365426016487
v -0.17745143062317814 -0.3031911925837 -0.38335752235440806
v -0.13690589516710439 -0.0728967928939327 -0.29492365426016487
v -0.12496608085655289 -0.07360426952118071 -0.29855550104265
v -0.16551161631262665 -0.303898669210948 -0.3869893691368932
v -0.12496608085655289 -0.07360426952118071 -0.29855550104265
v -0.16551161631262665 -0.303898669210948 -0.3869893691368932
vt 0 1
vt 0.03125 1
vt 0.03125 1
vt 0 1
vt 0 1
vt 0.03125 1
vt 0.03125 1
vt 0 1
vt 0 1
vt 0.03125 1
vt 0.03125 1
vt 0 1
vt 0 1
vt 0.03125 1
vt 0.03125 1
vt 0 1
vt 0.4921875 0.5078125
vt 0.484375 0.5078125
vt 0.484375 0.7421875
vt 0.4921875 0.7421875
vt 0 1
vt 0.03125 1
vt 0.03125 0.96875
vt 0 0.96875
vn 0.16218214182429502 0.9211775987590691 0.35373547237697267
vn -0.9551851448441202 0.056598130179837995 0.2905477425988083
vn -0.16218214182429502 -0.9211775987590691 -0.35373547237697267
vn 0.9551851448441202 -0.056598130179837995 -0.2905477425988083
vn -0.24762530553721987 0.38500452361579074 -0.8890743640736565
vn 0.24762530553721987 -0.38500452361579074 0.8890743640736565
g Frond
f 60/172/43 63/171/43 61/170/43 58/169/43
f 59/176/44 60/175/44 58/174/44 57/173/44
f 64/180/45 59/179/45 57/178/45 62/177/45
f 63/184/46 64/183/46 62/182/46 61/181/46
f 62/188/47 57/187/47 58/186/47 61/185/47
f 63/192/48 60/191/48 59/190/48 64/189/48
o cube
v -0.07497266578997633 0.1305553441073556 -0.16321486934376822
v -0.01382294998153975 0.3064859132893609 0.003545878687185103
v -0.07497266578997633 0.1305553441073556 -0.16321486934376822
v -0.01382294998153975 0.3064859132893609 0.003545878687185103
v 0.22833365571179148 0.25435021657590906 -0.030248313821107112
v 0.1671839399033549 0.07841964739390372 -0.1970090618520604
v 0.22833365571179148 0.25435021657590906 -0.030248313821107112
v 0.1671839399033549 0.07841964739390372 -0.1970090618520604
vt 0 1
vt 0.03125 1
vt 0.03125 1
vt 0 1
vt 0 1
vt 0.03125 1
vt 0.03125 1
vt 0 1
vt 0 1
vt 0.03125 1
vt 0.03125 1
vt 0 1
vt 0 1
vt 0.03125 1
vt 0.03125 1
vt 0 1
vt 0.2421875 0
vt 0.484375 0
vt 0.484375 0.25
vt 0.2421875 0.25
vt 0 1
vt 0.03125 1
vt 0.03125 0.96875
vt 0 0.96875
vn 0.24459886323374624 0.7037222767280213 0.6670429921238132
vn -0.9686264227733246 0.2085427868538074 0.13517677003316877
vn -0.24459886323374624 -0.7037222767280213 -0.6670429921238132
vn 0.9686264227733246 -0.2085427868538074 -0.13517677003316877
vn 0.04398010016032052 0.6791795515826268 -0.7326533201330017
vn -0.04398010016032052 -0.6791795515826268 0.7326533201330017
g Frond
f 68/196/49 71/195/49 69/194/49 66/193/49
f 67/200/50 68/199/50 66/198/50 65/197/50
f 72/204/51 67/203/51 65/202/51 70/201/51
f 71/208/52 72/207/52 70/206/52 69/205/52
f 70/212/53 65/211/53 66/210/53 69/209/53
f 71/216/54 68/215/54 67/214/54 72/213/54
o cube
v -0.13692434546818186 -0.07290654189187501 -0.2949267407999829
v -0.08394091971293219 0.13109640337337058 -0.1604813804548107
v -0.13692434546818186 -0.07290654189187501 -0.2949267407999829
v -0.08394091971293219 0.13109640337337058 -0.1604813804548107
v 0.1600900106029302 0.08020709211543794 -0.17943350563559177
v 0.10710658484768054 -0.12379585314980762 -0.3138788659807639
v 0.1600900106029302 0.08020709211543794 -0.17943350563559177
v 0.10710658484768054 -0.12379585314980762 -0.3138788659807639
vt 0 1
vt 0.03125 1
vt 0.03125 1
vt 0 1
vt 0 1
vt 0.03125 1
vt 0.03125 1
vt 0 1
vt 0 1
vt 0.03125 1
vt 0.03125 1
vt 0 1
vt 0 1
vt 0.03125 1
vt 0.03125 1
vt 0 1
vt 0.2421875 0.25
vt 0.484375 0.25
vt 0.484375 0.5
vt 0.2421875 0.5
vt 0 1
vt 0.03125 1
vt 0.03125 0.96875
vt 0 0.96875
vn 0.21193370302099865 0.8160117810609824 0.5377814413806884
vn -0.9761237212634495 0.20355724503173064 0.07580850072312414
vn -0.21193370302099865 -0.8160117810609824 -0.5377814413806884
vn 0.9761237212634495 -0.20355724503173064 -0.07580850072312414
vn 0.04760867894200668 0.541007598065661 -0.8396690970403885
vn -0.04760867894200668 -0.541007598065661 0.8396690970403885
g Frond
f 76/220/55 79/219/55 77/218/55 74/217/55
f 75/224/56 76/223/56 74/222/56 73/221/56
f 80/228/57 75/227/57 73/226/57 78/225/57
f 79/232/58 80/231/58 78/230/58 77/229/58
f 78/236/59 73/235/59 74/234/59 77/233/59
f 79/240/60 76/239/60 75/238/60 80/237/60
o cube
v -0.17747545107276202 -0.3031879955287348 -0.38335479863680955
v -0.13692991561668824 -0.07289359583896754 -0.2949209305425662
v -0.17747545107276202 -0.3031879955287348 -0.38335479863680955
v -0.13692991561668824 -0.07289359583896754 -0.2949209305425662
v 0.10737961111924903 -0.12279977249520224 -0.2769702013757863
v 0.06683407566317527 -0.35309417218496947 -0.36540406947002957
v 0.10737961111924903 -0.12279977249520224 -0.2769702013757863
v 0.06683407566317527 -0.35309417218496947 -0.36540406947002957
vt 0 1
vt 0.03125 1
vt 0.03125 1
vt 0 1
vt 0 1
vt 0.03125 1
vt 0.03125 1
vt 0 1
vt 0 1
vt 0.03125 1
vt 0.03125 1
vt 0 1
vt 0 1
vt 0.03125 1
vt 0.03125 1
vt 0 1
vt 0.2421875 0.5
vt 0.484375 0.5
vt 0.484375 0.75
vt 0.2421875 0.75
vt 0 1
vt 0.03125 1
vt 0.03125 0.96875
vt 0 0.96875
vn 0.16218214182429508 0.921177598759069 0.35373547237697295
vn -0.9772381069437489 0.1996247066249388 -0.07180291666711965
vn -0.16218214182429508 -0.921177598759069 -0.35373547237697295
vn 0.9772381069437489 -0.1996247066249388 0.07180291666711965
vn 0.1367575782554021 0.33403863257022115 -0.9325854152517797
vn -0.1367575782554021 -0.33403863257022115 0.9325854152517797
g Frond
f 84/244/61 87/243/61 85/242/61 82/241/61
f 83/248/62 84/247/62 82/246/62 81/245/62
f 88/252/63 83/251/63 81/250/63 86/249/63
f 87/256/64 88/255/64 86/254/64 85/253/64
f 86/260/65 81/259/65 82/258/65 85/257/65
f 87/264/66 84/263/66 83/262/66 88/261/66
o cube
v -0.43973277048672843 0.3569092484486154 -0.2694213735827828
v -0.23261978462682384 0.3530202814191459 -0.12946035392502714
v -0.43973277048672843 0.3569092484486154 -0.2694213735827828
v -0.23261978462682384 0.3530202814191459 -0.12946035392502714
v -0.09267706500888438 0.3668009665367166 -0.3361633484452448
v -0.29979005086878896 0.3706899335661861 -0.47612436810300046
v -0.09267706500888438 0.3668009665367166 -0.3361633484452448
v -0.29979005086878896 0.3706899335661861 -0.47612436810300046
vt 0 1
vt 0.03125 1
vt 0.03125 1
vt 0 1
vt 0 1
vt 0.03125 1
vt 0.03125 1
vt 0 1
vt 0 1
vt 0.03125 1
vt 0.03125 1
vt 0 1
vt 0 1
vt 0.03125 1
vt 0.03125 1
vt 0 1
vt 0.2421875 0.25
vt 0.484375 0.25
vt 0.484375 0.5
vt 0.2421875 0.5
vt 0 1
vt 0.03125 1
vt 0.03125 0.96875
vt 0 0.96875
vn 0.8284519434396184 -0.015555868117878043 0.5598440786310227
vn -0.5597708784717579 -0.055122740470283045 0.8268119780808709
vn -0.8284519434396184 0.015555868117878043 -0.5598440786310227
vn 0.5597708784717579 0.055122740470283045 -0.8268119780808709
vn -0.017998361760894668 0.998358401802752 0.0543742634320591
vn 0.017998361760894668 -0.998358401802752 -0.0543742634320591
g Frond
f 92/268/67 95/267/67 93/266/67 90/265/67
f 91/272/68 92/271/68 90/270/68 89/269/68
f 96/276/69 91/275/69 89/274/69 94/273/69
f 95/280/70 96/279/70 94/278/70 93/277/70
f 94/284/71 89/283/71 90/282/71 93/281/71
f 95/288/72 92/287/72 91/286/72 96/285/72
o cube
v -0.3624390743121475 0.22465648336156652 0.041646105441243586
v -0.15142836872049548 0.1795819720476295 0.16791078995565134
v -0.3624390743121475 0.22465648336156652 0.041646105441243586
v -0.15142836872049548 0.1795819720476295 0.16791078995565134
v -0.02145774456893984 0.30612606788075386 -0.004118941972966458
v -0.23246845016059187 0.3512005791946909 -0.1303836264873742
v -0.02145774456893984 0.30612606788075386 -0.004118941972966458
v -0.23246845016059187 0.3512005791946909 -0.1303836264873742
vt 0 1
vt 0.03125 1
vt 0.03125 1
vt 0 1
vt 0 1
vt 0.03125 1
vt 0.03125 1
vt 0 1
vt 0 1
vt 0.03125 1
vt 0.03125 1
vt 0 1
vt 0 1
vt 0.03125 1
vt 0.03125 1
vt 0 1
vt 0.4921875 0
vt 0.734375 0
vt 0.734375 0.25
vt 0.4921875 0.25
vt 0 1
vt 0.03125 1
vt 0.03125 0.96875
vt 0 0.96875
vn 0.8440428223666081 -0.18029804525574805 0.5050587380576311
vn -0.5198824966062225 -0.5061763833324974 0.6881189277144714
vn -0.8440428223666081 0.18029804525574805 -0.5050587380576311
vn 0.5198824966062225 0.5061763833324974 -0.6881189277144714
vn -0.13158230783008626 0.8433730395461958 0.5209683411040633
vn 0.13158230783008626 -0.8433730395461958 -0.5209683411040633
g Frond
f 100/292/73 103/291/73 101/290/73 98/289/73
f 99/296/74 100/295/74 98/294/74 97/293/74
f 104/300/75 99/299/75 97/298/75 102/297/75
f 103/304/76 104/303/76 102/302/76 101/301/76
f 102/308/77 97/307/77 98/306/77 101/305/77
f 103/312/78 100/311/78 99/310/78 104/309/78
o cube
v -0.5586595830161004 0.22019010740485964 -0.09723349535159362
v -0.35154659715619585 0.21630114037539017 0.04272752430616204
v -0.5586595830161004 0.22019010740485964 -0.09723349535159362
v -0.35154659715619585 0.21630114037539017 0.04272752430616204
v -0.23260244211248915 0.35303036399410453 -0.1294857370576547
v -0.43971542797239377 0.35691933102357404 -0.2694467567154104
v -0.23260244211248915 0.35303036399410453 -0.1294857370576547
v -0.43971542797239377 0.35691933102357404 -0.2694467567154104
vt 0 1
vt 0.03125 1
vt 0.03125 1
vt 0 1
vt 0 1
vt 0.03125 1
vt 0.03125 1
vt 0 1
vt 0 1
vt 0.03125 1
vt 0.03125 1
vt 0 1
vt 0 1
vt 0.03125 1
vt 0.03125 1
vt 0 1
vt 0.4921875 0.25
vt 0.734375 0.25
vt 0.734375 0.5
vt 0.4921875 0.5
vt 0 1
vt 0.03125 1
vt 0.03125 0.96875
vt 0 0.96875
vn 0.8284519434396181 -0.015555868117877958 0.5598440786310227
vn -0.47577662017482664 -0.5469168944748576 0.6888530454552672
vn -0.8284519434396181 0.015555868117877958 -0.5598440786310227
vn 0.47577662017482664 0.5469168944748576 -0.6888530454552672
vn -0.29547247774731616 0.8370423678076737 0.4604954824846657
vn 0.29547247774731616 -0.8370423678076737 -0.4604954824846657
g Frond
f 108/316/79 111/315/79 109/314/79 106/313/79
f 107/320/80 108/319/80 106/318/80 105/317/80
f 112/324/81 107/323/81 105/322/81 110/321/81
f 111/328/82 112/327/82 110/326/82 109/325/82
f 110/332/83 105/331/83 106/330/83 109/329/83
f 111/336/84 108/335/84 107/334/84 112/333/84
o cube
v -0.7246231354380468 0.14827272441719974 -0.2525989677096536
v -0.5311996678701334 0.1958843186598015 -0.10153441764021397
v -0.7246231354380468 0.14827272441719974 -0.2525989677096536
v -0.5311996678701334 0.1958843186598015 -0.10153441764021397
v -0.43970156486313894 0.3569253492482488 -0.269444761613217
v -0.6331250324310522 0.30931375500564706 -0.4205093116826567
v -0.43970156486313894 0.3569253492482488 -0.269444761613217
v -0.6331250324310522 0.30931375500564706 -0.4205093116826567
vt 0 1
vt 0.03125 1
vt 0.03125 1
vt 0 1
vt 0 1
vt 0.03125 1
vt 0.03125 1
vt 0 1
vt 0 1
vt 0.03125 1
vt 0.03125 1
vt 0 1
vt 0 1
vt 0.03125 1
vt 0.03125 1
vt 0 1
vt 0.4921875 0.5
vt 0.734375 0.5
vt 0.734375 0.75
vt 0.4921875 0.75
vt 0 1
vt 0.03125 1
vt 0.03125 0.96875
vt 0 0.96875
vn 0.7736938702716532 0.19044637697040698 0.6042582002777591
vn -0.3659924120279781 -0.6441641223537892 0.6716413758920122
vn -0.7736938702716532 -0.19044637697040698 -0.6042582002777591
vn 0.3659924120279781 0.6441641223537892 -0.6716413758920122
vn -0.5171531199190557 0.7407987317558111 0.4286839040446571
vn 0.5171531199190557 -0.7407987317558111 -0.4286839040446571
g Frond
f 116/340/85 119/339/85 117/338/85 114/337/85
f 115/344/86 116/343/86 114/342/86 113/341/86
f 120/348/87 115/347/87 113/346/87 118/345/87
f 119/352/88 120/351/88 118/350/88 117/349/88
f 118/356/89 113/355/89 114/354/89 117/353/89
f 119/360/90 116/359/90 115/358/90 120/357/90
o cube
v -0.23261991578162122 0.3530243704741136 -0.1294794356705678
v -0.021609210189969225 0.3079498591601766 -0.003214751156160045
v -0.23261991578162122 0.3530243704741136 -0.1294794356705678
v -0.021609210189969225 0.3079498591601766 -0.003214751156160045
v -0.014908724821018904 0.31184534224593585 -0.013021825508332835
v -0.22591943041267093 0.3569198535598729 -0.13928651002274062
v -0.014908724821018904 0.31184534224593585 -0.013021825508332835
v -0.22591943041267093 0.3569198535598729 -0.13928651002274062
vt 0 1
vt 0.03125 1
vt 0.03125 1
vt 0 1
vt 0 1
vt 0.03125 1
vt 0.03125 1
vt 0 1
vt 0 1
vt 0.03125 1
vt 0.03125 1
vt 0 1
vt 0 1
vt 0.03125 1
vt 0.03125 1
vt 0 1
vt 0.4921875 0.25
vt 0.484375 0.25
vt 0.484375 0
vt 0.4921875 0
vt 0 1
vt 0.03125 1
vt 0.03125 0.96875
vt 0 0.96875
vn 0.844042822366608 -0.18029804525574808 0.5050587380576311
vn -0.5360388295160259 -0.3116386468607431 0.7845659481738259
vn -0.844042822366608 0.18029804525574808 -0.5050587380576311
vn 0.5360388295160259 0.3116386468607431 -0.7845659481738259
vn -0.01594011488351124 0.9329383520146235 0.35968311619777094
vn 0.01594011488351124 -0.9329383520146235 -0.35968311619777094
g Frond
f 124/364/91 127/363/91 125/362/91 122/361/91
f 123/368/92 124/367/92 122/366/92 121/365/92
f 128/372/93 123/371/93 121/370/93 126/369/93
f 127/376/94 128/375/94 126/374/94 125/373/94
f 126/380/95 121/379/95 122/378/95 125/377/95
f 127/384/96 124/383/96 123/382/96 128/381/96
o cube
v -0.439723756370353 0.35691226656621183 -0.2694346323952833
v -0.23261077051044843 0.3530232995367423 -0.12947361273752764
v -0.439723756370353 0.35691226656621183 -0.2694346323952833
v -0.23261077051044843 0.3530232995367423 -0.12947361273752764
v -0.22591028514149813 0.35691878262250154 -0.1392806870897004
v -0.4330232710014027 0.3608077496519711 -0.2792417067474561
v -0.22591028514149813 0.35691878262250154 -0.1392806870897004
v -0.4330232710014027 0.3608077496519711 -0.2792417067474561
vt 0 1
vt 0.03125 1
vt 0.03125 1
vt 0 1
vt 0 1
vt 0.03125 1
vt 0.03125 1
vt 0 1
vt 0 1
vt 0.03125 1
vt 0.03125 1
vt 0 1
vt 0 1
vt 0.03125 1
vt 0.03125 1
vt 0 1
vt 0.4921875 0.25
vt 0.484375 0.25
vt 0.484375 0
vt 0.4921875 0
vt 0 1
vt 0.03125 1
vt 0.03125 0.96875
vt 0 0.96875
vn 0.8284519434396183 -0.015555868117878152 0.5598440786310226
vn -0.5360388295160259 -0.311638646860743 0.7845659481738257
vn -0.8284519434396183 0.015555868117878152 -0.5598440786310226
vn 0.5360388295160259 0.311638646860743 -0.7845659481738257
vn -0.16226444669800122 0.9500733491420041 0.26651619198068854
vn 0.16226444669800122 -0.9500733491420041 -0.26651619198068854
g Frond
f 132/388/97 135/387/97 133/386/97 130/385/97
f 131/392/98 132/391/98 130/390/98 129/389/98
f 136/396/99 131/395/99 129/394/99 134/393/99
f 135/400/100 136/399/100 134/398/100 133/397/100
f 134/404/101 129/403/101 130/402/101 133/401/101
f 135/408/102 132/407/102 131/406/102 136/405/102
o cube
v -0.6331362574687758 0.30930186942528026 -0.4204912143434594
v -0.43971278990086254 0.356913463667882 -0.26942666427401973
v -0.6331362574687758 0.30930186942528026 -0.4204912143434594
v -0.43971278990086254 0.356913463667882 -0.26942666427401973
v -0.43301230453191225 0.3608089467536413 -0.2792337386261925
v -0.6264357720998255 0.31319735251103953 -0.43029828869563225
v -0.43301230453191225 0.3608089467536413 -0.2792337386261925
v -0.6264357720998255 0.31319735251103953 -0.43029828869563225
vt 0 1
vt 0.03125 1
vt 0.03125 1
vt 0 1
vt 0 1
vt 0.03125 1
vt 0.03125 1
vt 0 1
vt 0 1
vt 0.03125 1
vt 0.03125 1
vt 0 1
vt 0 1
vt 0.03125 1
vt 0.03125 1
vt 0 1
vt 0.4921875 0.5078125
vt 0.484375 0.5078125
vt 0.484375 0.7421875
vt 0.4921875 0.7421875
vt 0 1
vt 0.03125 1
vt 0.03125 0.96875
vt 0 0.96875
vn 0.7736938702716529 0.19044637697040703 0.604258200277759
vn -0.5360388295160258 -0.31163864686074294 0.7845659481738256
vn -0.7736938702716529 -0.19044637697040703 -0.604258200277759
vn 0.5360388295160258 0.31163864686074294 -0.7845659481738256
vn -0.3377279502131259 0.9309197233283066 0.1390262578191244
vn 0.3377279502131259 -0.9309197233283066 -0.1390262578191244
g Frond
f 140/412/103 143/411/103 141/410/103 138/409/103
f 139/416/104 140/415/104 138/414/104 137/413/104
f 144/420/105 139/419/105 137/418/105 142/417/105
f 143/424/106 144/423/106 142/422/106 141/421/106
f 142/428/107 137/427/107 138/426/107 141/425/107
f 143/432/108 140/431/108 139/430/108 144/429/108
o cube
v -0.22759455175490853 0.35594598278843304 -0.13683474143469737
v -0.016583846163256505 0.310871471474496 -0.010570056920289617
v -0.22759455175490853 0.35594598278843304 -0.13683474143469737
v -0.016583846163256505 0.310871471474496 -0.010570056920289617
v 0.11511181414405722 0.33645315893857286 -0.22152462625385708
v -0.09589889144759481 0.3815276702525099 -0.34778931076826486
v 0.11511181414405722 0.33645315893857286 -0.22152462625385708
v -0.09589889144759481 0.3815276702525099 -0.34778931076826486
vt 0 1
vt 0.03125 1
vt 0.03125 1
vt 0 1
vt 0 1
vt 0.03125 1
vt 0.03125 1
vt 0 1
vt 0 1
vt 0.03125 1
vt 0.03125 1
vt 0 1
vt 0 1
vt 0.03125 1
vt 0.03125 1
vt 0 1
vt 0.2421875 0
vt 0.484375 0
vt 0.484375 0.25
vt 0.2421875 0.25
vt 0 1
vt 0.03125 1
vt 0.03125 0.96875
vt 0 0.96875
vn 0.8440428223666082 -0.1802980452557481 0.5050587380576311
vn -0.5267826412292549 -0.10232674985630735 0.84381827733427
vn -0.8440428223666082 0.1802980452557481 -0.5050587380576311
vn 0.5267826412292549 0.10232674985630735 -0.84381827733427
vn 0.10045776680247612 0.9782749363756597 0.18134603924061427
vn -0.10045776680247612 -0.9782749363756597 -0.18134603924061427
g Frond
f 148/436/109 151/435/109 149/434/109 146/433/109
f 147/440/110 148/439/110 146/438/110 145/437/110
f 152/444/111 147/443/111 145/442/111 150/441/111
f 151/448/112 152/447/112 150/446/112 149/445/112
f 150/452/113 145/451/113 146/450/113 149/449/113
f 151/456/114 148/455/114 147/454/114 152/453/114
o cube
v -0.6331506742893435 0.309298847353954 -0.42047178127458607
v -0.4397272067214302 0.3569104415965557 -0.2694072312051463
v -0.6331506742893435 0.309298847353954 -0.42047178127458607
v -0.4397272067214302 0.3569104415965557 -0.2694072312051463
v -0.28360765811784305 0.339827694695185 -0.4639190979436975
v -0.47703112568575634 0.2922161004525833 -0.6149836480131372
v -0.28360765811784305 0.339827694695185 -0.4639190979436975
v -0.47703112568575634 0.2922161004525833 -0.6149836480131372
vt 0 1
vt 0.03125 1
vt 0.03125 1
vt 0 1
vt 0 1
vt 0.03125 1
vt 0.03125 1
vt 0 1
vt 0 1
vt 0.03125 1
vt 0.03125 1
vt 0 1
vt 0 1
vt 0.03125 1
vt 0.03125 1
vt 0 1
vt 0.2421875 0.5
vt 0.484375 0.5
vt 0.484375 0.75
vt 0.2421875 0.75
vt 0 1
vt 0.03125 1
vt 0.03125 0.96875
vt 0 0.96875
vn 0.773693870271653 0.19044637697040678 0.604258200277759
vn -0.6244781944143484 0.0683309876054829 0.778047466954205
vn -0.773693870271653 -0.19044637697040678 -0.604258200277759
vn 0.6244781944143484 -0.0683309876054829 -0.778047466954205
vn -0.1068867615987397 0.9793166258323736 -0.1717968758832044
vn 0.1068867615987397 -0.9793166258323736 0.1717968758832044
g Frond
f 156/460/115 159/459/115 157/458/115 154/457/115
f 155/464/116 156/463/116 154/462/116 153/461/116
f 160/468/117 155/467/117 153/466/117 158/465/117
f 159/472/118 160/471/118 158/470/118 157/469/118
f 158/476/119 153/475/119 154/474/119 157/473/119
f 159/480/120 156/479/120 155/478/120 160/477/120
o cube
v 0.5142430574904213 -0.1774819169803055 -0.45368025323605815
v 0.321586975752549 -0.03392874743092558 -0.3845707627030113
v 0.5142430574904213 -0.1774819169803055 -0.45368025323605815
v 0.321586975752549 -0.03392874743092558 -0.3845707627030113
v 0.47398884234937494 0.10050460216995202 -0.23896394427443804
v 0.6666449240872472 -0.04304856737942789 -0.30807343480748484
v 0.47398884234937494 0.10050460216995202 -0.23896394427443804
v 0.6666449240872472 -0.04304856737942789 -0.30807343480748484
vt 0 1
vt 0.03125 1
vt 0.03125 1
vt 0 1
vt 0 1
vt 0.03125 1
vt 0.03125 1
vt 0 1
vt 0 1
vt 0.03125 1
vt 0.03125 1
vt 0 1
vt 0 1
vt 0.03125 1
vt 0.03125 1
vt 0 1
vt 0.4921875 0.5
vt 0.734375 0.5
vt 0.734375 0.75
vt 0.4921875 0.75
vt 0 1
vt 0.03125 1
vt 0.03125 0.96875
vt 0 0.96875
vn -0.770624326951489 0.5742126781975196 0.2764379621321874
vn -0.6096074663873037 -0.5377333984035103 -0.5824272737142931
vn 0.770624326951489 -0.5742126781975196 -0.2764379621321874
vn 0.6096074663873037 0.5377333984035103 0.5824272737142931
vn 0.18578719986968212 0.6173512715129398 -0.7644347741475002
vn -0.18578719986968212 -0.6173512715129398 0.7644347741475002
g Frond
f 164/484/121 167/483/121 165/482/121 162/481/121
f 163/488/122 164/487/122 162/486/122 161/485/122
f 168/492/123 163/491/123 161/490/123 166/489/123
f 167/496/124 168/495/124 166/494/124 165/493/124
f 166/500/125 161/499/125 162/498/125 165/497/125
f 167/504/126 164/503/126 163/502/126 168/501/126
o cube
v 0.1395479955126065 0.0825112736940824 -0.3287839475657538
v -0.0771831754598856 0.14088314182002232 -0.21869160205354168
v 0.1395479955126065 0.0825112736940824 -0.3287839475657538
v -0.0771831754598856 0.14088314182002232 -0.21869160205354168
v 0.04721281091659223 0.255167046866678 -0.034396112090520174
v 0.2639439818890843 0.1967951787407381 -0.14448845760273227
v 0.04721281091659223 0.255167046866678 -0.034396112090520174
v 0.2639439818890843 0.1967951787407381 -0.14448845760273227
vt 0 1
vt 0.03125 1
vt 0.03125 1
vt 0 1
vt 0 1
vt 0.03125 1
vt 0.03125 1
vt 0 1
vt 0 1
vt 0.03125 1
vt 0.03125 1
vt 0 1
vt 0 1
vt 0.03125 1
vt 0.03125 1
vt 0 1
vt 0.4921875 0
vt 0.734375 0
vt 0.734375 0.25
vt 0.4921875 0.25
vt 0 1
vt 0.03125 1
vt 0.03125 0.96875
vt 0 0.96875
vn -0.8669246838899682 0.23348747250375954 0.4403693820488484
vn -0.497583945505911 -0.4571356201866228 -0.7371819598520859
vn 0.8669246838899682 -0.23348747250375954 -0.4403693820488484
vn 0.497583945505911 0.4571356201866228 0.7371819598520859
vn -0.02918577799286859 0.8582019721140228 -0.5124817708197562
vn 0.02918577799286859 -0.8582019721140228 0.5124817708197562
g Frond
f 172/508/127 175/507/127 173/506/127 170/505/127
f 171/512/128 172/511/128 170/510/128 169/509/128
f 176/516/129 171/515/129 169/514/129 174/513/129
f 175/520/130 176/519/130 174/518/130 173/517/130
f 174/524/131 169/523/131 170/522/131 173/521/131
f 175/528/132 172/527/132 171/526/132 176/525/132
o cube
v 0.3403725125963112 -0.019495227729408954 -0.4128920153835238
v 0.13037233572112594 0.07865830523240255 -0.31926611256007703
v 0.3403725125963112 -0.019495227729408954 -0.4128920153835238
v 0.13037233572112594 0.07865830523240255 -0.31926611256007703
v 0.26399444866998617 0.19864767910115225 -0.14534750777707095
v 0.4739946255451714 0.10049414613934074 -0.23897341060051772
v 0.26399444866998617 0.19864767910115225 -0.14534750777707095
v 0.4739946255451714 0.10049414613934074 -0.23897341060051772
vt 0 1
vt 0.03125 1
vt 0.03125 1
vt 0 1
vt 0 1
vt 0.03125 1
vt 0.03125 1
vt 0 1
vt 0 1
vt 0.03125 1
vt 0.03125 1
vt 0 1
vt 0 1
vt 0.03125 1
vt 0.03125 1
vt 0 1
vt 0.4921875 0.25
vt 0.734375 0.25
vt 0.734375 0.5
vt 0.4921875 0.5
vt 0 1
vt 0.03125 1
vt 0.03125 0.96875
vt 0 0.96875
vn -0.840000707500741 0.39261413184724603 0.3745036112937872
vn -0.5344884517954407 -0.4799574954749988 -0.6956744191320243
vn 0.840000707500741 -0.39261413184724603 -0.3745036112937872
vn 0.5344884517954407 0.4799574954749988 0.6956744191320243
vn 0.0933857927929484 0.7845348596532853 -0.6130123552533282
vn -0.0933857927929484 -0.7845348596532853 0.6130123552533282
g Frond
f 180/532/133 183/531/133 181/530/133 178/529/133
f 179/536/134 180/535/134 178/534/134 177/533/134
f 184/540/135 179/539/135 177/538/135 182/537/135
f 183/544/136 184/543/136 182/542/136 181/541/136
f 182/548/137 177/547/137 178/546/137 181/545/137
f 183/552/138 180/551/138 179/550/138 184/549/138
o cube
v 0.2639953359620241 0.19863816164397008 -0.14536452510928438
v 0.04726416498953201 0.25701002976990994 -0.035272179597072295
v 0.2639953359620241 0.19863816164397008 -0.14536452510928438
v 0.04726416498953201 0.25701002976990994 -0.035272179597072295
v 0.053415492211102755 0.26026691448460015 -0.024889315090185063
v 0.27014666318359487 0.20189504635866026 -0.13498166060239714
v 0.053415492211102755 0.26026691448460015 -0.024889315090185063
v 0.27014666318359487 0.20189504635866026 -0.13498166060239714
vt 0 1
vt 0.03125 1
vt 0.03125 1
vt 0 1
vt 0 1
vt 0.03125 1
vt 0.03125 1
vt 0 1
vt 0 1
vt 0.03125 1
vt 0.03125 1
vt 0 1
vt 0 1
vt 0.03125 1
vt 0.03125 1
vt 0 1
vt 0.4921875 0.25
vt 0.484375 0.25
vt 0.484375 0
vt 0.4921875 0
vt 0 1
vt 0.03125 1
vt 0.03125 0.96875
vt 0 0.96875
vn -0.8669246838899684 0.23348747250375956 0.4403693820488485
vn -0.4921061777256631 -0.2605507771752166 -0.8306291605509819
vn 0.8669246838899684 -0.23348747250375956 -0.4403693820488485
vn 0.4921061777256631 0.2605507771752166 0.8306291605509819
vn 0.07920291854797096 0.9368014158279208 -0.3407785277805612
vn -0.07920291854797096 -0.9368014158279208 0.3407785277805612
g Frond
f 188/556/139 191/555/139 189/554/139 186/553/139
f 187/560/140 188/559/140 186/558/140 185/557/140
f 192/564/141 187/563/141 185/562/141 190/561/141
f 191/568/142 192/567/142 190/566/142 189/565/142
f 190/572/143 185/571/143 186/570/143 189/569/143
f 191/576/144 188/575/144 187/574/144 192/573/144
o cube
v 0.47398617929793907 0.10048805223185842 -0.2389859721731989
v 0.26398600242275383 0.1986415851936699 -0.1453600693497521
v 0.47398617929793907 0.10048805223185842 -0.2389859721731989
v 0.26398600242275383 0.1986415851936699 -0.1453600693497521
v 0.2701373296443246 0.20189846990836008 -0.13497720484286485
v 0.4801375065195098 0.10374493694654863 -0.22860310766631164
v 0.2701373296443246 0.20189846990836008 -0.13497720484286485
v 0.4801375065195098 0.10374493694654863 -0.22860310766631164
vt 0 1
vt 0.03125 1
vt 0.03125 1
vt 0 1
vt 0 1
vt 0.03125 1
vt 0.03125 1
vt 0 1
vt 0 1
vt 0.03125 1
vt 0.03125 1
vt 0 1
vt 0 1
vt 0.03125 1
vt 0.03125 1
vt 0 1
vt 0.4921875 0.25
vt 0.484375 0.25
vt 0.484375 0
vt 0.4921875 0
vt 0 1
vt 0.03125 1
vt 0.03125 0.96875
vt 0 0.96875
vn -0.8400007075007411 0.3926141318472458 0.37450361129378723
vn -0.4921061777256632 -0.2605507771752166 -0.830629160550982
vn 0.8400007075007411 -0.3926141318472458 -0.37450361129378723
vn 0.4921061777256632 0.2605507771752166 0.830629160550982
vn 0.22853953977920888 0.8820246232318145 -0.4120706769114777
vn -0.22853953977920888 -0.8820246232318145 0.4120706769114777
g Frond
f 196/580/145 199/579/145 197/578/145 194/577/145
f 195/584/146 196/583/146 194/582/146 193/581/146
f 200/588/147 195/587/147 193/586/147 198/585/147
f 199/592/148 200/591/148 198/590/148 197/589/148
f 198/596/149 193/595/149 194/594/149 197/593/149
f 199/600/150 196/599/150 195/598/150 200/597/150
o cube
v 0.6666312365272119 -0.04305849951992513 -0.30809100709999304
v 0.4739751547893396 0.10049467002945478 -0.2389815165669463
v 0.6666312365272119 -0.04305849951992513 -0.30809100709999304
v 0.4739751547893396 0.10049467002945478 -0.2389815165669463
v 0.48012648201091035 0.10375155474414499 -0.22859865206005908
v 0.6727825637487826 -0.03980161480523492 -0.29770814259310585
v 0.48012648201091035 0.10375155474414499 -0.22859865206005908
v 0.6727825637487826 -0.03980161480523492 -0.29770814259310585
vt 0 1
vt 0.03125 1
vt 0.03125 1
vt 0 1
vt 0 1
vt 0.03125 1
vt 0.03125 1
vt 0 1
vt 0 1
vt 0.03125 1
vt 0.03125 1
vt 0 1
vt 0 1
vt 0.03125 1
vt 0.03125 1
vt 0 1
vt 0.4921875 0.5078125
vt 0.484375 0.5078125
vt 0.484375 0.7421875
vt 0.4921875 0.7421875
vt 0 1
vt 0.03125 1
vt 0.03125 0.96875
vt 0 0.96875
vn -0.7706243269514889 0.5742126781975196 0.27643796213218713
vn -0.4921061777256631 -0.2605507771752166 -0.8306291605509818
vn 0.7706243269514889 -0.5742126781975196 -0.27643796213218713
vn 0.4921061777256631 0.2605507771752166 0.8306291605509818
vn 0.40493166899466243 0.7761398667190227 -0.48336037356673633
vn -0.40493166899466243 -0.7761398667190227 0.48336037356673633
g Frond
f 204/604/151 207/603/151 205/602/151 202/601/151
f 203/608/152 204/607/152 202/606/152 201/605/152
f 208/612/153 203/611/153 201/610/153 206/609/153
f 207/616/154 208/615/154 206/614/154 205/613/154
f 206/620/155 201/619/155 202/618/155 205/617/155
f 207/624/156 204/623/156 203/622/156 208/621/156
o cube
v 0.26860883137820224 0.2010808251799877 -0.13757737672911896
v 0.05187766040571014 0.2594526933059276 -0.027485031216906874
v 0.26860883137820224 0.2010808251799877 -0.13757737672911896
v 0.05187766040571014 0.2594526933059276 -0.027485031216906874
v 0.167702322225541 0.27235612996335157 0.1936894452417244
v 0.3844334931980331 0.2139842618374117 0.08359709972951235
v 0.167702322225541 0.27235612996335157 0.1936894452417244
v 0.3844334931980331 0.2139842618374117 0.08359709972951235
vt 0 1
vt 0.03125 1
vt 0.03125 1
vt 0 1
vt 0 1
vt 0.03125 1
vt 0.03125 1
vt 0 1
vt 0 1
vt 0.03125 1
vt 0.03125 1
vt 0 1
vt 0 1
vt 0.03125 1
vt 0.03125 1
vt 0 1
vt 0.2421875 0
vt 0.484375 0
vt 0.484375 0.25
vt 0.2421875 0.25
vt 0 1
vt 0.03125 1
vt 0.03125 0.96875
vt 0 0.96875
vn -0.8669246838899682 0.23348747250375956 0.4403693820488485
vn -0.46329864727932335 -0.05161374662969609 -0.8846979058345253
vn 0.8669246838899682 -0.23348747250375956 -0.4403693820488485
vn 0.46329864727932335 0.05161374662969609 0.8846979058345253
vn 0.18383676425412732 0.970988991360176 -0.15291966114898622
vn -0.18383676425412732 -0.970988991360176 0.15291966114898622
g Frond
f 212/628/157 215/627/157 213/626/157 210/625/157
f 211/632/158 212/631/158 210/630/158 209/629/158
f 216/636/159 211/635/159 209/634/159 214/633/159
f 215/640/160 216/639/160 214/638/160 213/637/160
f 214/644/161 209/643/161 210/642/161 213/641/161
f 215/648/162 212/647/162 211/646/162 216/645/162
o cube
v 0.4739787043516262 0.10048571642305565 -0.23900028400786927
v 0.2639785274764409 0.19863924938486713 -0.1453743811844225
v 0.4739787043516262 0.10048571642305565 -0.23900028400786927
v 0.2639785274764409 0.19863924938486713 -0.1453743811844225
v 0.36802544769838896 0.2044862378827324 0.08187009315507256
v 0.5780256245735742 0.10633270492092092 -0.01175580966837421
v 0.36802544769838896 0.2044862378827324 0.08187009315507256
v 0.5780256245735742 0.10633270492092092 -0.01175580966837421
vt 0 1
vt 0.03125 1
vt 0.03125 1
vt 0 1
vt 0 1
vt 0.03125 1
vt 0.03125 1
vt 0 1
vt 0 1
vt 0.03125 1
vt 0.03125 1
vt 0 1
vt 0 1
vt 0.03125 1
vt 0.03125 1
vt 0 1
vt 0.2421875 0.25
vt 0.484375 0.25
vt 0.484375 0.5
vt 0.2421875 0.5
vt 0 1
vt 0.03125 1
vt 0.03125 0.96875
vt 0 0.96875
vn -0.8400007075007409 0.3926141318472458 0.37450361129378723
vn -0.4161876808877919 -0.0233879539914611 -0.9089778973579804
vn 0.8400007075007409 -0.3926141318472458 -0.37450361129378723
vn 0.4161876808877919 0.0233879539914611 0.9089778973579804
vn 0.34811869480896335 0.9194058663517037 -0.1830470629171012
vn -0.34811869480896335 -0.9194058663517037 0.1830470629171012
g Frond
f 220/652/163 223/651/163 221/650/163 218/649/163
f 219/656/164 220/655/164 218/654/164 217/653/164
f 224/660/165 219/659/165 217/658/165 222/657/165
f 223/664/166 224/663/166 222/662/166 221/661/166
f 222/668/167 217/667/167 218/666/167 221/665/167
f 223/672/168 220/671/168 219/670/168 224/669/168
o cube
v 0.6666213836815598 -0.04306103117420154 -0.30811316864225446
