# Made in Blockbench 5.0.4

o cube
v 1.0606601717798212 3 -1.0606601717798214
v 1.0606601717798212 3 -1.0606601717798214
v 1.0606601717798212 0 -1.0606601717798214
v 1.0606601717798212 0 -1.0606601717798214
v -1.0606601717798212 3 1.0606601717798214
v -1.0606601717798212 3 1.0606601717798214
v -1.0606601717798212 0 1.0606601717798214
v -1.0606601717798212 0 1.0606601717798214
vt 0 1
vt 1 1
vt 1 0
vt 0 0
vt 0 1
vt 0 1
vt 0 0.75
vt 0 0.75
vt 0 1
vt 0 1
vt 0 1
vt 0 1
vt 0 1
vt 0 1
vt 0 0.75
vt 0 0.75
vt 0 1
vt 0.25 1
vt 0.25 1
vt 0 1
vt 0 1
vt 0.25 1
vt 0.25 1
vt 0 1
vn -0.7071067811865476 0 -0.7071067811865475
vn 0.7071067811865475 0 -0.7071067811865476
vn 0.7071067811865476 0 0.7071067811865475
vn -0.7071067811865475 0 0.7071067811865476
vn 0 1 0
vn 0 -1 0
g Stem
f 4/4/1 7/3/1 5/2/1 2/1/1
f 3/8/2 4/7/2 2/6/2 1/5/2
f 8/12/3 3/11/3 1/10/3 6/9/3
f 7/16/4 8/15/4 6/14/4 5/13/4
f 6/20/5 1/19/5 2/18/5 5/17/5
f 7/24/6 4/23/6 3/22/6 8/21/6
o cube
v -1.0606601717798212 3 -1.0606601717798212
v -1.0606601717798212 3 -1.0606601717798212
v -1.0606601717798212 0 -1.0606601717798214
v -1.0606601717798212 0 -1.0606601717798214
v 1.0606601717798212 3 1.0606601717798216
v 1.0606601717798212 3 1.0606601717798216
v 1.0606601717798212 0 1.0606601717798214
v 1.0606601717798212 0 1.0606601717798214
vt 0 1
vt 1 1
vt 1 0
vt 0 0
vt 0 1
vt 0 1
vt 0 0.75
vt 0 0.75
vt 0 1
vt 0 1
vt 0 1
vt 0 1
vt 0 1
vt 0 1
vt 0 0.75
vt 0 0.75
vt 0 1
vt 0.25 1
vt 0.25 1
vt 0 1
vt 0 1
vt 0.25 1
vt 0.25 1
vt 0 1
vn -0.7071067811865476 0 0.7071067811865475
vn -0.7071067811865475 0 -0.7071067811865476
vn 0.7071067811865476 0 -0.7071067811865475
vn 0.7071067811865475 0 0.7071067811865476
vn 0 1 0
vn 0 -1 0
g Stem
f 12/28/7 15/27/7 13/26/7 10/25/7
f 11/32/8 12/31/8 10/30/8 9/29/8
f 16/36/9 11/35/9 9/34/9 14/33/9
f 15/40/10 16/39/10 14/38/10 13/37/10
f 14/44/11 9/43/11 10/42/11 13/41/11
f 15/48/12 12/47/12 11/46/12 16/45/12
o cube
v 1.0441941738241591 1.9375 1.0441941738241594
v 1.0441941738241591 1.9375 1.0441941738241594
v 1.0441941738241591 1 1.0441941738241591
v 1.0441941738241591 1 1.0441941738241591
v 1.7071067811865475 1.9375 1.7071067811865477
v 1.7071067811865475 1.9375 1.7071067811865477
v 1.7071067811865475 0.9999999999999999 1.7071067811865475
v 1.7071067811865475 0.9999999999999999 1.7071067811865475
vt 0 1
vt 1 1
vt 1 0
vt 0 0
vt 0 1
vt 0 1
vt 0 0.5
vt 0 0.5
vt 0 1
vt 0 1
vt 0 1
vt 0 1
vt 0 1
vt 0 1
vt 0 0.5
vt 0 0.5
vt 0 1
vt 0.5 1
vt 0.5 1
vt 0 1
vt 0 1
vt 0.5 1
vt 0.5 1
vt 0 1
vn -0.7071067811865476 0 0.7071067811865475
vn -0.7071067811865475 0 -0.7071067811865476
vn 0.7071067811865476 0 -0.7071067811865475
vn 0.7071067811865475 0 0.7071067811865476
vn 0 1 0
vn 0 -1 0
g Fruit
f 20/52/13 23/51/13 21/50/13 18/49/13
f 19/56/14 20/55/14 18/54/14 17/53/14
f 24/60/15 19/59/15 17/58/15 22/57/15
f 23/64/16 24/63/16 22/62/16 21/61/16
f 22/68/17 17/67/17 18/66/17 21/65/17
f 23/72/18 20/71/18 19/70/18 24/69/18
o cube
v -0.7013228576348108 1.6875 0.8760562578276397
v -0.7013228576348108 1.6875 0.8760562578276397
v -0.7013228576348108 0.75 0.8760562578276397
v -0.7013228576348108 0.75 0.8760562578276397
v -1.2720366973304862 1.6875 1.6198250143506727
v -1.2720366973304862 1.6875 1.6198250143506727
v -1.2720366973304862 0.75 1.6198250143506727
v -1.2720366973304862 0.75 1.6198250143506727
vt 0 1
vt 1 1
vt 1 0
vt 0 0
vt 0 1
vt 0 1
vt 0 0.5
vt 0 0.5
vt 0 1
vt 0 1
vt 0 1
vt 0 1
vt 0 1
vt 0 1
vt 0 0.5
vt 0 0.5
vt 0 1
vt 0.5 1
vt 0.5 1
vt 0 1
vt 0 1
vt 0.5 1
vt 0.5 1
vt 0 1
vn -0.7933533402912352 0 -0.6087614290087207
vn 0.6087614290087207 0 -0.7933533402912352
vn 0.7933533402912352 0 0.6087614290087207
vn -0.6087614290087207 0 0.7933533402912352
vn 0 1 0
vn 0 -1 0
g Fruit
f 28/76/19 31/75/19 29/74/19 26/73/19
f 27/80/20 28/79/20 26/78/20 25/77/20
f 32/84/21 27/83/21 25/82/21 30/81/21
f 31/88/22 32/87/22 30/86/22 29/85/22
f 30/92/23 25/91/23 26/90/23 29/89/23
f 31/96/24 28/95/24 27/94/24 32/93/24
o cube
v -0.8264405126929047 2.5625 -0.7153746444087994
v -0.8264405126929047 2.5625 -0.7153746444087994
v -0.8264405126929047 1.625 -0.7153746444087994
v -0.8264405126929047 1.625 -0.7153746444087994
v -1.4598063323325858 2.5625 -1.4065721476682904
v -1.4598063323325858 2.5625 -1.4065721476682904
v -1.4598063323325858 1.625 -1.4065721476682904
v -1.4598063323325858 1.625 -1.4065721476682904
vt 0 1
vt 1 1
vt 1 0
vt 0 0
vt 0 1
vt 0 1
vt 0 0.5
vt 0 0.5
vt 0 1
vt 0 1
vt 0 1
vt 0 1
vt 0 1
vt 0 1
vt 0 0.5
vt 0 0.5
vt 0 1
vt 0.5 1
vt 0.5 1
vt 0 1
vt 0 1
vt 0.5 1
vt 0.5 1
vt 0 1
vn 0.7372773368101241 0 -0.6755902076156604
vn 0.6755902076156604 0 0.7372773368101241
vn -0.7372773368101241 0 0.6755902076156604
vn -0.6755902076156604 0 -0.7372773368101241
vn 0 1 0
vn 0 -1 0
g Flower
f 36/100/25 39/99/25 37/98/25 34/97/25
f 35/104/26 36/103/26 34/102/26 33/101/26
f 40/108/27 35/107/27 33/106/27 38/105/27
f 39/112/28 40/111/28 38/110/28 37/109/28
f 38/116/29 33/115/29 34/114/29 37/113/29
f 39/120/30 36/119/30 35/118/30 40/117/30
o cube
v 0.6293868093343058 2.4375 -0.7052596339320156
v 0.6293868093343058 2.4375 -0.7052596339320156
v 0.6293868093343058 1.5 -0.7052596339320156
v 0.6293868093343058 1.5 -0.7052596339320156
v 1.3475534747583477 2.4375 -1.3078730180131464
v 1.3475534747583477 2.4375 -1.3078730180131464
v 1.3475534747583477 1.5 -1.3078730180131464
v 1.3475534747583477 1.5 -1.3078730180131464
vt 0 1
vt 1 1
vt 1 0
vt 0 0
vt 0 1
vt 0 1
vt 0 0.5
vt 0 0.5
vt 0 1
vt 0 1
vt 0 1
vt 0 1
vt 0 1
vt 0 1
vt 0 0.5
vt 0 0.5
vt 0 1
vt 0.5 1
vt 0.5 1
vt 0 1
vt 0 1
vt 0.5 1
vt 0.5 1
vt 0 1
vn 0.6427876096865397 0 0.7660444431189778
vn -0.7660444431189778 0 0.6427876096865397
vn -0.6427876096865397 0 -0.7660444431189778
vn 0.7660444431189778 0 -0.6427876096865397
vn 0 1 0
vn 0 -1 0
g Fruit
f 44/124/31 47/123/31 45/122/31 42/121/31
f 43/128/32 44/127/32 42/126/32 41/125/32
f 48/132/33 43/131/33 41/130/33 46/129/33
f 47/136/34 48/135/34 46/134/34 45/133/34
f 46/140/35 41/139/35 42/138/35 45/137/35
f 47/144/36 44/143/36 43/142/36 48/141/36
o cube
v -0.08886974566744611 3.375 0.03423122345907986
v -0.08886974566744611 3.375 0.03423122345907986
v -0.08886974566744611 2.4375 0.03423122345907986
v -0.08886974566744611 2.4375 0.03423122345907986
v -1.012127014116391 3.375 -0.1285639431036673
v -1.012127014116391 3.375 -0.1285639431036673
v -1.012127014116391 2.4375 -0.1285639431036673
v -1.012127014116391 2.4375 -0.1285639431036673
vt 0 1
vt 1 1
vt 1 0
vt 0 0
vt 0 1
vt 0 1
vt 0 0.5
vt 0 0.5
vt 0 1
vt 0 1
vt 0 1
vt 0 1
vt 0 1
vt 0 1
vt 0 0.5
vt 0 0.5
vt 0 1
vt 0.5 1
vt 0.5 1
vt 0 1
vt 0 1
vt 0.5 1
vt 0.5 1
vt 0 1
vn 0.17364817766693033 0 -0.984807753012208
vn 0.984807753012208 0 0.17364817766693033
vn -0.17364817766693033 0 0.984807753012208
vn -0.984807753012208 0 -0.17364817766693033
vn 0 1 0
vn 0 -1 0
g Flower
f 52/148/37 55/147/37 53/146/37 50/145/37
f 51/152/38 52/151/38 50/150/38 49/149/38
f 56/156/39 51/155/39 49/154/39 54/153/39
f 55/160/40 56/159/40 54/158/40 53/157/40
f 54/164/41 49/163/41 50/162/41 53/161/41
f 55/168/42 52/167/42 51/166/42 56/165/42
o cube
v 0.06413588333579576 3.000785485987487 0.19632059059337045
v 1.5171396304523 4.1851370684254485 -1.5176489073972133
v 0.06413588333579576 3.000785485987487 0.19632059059337045
v 1.5171396304523 4.1851370684254485 -1.5176489073972133
v 1.2652499632080512 4.218700104507217 -1.7079942991054327
v -0.18775378390845307 3.034348522069256 0.005975198885151009
v 1.2652499632080512 4.218700104507217 -1.7079942991054327
v -0.18775378390845307 3.034348522069256 0.005975198885151009
vt 0 1
vt 0.125 1
vt 0.125 1
vt 0 1
vt 0 1
vt 1 1
vt 1 1
vt 0 1
vt 0 1
vt 0.125 1
vt 0.125 1
vt 0 1
vt 0 1
vt 1 1
vt 1 1
vt 0 1
vt 0.4375 1
vt 0.5625 1
vt 0.5625 0
vt 0.4375 0
vt 0 1
vt 0.125 1
vt 0.125 0
vt 0 0
vn 0.5720487193372065 0.4662801505661267 -0.6747911409411748
vn 0.7933532826590516 -0.10571034986383801 0.5995130447502975
vn -0.5720487193372065 -0.4662801505661267 0.6747911409411748
vn -0.7933532826590516 0.10571034986383801 -0.5995130447502975
vn -0.2082086251786158 0.8782984362502847 0.43039635835069
vn 0.2082086251786158 -0.8782984362502847 -0.43039635835069
g Leaf
f 60/172/43 63/171/43 61/170/43 58/169/43
f 59/176/44 60/175/44 58/174/44 57/173/44
f 64/180/45 59/179/45 57/178/45 62/177/45
f 63/184/46 64/183/46 62/182/46 61/181/46
f 62/188/47 57/187/47 58/186/47 61/185/47
f 63/192/48 60/191/48 59/190/48 64/189/48
o cube
v -0.012102558405432548 2.9883469258672486 0.23002153858933785
v 1.9294027259908024 4.260270627209224 -0.8016602576182055
v -0.012102558405432548 2.9883469258672486 0.23002153858933785
v 1.9294027259908024 4.260270627209224 -0.8016602576182055
v 1.758810083681536 4.306769571830311 -1.0653689008953415
v -0.18269520071469914 3.0348458704883345 -0.0336871046877982
v 1.758810083681536 4.306769571830311 -1.0653689008953415
v -0.18269520071469914 3.0348458704883345 -0.0336871046877982
vt 0 1
vt 0.125 1
vt 0.125 1
vt 0 1
vt 0 1
vt 1 1
vt 1 1
vt 0 1
vt 0 1
vt 0.125 1
vt 0.125 1
vt 0 1
vt 0 1
vt 1 1
vt 1 1
vt 0 1
vt 0.4375 1
vt 0.5625 1
vt 0.5625 0
vt 0.4375 0
vt 0 1
vt 0.125 1
vt 0.125 0
vt 0 0
vn 0.7643721592111162 0.5007573627330615 -0.4061739355147808
vn 0.5372996608165876 -0.1464533688853115 0.8305784040224757
vn -0.7643721592111162 -0.5007573627330615 0.4061739355147808
vn -0.5372996608165876 0.1464533688853115 -0.8305784040224757
vn -0.3564327099317853 0.8531081258614128 0.38100163894649053
vn 0.3564327099317853 -0.8531081258614128 -0.38100163894649053
g Leaf
f 68/196/49 71/195/49 69/194/49 66/193/49
f 67/200/50 68/199/50 66/198/50 65/197/50
f 72/204/51 67/203/51 65/202/51 70/201/51
f 71/208/52 72/207/52 70/206/52 69/205/52
f 70/212/53 65/211/53 66/210/53 69/209/53
f 71/216/54 68/215/54 67/214/54 72/213/54
o cube
v 0.15875 3.035820901123525 0.07458810177488166
v 0.15875 3.9045520651707233 -2.3122311550213257
v 0.15875 3.035820901123525 0.07458810177488166
v 0.15875 3.9045520651707233 -2.3122311550213257
v -0.15875 3.9045520651707233 -2.3122311550213257
v -0.15875 3.035820901123525 0.07458810177488166
v -0.15875 3.9045520651707233 -2.3122311550213257
v -0.15875 3.035820901123525 0.07458810177488166
vt 0 1
vt 0.125 1
vt 0.125 1
vt 0 1
vt 0 1
vt 1 1
vt 1 1
vt 0 1
vt 0 1
vt 0.125 1
vt 0.125 1
vt 0 1
vt 0 1
vt 1 1
vt 1 1
vt 0 1
vt 0.4375 1
vt 0.5625 1
vt 0.5625 0
vt 0.4375 0
vt 0 1
vt 0.125 1
vt 0.125 0
vt 0 0
vn 0 0.34202014332566866 -0.9396926207859084
vn 1 0 0
vn 0 -0.34202014332566866 0.9396926207859084
vn -1 0 0
vn 0 0.9396926207859084 0.34202014332566866
vn 0 -0.9396926207859084 -0.34202014332566866
g Leaf
f 76/220/55 79/219/55 77/218/55 74/217/55
f 75/224/56 76/223/56 74/222/56 73/221/56
f 80/228/57 75/227/57 73/226/57 78/225/57
f 79/232/58 80/231/58 78/230/58 77/229/58
f 78/236/59 73/235/59 74/234/59 77/233/59
f 79/240/60 76/239/60 75/238/60 80/237/60
o cube
v 0.11978499848660096 3.0294234254743317 0.1490433240882823
v 0.9071228173039902 4.1028738102957085 -2.0141495545951495
v 0.11978499848660096 3.0294234254743317 0.1490433240882823
v 0.9071228173039902 4.1028738102957085 -2.0141495545951495
v 0.6087704102044643 4.1028738102957085 -2.1227409501010497
v -0.17856740861292497 3.0294234254743317 0.040451928582382474
v 0.6087704102044643 4.1028738102957085 -2.1227409501010497
v -0.17856740861292497 3.0294234254743317 0.040451928582382474
vt 0 1
vt 0.125 1
vt 0.125 1
vt 0 1
vt 0 1
vt 1 1
vt 1 1
vt 0 1
vt 0 1
vt 0.125 1
vt 0.125 1
vt 0 1
vt 0 1
vt 1 1
vt 1 1
vt 0 1
vt 0.4375 1
vt 0.5625 1
vt 0.5625 0
vt 0.4375 0
vt 0 1
vt 0.125 1
vt 0.125 0
vt 0 0
vn 0.30997551921944466 0.42261826174069944 -0.8516507396391465
vn 0.9396926207859084 0 0.34202014332566866
vn -0.30997551921944466 -0.42261826174069944 0.8516507396391465
vn -0.9396926207859084 0 -0.34202014332566866
vn -0.14454395845259901 0.9063077870366502 0.39713126196710297
vn 0.14454395845259901 -0.9063077870366502 -0.39713126196710297
g Leaf
f 84/244/61 87/243/61 85/242/61 82/241/61
f 83/248/62 84/247/62 82/246/62 81/245/62
f 88/252/63 83/251/63 81/250/63 86/249/63
f 87/256/64 88/255/64 86/254/64 85/253/64
f 86/260/65 81/259/65 82/258/65 85/257/65
f 87/264/66 84/263/66 83/262/66 88/261/66
o cube
v -0.08116542802492166 3.0444445988650304 -0.25031491454209526
v -1.2547443176924336 5.199945479473067 0.404000409613431
v -0.08116542802492166 3.0444445988650304 -0.25031491454209526
v -1.2547443176924336 5.199945479473067 0.404000409613431
v -1.2034579599230582 5.134831810961025 0.710490490496411
v -0.029879070255546328 2.979330930352988 0.05617516634088475
v -1.2034579599230582 5.134831810961025 0.710490490496411
v -0.029879070255546328 2.979330930352988 0.05617516634088475
vt 0 1
vt 0.125 1
vt 0.125 1
vt 0 1
vt 0 1
vt 1 1
vt 1 1
vt 0 1
vt 0 1
vt 0.125 1
vt 0.125 1
vt 0 1
vt 0 1
vt 1 1
vt 1 1
vt 0 1
vt 0.4375 1
vt 0.5625 1
vt 0.5625 0
vt 0.4375 0
vt 0 1
vt 0.125 1
vt 0.125 0
vt 0 0
vn -0.4620389329399652 0.8486223939401718 0.25760445832894735
vn -0.16153183549409542 0.20508242051036843 -0.9653230893952124
vn 0.4620389329399652 -0.8486223939401718 -0.25760445832894735
vn 0.16153183549409542 -0.20508242051036843 0.9653230893952124
vn 0.8720249368966503 0.48762817115181156 -0.04232347019719349
vn -0.8720249368966503 -0.48762817115181156 0.04232347019719349
g Leaf
f 92/268/67 95/267/67 93/266/67 90/265/67
f 91/272/68 92/271/68 90/270/68 89/269/68
f 96/276/69 91/275/69 89/274/69 94/273/69
f 95/280/70 96/279/70 94/278/70 93/277/70
f 94/284/71 89/283/71 90/282/71 93/281/71
f 95/288/72 92/287/72 91/286/72 96/285/72
o cube
v -0.22784286242327162 3.0333262884922307 -0.20020620508172304
v -1.086706567076905 5.0045831989411 1.1518660303540231
v -0.22784286242327162 3.0333262884922307 -0.20020620508172304
v -1.086706567076905 5.0045831989411 1.1518660303540231
v -0.852963429485308 4.961970776349423 1.3624712939864976
v 0.00590027516832535 2.9907138659005534 0.010399058550751447
v -0.852963429485308 4.961970776349423 1.3624712939864976
v 0.00590027516832535 2.9907138659005534 0.010399058550751447
vt 0 1
vt 0.125 1
vt 0.125 1
vt 0 1
vt 0 1
vt 1 1
vt 1 1
vt 0 1
vt 0 1
vt 0.125 1
vt 0.125 1
vt 0 1
vt 0 1
vt 1 1
vt 1 1
vt 0 1
vt 0.4375 1
vt 0.5625 1
vt 0.5625 0
vt 0.4375 0
vt 0 1
vt 0.125 1
vt 0.125 0
vt 0 0
vn -0.338135316792769 0.7760853978145155 0.5323119037148605
vn -0.7361988585562109 0.1342123546194562 -0.6633236649841716
vn 0.338135316792769 -0.7760853978145155 -0.5323119037148605
vn 0.7361988585562109 -0.1342123546194562 0.6633236649841716
vn 0.5862386444085599 0.6161805735063275 -0.5259712469664358
vn -0.5862386444085599 -0.6161805735063275 0.5259712469664358
g Leaf
f 100/292/73 103/291/73 101/290/73 98/289/73
f 99/296/74 100/295/74 98/294/74 97/293/74
f 104/300/75 99/299/75 97/298/75 102/297/75
f 103/304/76 104/303/76 102/302/76 101/301/76
f 102/308/77 97/307/77 98/306/77 101/305/77
f 103/312/78 100/311/78 99/310/78 104/309/78
o cube
v -0.2924747824601275 3.0468308370314148 -0.13165088959237875
v -0.5659303894658394 4.866387702129233 1.6193587750504341
v -0.2924747824601275 3.0468308370314148 -0.13165088959237875
v -0.5659303894658394 4.866387702129233 1.6193587750504341
v -0.2704033625604314 4.812090050041605 1.721934558480155
v 0.0030522444452805303 2.992533184943786 -0.029075106162657804
v -0.2704033625604314 4.812090050041605 1.721934558480155
v 0.0030522444452805303 2.992533184943786 -0.029075106162657804
vt 0 1
vt 0.125 1
vt 0.125 1
vt 0 1
vt 0 1
vt 1 1
vt 1 1
vt 0 1
vt 0 1
vt 0.125 1
vt 0.125 1
vt 0 1
vt 0 1
vt 1 1
vt 1 1
vt 0 1
vt 0.4375 1
vt 0.5625 1
vt 0.5625 0
vt 0.4375 0
vt 0 1
vt 0.125 1
vt 0.125 0
vt 0 0
vn -0.10765968779752437 0.7163609705109524 0.6893738837176429
vn -0.9307937855288444 0.17101622704764946 -0.32307333363691637
vn 0.10765968779752437 -0.7163609705109524 -0.6893738837176429
vn 0.9307937855288444 -0.17101622704764946 0.32307333363691637
vn 0.3493312474489266 0.676446901105322 -0.6483727859347459
vn -0.3493312474489266 -0.676446901105322 0.6483727859347459
g Leaf
f 108/316/79 111/315/79 109/314/79 106/313/79
f 107/320/80 108/319/80 106/318/80 105/317/80
f 112/324/81 107/323/81 105/322/81 110/321/81
f 111/328/82 112/327/82 110/326/82 109/325/82
f 110/332/83 105/331/83 106/330/83 109/329/83
f 111/336/84 108/335/84 107/334/84 112/333/84
o cube
v -0.32769847636956295 3.0267829274737954 -0.005472072901300994
v 0.18439017704679558 4.824051512743037 1.7147578080874353
v -0.32769847636956295 3.0267829274737954 -0.005472072901300994
v 0.18439017704679558 4.824051512743037 1.7147578080874353
v 0.4941511183138645 4.797413085058425 1.6503776602479723
v -0.017937535102493997 3.000144499789183 -0.06985222074076386
v 0.4941511183138645 4.797413085058425 1.6503776602479723
v -0.017937535102493997 3.000144499789183 -0.06985222074076386
vt 0 1
vt 0.125 1
vt 0.125 1
vt 0 1
vt 0 1
vt 1 1
vt 1 1
vt 0 1
vt 0 1
vt 0.125 1
vt 0.125 1
vt 0 1
vt 0 1
vt 1 1
vt 1 1
vt 0 1
vt 0.4375 1
vt 0.5625 1
vt 0.5625 0
vt 0.4375 0
vt 0 1
vt 0.125 1
vt 0.125 0
vt 0 0
vn 0.20160970606943257 0.7075860571926146 0.6772558586569827
vn -0.9756250118647843 0.08390055963657515 0.2027721191794105
vn -0.20160970606943257 -0.7075860571926146 -0.6772558586569827
vn 0.9756250118647843 -0.08390055963657515 -0.2027721191794105
vn -0.08665657876027998 0.7016285824845503 -0.7072538226112913
vn 0.08665657876027998 -0.7016285824845503 0.7072538226112913
g Leaf
f 116/340/85 119/339/85 117/338/85 114/337/85
f 115/344/86 116/343/86 114/342/86 113/341/86
f 120/348/87 115/347/87 113/346/87 118/345/87
f 119/352/88 120/351/88 118/350/88 117/349/88
f 118/356/89 113/355/89 114/354/89 117/353/89
f 119/360/90 116/359/90 115/358/90 120/357/90
o cube
v -0.30980619774634277 3.004215279334874 0.08033305073248577
v 0.6986366237712499 4.686798015542037 1.6938876396904345
v -0.30980619774634277 3.004215279334874 0.08033305073248577
v 0.6986366237712499 4.686798015542037 1.6938876396904345
v 0.963859769869807 4.695028362420239 1.5195454641738722
v -0.04458305164778555 3.0124456262130765 -0.09400912478407662
v 0.963859769869807 4.695028362420239 1.5195454641738722
v -0.04458305164778555 3.0124456262130765 -0.09400912478407662
vt 0 1
vt 0.125 1
vt 0.125 1
vt 0 1
vt 0 1
vt 1 1
vt 1 1
vt 0 1
vt 0 1
vt 0.125 1
vt 0.125 1
vt 0 1
vt 0 1
vt 1 1
vt 1 1
vt 0 1
vt 0.4375 1
vt 0.5625 1
vt 0.5625 0
vt 0.4375 0
vt 0 1
vt 0.125 1
vt 0.125 0
vt 0 0
vn 0.3970247328809421 0.6624341481130561 0.635257712188169
vn -0.835348491648999 -0.02592235237229082 0.5491092142253935
vn -0.3970247328809421 -0.6624341481130561 -0.635257712188169
vn 0.835348491648999 0.02592235237229082 -0.5491092142253935
vn -0.38021606880898506 0.7486715107850815 -0.5430715514167767
vn 0.38021606880898506 -0.7486715107850815 0.5430715514167767
g Leaf
f 124/364/91 127/363/91 125/362/91 122/361/91
f 123/368/92 124/367/92 122/366/92 121/365/92
f 128/372/93 123/371/93 121/370/93 126/369/93
f 127/376/94 128/375/94 126/374/94 125/373/94
f 126/380/95 121/379/95 122/378/95 125/377/95
f 127/384/96 124/383/96 123/382/96 128/381/96
o cube
v -0.2184138534726234 2.961336549443155 0.18260065521512148
v 1.3951489125127854 4.6198203720548845 1.230191515408499
v -0.2184138534726234 2.961336549443155 0.18260065521512148
v 1.3951489125127854 4.6198203720548845 1.230191515408499
v 1.5133022685602244 4.686226480188522 0.9430743559469463
v -0.10026049742518439 3.0277426575767925 -0.10451650424643133
v 1.5133022685602244 4.686226480188522 0.9430743559469463
v -0.10026049742518439 3.0277426575767925 -0.10451650424643133
vt 0 1
vt 0.125 1
vt 0.125 1
vt 0 1
vt 0 1
vt 1 1
vt 1 1
vt 0 1
vt 0 1
vt 0.125 1
vt 0.125 1
vt 0 1
vt 0 1
vt 1 1
vt 1 1
vt 0 1
vt 0.4375 1
vt 0.5625 1
vt 0.5625 0
vt 0.4375 0
vt 0 1
vt 0.125 1
vt 0.125 0
vt 0 0
vn 0.6352609314903187 0.6529463868550115 0.412437346532826
vn -0.372136554480123 -0.20915309648389713 0.9043060140521351
vn -0.6352609314903187 -0.6529463868550115 -0.412437346532826
vn 0.372136554480123 0.20915309648389713 -0.9043060140521351
vn -0.6767258926195416 0.7279532939167066 -0.1101184277680245
vn 0.6767258926195416 -0.7279532939167066 0.1101184277680245
g Leaf
f 132/388/97 135/387/97 133/386/97 130/385/97
f 131/392/98 132/391/98 130/390/98 129/389/98
f 136/396/99 131/395/99 129/394/99 134/393/99
f 135/400/100 136/399/100 134/398/100 133/397/100
f 134/404/101 129/403/101 130/402/101 133/401/101
f 135/408/102 132/407/102 131/406/102 136/405/102
o cube
v -0.16960777861702891 3.0040622743932004 0.22669799082619987
v 1.7571220521752993 4.631645590844567 0.5271721280562383
v -0.16960777861702891 3.0040622743932004 0.22669799082619987
v 1.7571220521752993 4.631645590844567 0.5271721280562383
v 1.797152014048324 4.6423715868014925 0.21238838457005343
v -0.12957781674400423 3.014788270350126 -0.08808575265998493
v 1.797152014048324 4.6423715868014925 0.21238838457005343
v -0.12957781674400423 3.014788270350126 -0.08808575265998493
vt 0 1
vt 0.125 1
vt 0.125 1
vt 0 1
vt 0 1
vt 1 1
vt 1 1
vt 0 1
vt 0 1
vt 0.125 1
vt 0.125 1
vt 0 1
vt 0 1
vt 1 1
vt 1 1
vt 0 1
vt 0.4375 1
vt 0.5625 1
vt 0.5625 0
vt 0.4375 0
vt 0 1
vt 0.125 1
vt 0.125 0
vt 0 0
vn 0.7585550514930427 0.6407808332485694 0.11829690442127505
vn -0.1260786200725187 -0.03378266443126169 0.9914448613738105
vn -0.7585550514930427 -0.6407808332485694 -0.11829690442127505
vn 0.1260786200725187 0.03378266443126169 -0.9914448613738105
vn -0.6392952490164437 0.7669802183402084 -0.055162752467670426
vn 0.6392952490164437 -0.7669802183402084 0.055162752467670426
g Leaf
f 140/412/103 143/411/103 141/410/103 138/409/103
f 139/416/104 140/415/104 138/414/104 137/413/104
f 144/420/105 139/419/105 137/418/105 142/417/105
f 143/424/106 144/423/106 142/422/106 141/421/106
f 142/428/107 137/427/107 138/426/107 141/425/107
f 143/432/108 140/431/108 139/430/108 144/429/108
o cube
v -0.09290389108703317 3.0312381732675537 0.24862430664796542
v 1.9330929742615746 4.473479078523688 -0.2679779318330361
v -0.09290389108703317 3.0312381732675537 0.24862430664796542
v 1.9330929742615746 4.473479078523688 -0.2679779318330361
v 1.8667149596547599 4.45569314311461 -0.5779519140936149
v -0.15928190569384781 3.0134522378584765 -0.061349675612613355
v 1.8667149596547599 4.45569314311461 -0.5779519140936149
v -0.15928190569384781 3.0134522378584765 -0.061349675612613355
vt 0 1
vt 0.125 1
vt 0.125 1
vt 0 1
vt 0 1
vt 1 1
vt 1 1
vt 0 1
vt 0 1
vt 0.125 1
vt 0.125 1
vt 0 1
vt 0 1
vt 1 1
vt 1 1
vt 0 1
vt 0.4375 1
vt 0.5625 1
vt 0.5625 0
vt 0.4375 0
vt 0 1
vt 0.125 1
vt 0.125 0
vt 0 0
vn 0.7976365611608693 0.5678113800221 -0.20338670806338643
vn 0.20906461293484935 0.056018694201818084 0.9762960071199334
vn -0.7976365611608693 -0.5678113800221 0.20338670806338643
vn -0.20906461293484935 -0.056018694201818084 -0.9762960071199334
vn -0.5657454409165527 0.8212503531915962 0.0740267077804625
vn 0.5657454409165527 -0.8212503531915962 -0.0740267077804625
g Leaf
f 148/436/109 151/435/109 149/434/109 146/433/109
f 147/440/110 148/439/110 146/438/110 145/437/110
f 152/444/111 147/443/111 145/442/111 150/441/111
f 151/448/112 152/447/112 150/446/112 149/445/112
f 150/452/113 145/451/113 146/450/113 149/449/113
f 151/456/114 148/455/114 147/454/114 152/453/114
o cube
v 0.15009521607637957 2.9640771161704773 0.023827944569083475
v 0.3920709000043563 5.434352810716123 -0.5154176036968392
v 0.15009521607637957 2.9640771161704773 0.023827944569083475
v 0.3920709000043563 5.434352810716123 -0.5154176036968392
v 0.07602829173885114 5.463280168549417 -0.524719631944537
v -0.16594739218912558 2.9930044740037722 0.01452591632138567
v 0.07602829173885114 5.463280168549417 -0.524719631944537
v -0.16594739218912558 2.9930044740037722 0.01452591632138567
vt 0 1
vt 0.125 1
vt 0.125 1
vt 0 1
vt 0 1
vt 1 1
vt 1 1
vt 0 1
vt 0 1
vt 0.125 1
vt 0.125 1
vt 0 1
vt 0 1
vt 1 1
vt 1 1
vt 0 1
vt 0.4375 1
vt 0.5625 1
vt 0.5625 0
vt 0.4375 0
vt 0 1
vt 0.125 1
vt 0.125 0
vt 0 0
vn 0.09526601729447885 0.9725494860415929 -0.21230139695508765
vn 0.9954097898126147 -0.09110978845132173 0.029297726764402482
vn -0.09526601729447885 -0.9725494860415929 0.21230139695508765
vn -0.9954097898126147 0.09110978845132173 -0.029297726764402482
vn -0.00915075374240864 0.2141179666646148 0.9767649461653284
vn 0.00915075374240864 -0.2141179666646148 -0.9767649461653284
g Leaf
f 156/460/115 159/459/115 157/458/115 154/457/115
f 155/464/116 156/463/116 154/462/116 153/461/116
f 160/468/117 155/467/117 153/466/117 158/465/117
f 159/472/118 160/471/118 158/470/118 157/469/118
f 158/476/119 153/475/119 154/474/119 157/473/119
f 159/480/120 156/479/120 155/478/120 160/477/120
o cube
v 0.16783593655481152 3.01958204117243 -0.0028727329852636443
v -0.22614773335561397 5.46019160509503 -0.5857979634680839
v 0.16783593655481152 3.01958204117243 -0.0028727329852636443
v -0.22614773335561397 5.46019160509503 -0.5857979634680839
v -0.5393463291824282 5.416348485035014 -0.557679101550948
v -0.14536265927200273 2.975738921112415 0.025246128931872114
v -0.5393463291824282 5.416348485035014 -0.557679101550948
v -0.14536265927200273 2.975738921112415 0.025246128931872114
vt 0 1
vt 0.125 1
vt 0.125 1
vt 0 1
vt 0 1
vt 1 1
vt 1 1
vt 0 1
vt 0 1
vt 0.125 1
vt 0.125 1
vt 0 1
vt 0 1
vt 1 1
vt 1 1
vt 0 1
vt 0.4375 1
vt 0.5625 1
vt 0.5625 0
vt 0.4375 0
vt 0 1
vt 0.125 1
vt 0.125 0
vt 0 0
vn -0.15511168106709702 0.9608699070561418 -0.2294981222373306
vn 0.9864522703206751 0.13808856711815756 -0.08856334462089986
vn 0.15511168106709702 -0.9608699070561418 0.2294981222373306
vn -0.9864522703206751 -0.13808856711815756 0.08856334462089986
vn 0.0534067858584044 0.24012615298041912 0.969271451080191
vn -0.0534067858584044 -0.24012615298041912 -0.969271451080191
g Leaf
f 164/484/121 167/483/121 165/482/121 162/481/121
f 163/488/122 164/487/122 162/486/122 161/485/122
f 168/492/123 163/491/123 161/490/123 166/489/123
f 167/496/124 168/495/124 166/494/124 165/493/124
f 166/500/125 161/499/125 162/498/125 165/497/125
f 167/504/126 164/503/126 163/502/126 168/501/126
o cube
v 0.07143905200512596 3.012699016779399 -0.1942472184864556
v -0.7819599802435558 5.392909122461326 -0.4348920700138621
v 0.07143905200512596 3.012699016779399 -0.1942472184864556
v -0.7819599802435558 5.392909122461326 -0.4348920700138621
v -0.9474870899066953 5.360760012352046 -0.16586890988494601
v -0.0940880576580135 2.9805499066701198 0.07477594164246049
v -0.9474870899066953 5.360760012352046 -0.16586890988494601
v -0.0940880576580135 2.9805499066701198 0.07477594164246049
vt 0 1
vt 0.125 1
vt 0.125 1
vt 0 1
vt 0 1
vt 1 1
vt 1 1
vt 0 1
vt 0 1
vt 0.125 1
vt 0.125 1
vt 0 1
vt 0 1
vt 1 1
vt 1 1
vt 0 1
vt 0.4375 1
vt 0.5625 1
vt 0.5625 0
vt 0.4375 0
vt 0 1
vt 0.125 1
vt 0.125 0
vt 0 0
vn -0.3359838709640482 0.9370905927881599 -0.09474206753047508
vn 0.5213452272854787 0.101257039714266 -0.8473170397761138
vn 0.3359838709640482 -0.9370905927881599 0.09474206753047508
vn -0.5213452272854787 -0.101257039714266 0.8473170397761138
vn 0.7844195257887623 0.33407818368794856 0.5225684402497865
vn -0.7844195257887623 -0.33407818368794856 -0.5225684402497865
g Leaf
f 172/508/127 175/507/127 173/506/127 170/505/127
f 171/512/128 172/511/128 170/510/128 169/509/128
f 176/516/129 171/515/129 169/514/129 174/513/129
f 175/520/130 176/519/130 174/518/130 173/517/130
f 174/524/131 169/523/131 170/522/131 173/521/131
f 175/528/132 172/527/132 171/526/132 176/525/132
o cube
v -0.06955955622076948 3.0056768045075923 -0.2441827108849269
v -1.1501793117646066 5.291141489767856 0.0018093954042354143
v -0.06955955622076948 3.0056768045075923 -0.2441827108849269
v -1.1501793117646066 5.291141489767856 0.0018093954042354143
v -1.118240746989254 5.272303055205222 0.31713667215542285
v -0.03762099144541685 2.986838369944958 0.07114456586626051
v -1.118240746989254 5.272303055205222 0.31713667215542285
v -0.03762099144541685 2.986838369944958 0.07114456586626051
vt 0 1
vt 0.125 1
vt 0.125 1
vt 0 1
vt 0 1
vt 1 1
vt 1 1
vt 0 1
vt 0 1
vt 0.125 1
vt 0.125 1
vt 0 1
vt 0 1
vt 1 1
vt 1 1
vt 0 1
vt 0.4375 1
vt 0.5625 1
vt 0.5625 0
vt 0.4375 0
vt 0 1
vt 0.125 1
vt 0.125 0
vt 0 0
vn -0.4254408486393062 0.8997892461654583 0.09684728594061509
vn -0.10059390480426034 0.05933365216577807 -0.9931567771690943
vn 0.4254408486393062 -0.8997892461654583 -0.09684728594061509
vn 0.10059390480426034 -0.05933365216577807 0.9931567771690943
vn 0.8993780910302956 0.43227170877315885 -0.06527035444238719
vn -0.8993780910302956 -0.43227170877315885 0.06527035444238719
g Leaf
f 180/532/133 183/531/133 181/530/133 178/529/133
f 179/536/134 180/535/134 178/534/134 177/533/134
f 184/540/135 179/539/135 177/538/135 182/537/135
f 183/544/136 184/543/136 182/542/136 181/541/136
f 182/548/137 177/547/137 178/546/137 181/545/137
f 183/552/138 180/551/138 179/550/138 184/549/138
o cube
v -0.04784378124272587 3.2264719258672487 -0.22531611733598048
v -1.6561749799736618 4.4983956272092245 1.2737105179021122
v -0.04784378124272587 3.2264719258672487 -0.22531611733598048
v -1.6561749799736618 4.4983956272092245 1.2737105179021122
v -1.4231423217539785 4.544894571830311 1.4842808822751488
v 0.18518887697695752 3.2729708704883347 -0.014745752962943955
v -1.4231423217539785 4.544894571830311 1.4842808822751488
v 0.18518887697695752 3.2729708704883347 -0.014745752962943955
vt 0 1
vt 0.125 1
vt 0.125 1
vt 0 1
vt 0 1
vt 1 1
vt 1 1
vt 0 1
vt 0 1
vt 0.125 1
vt 0.125 1
vt 0 1
vt 0 1
vt 1 1
vt 1 1
vt 0 1
vt 0.4375 1
vt 0.5625 1
vt 0.5625 0
vt 0.4375 0
vt 0 1
vt 0.125 1
vt 0.125 0
vt 0 0
vn -0.6332012593428882 0.5007573627330615 0.5901679666291704
vn -0.7339611282509714 -0.14645336888531146 -0.663213746056808
vn 0.6332012593428882 -0.5007573627330615 -0.5901679666291704
vn 0.7339611282509714 0.14645336888531146 0.663213746056808
vn 0.2456770794826854 0.8531081258614127 -0.4602708965447265
vn -0.2456770794826854 -0.8531081258614127 0.4602708965447265
g Leaf
f 188/556/139 191/555/139 189/554/139 186/553/139
f 187/560/140 188/559/140 186/558/140 185/557/140
f 192/564/141 187/563/141 185/562/141 190/561/141
f 191/568/142 192/567/142 190/566/142 189/565/142
f 190/572/143 185/571/143 186/570/143 189/569/143
f 191/576/144 188/575/144 187/574/144 192/573/144
o cube
v -0.11276201389724683 3.2389104859874873 -0.17303154060468187
v -1.072647910127099 4.423262068425449 1.8586009053352097
v -0.11276201389724683 3.2389104859874873 -0.17303154060468187
v -1.072647910127099 4.423262068425449 1.8586009053352097
v -0.7800761626389329 4.456825104507217 1.9772665919539398
v 0.17980973359091929 3.272473522069256 -0.054365853985951826
v -0.7800761626389329 4.456825104507217 1.9772665919539398
v 0.17980973359091929 3.272473522069256 -0.054365853985951826
vt 0 1
vt 0.125 1
vt 0.125 1
vt 0 1
vt 0 1
vt 1 1
vt 1 1
vt 0 1
vt 0 1
vt 0.125 1
vt 0.125 1
vt 0 1
vt 0 1
vt 1 1
vt 1 1
vt 0 1
vt 0.4375 1
vt 0.5625 1
vt 0.5625 0
vt 0.4375 0
vt 0 1
vt 0.125 1
vt 0.125 0
vt 0 0
vn -0.3779078331613591 0.46628015056612654 0.7998552936771229
vn -0.9214858188603657 -0.10571034986383794 -0.3737501940747405
vn 0.3779078331613591 -0.46628015056612654 -0.7998552936771229
vn 0.9214858188603657 0.10571034986383794 0.3737501940747405
vn 0.08971931383223748 0.8782984362502846 -0.46961931562253423
vn -0.08971931383223748 -0.8782984362502846 0.46961931562253423
g Leaf
f 196/580/145 199/579/145 197/578/145 194/577/145
f 195/584/146 196/583/146 194/582/146 193/581/146
f 200/588/147 195/587/147 193/586/147 198/585/147
f 199/592/148 200/591/148 198/590/148 197/589/148
f 198/596/149 193/595/149 194/594/149 197/593/149
f 199/600/150 196/599/150 195/598/150 200/597/150
o cube
v -0.15427867445963958 3.267548425474332 -0.1129621570469345
v -0.3549130924360404 4.340998810295709 2.1802997341574057
v -0.15427867445963958 3.267548425474332 -0.1129621570469345
v -0.3549130924360404 4.340998810295709 2.1802997341574057
v -0.03862127579191124 4.340998810295709 2.2079716824797875
v 0.16201314218448964 3.267548425474332 -0.085290208724553
v -0.03862127579191124 4.340998810295709 2.2079716824797875
v 0.16201314218448964 3.267548425474332 -0.085290208724553
vt 0 1
vt 0.125 1
vt 0.125 1
vt 0 1
vt 0 1
vt 1 1
vt 1 1
vt 0 1
vt 0 1
vt 0.125 1
vt 0.125 1
vt 0 1
vt 0 1
vt 1 1
vt 1 1
vt 0 1
vt 0.4375 1
vt 0.5625 1
vt 0.5625 0
vt 0.4375 0
vt 0 1
vt 0.125 1
vt 0.125 0
vt 0 0
vn -0.07898992833716578 0.4226182617406994 0.9028590122851736
vn -0.9961946980917455 0 -0.08715574274765828
vn 0.07898992833716578 -0.4226182617406994 -0.9028590122851736
vn 0.9961946980917455 0 0.08715574274765828
vn 0.03683360850073493 0.9063077870366499 -0.4210100716628344
vn -0.03683360850073493 -0.9063077870366499 0.4210100716628344
g Leaf
f 204/604/151 207/603/151 205/602/151 202/601/151
f 203/608/152 204/607/152 202/606/152 201/605/152
f 208/612/153 203/611/153 201/610/153 206/609/153
f 207/616/154 208/615/154 206/614/154 205/613/154
f 206/620/155 201/619/155 202/618/155 205/617/155
f 207/624/156 204/623/156 203/622/156 208/621/156
o cube
v -0.17264554620077407 3.273945901123525 -0.030959050428210552
v 0.44510873467552814 4.142677065170724 2.2745313123953257
v -0.17264554620077407 3.273945901123525 -0.030959050428210552
v 0.44510873467552814 4.142677065170724 2.2745313123953257
v 0.7517901845223073 4.142677065170724 2.1923562655752757
v 0.1340359036460051 3.273945901123525 -0.11313409724826083
v 0.7517901845223073 4.142677065170724 2.1923562655752757
v 0.1340359036460051 3.273945901123525 -0.11313409724826083
vt 0 1
vt 0.125 1
vt 0.125 1
vt 0 1
vt 0 1
vt 1 1
vt 1 1
vt 0 1
vt 0 1
vt 0.125 1
vt 0.125 1
vt 0 1
vt 0 1
vt 1 1
vt 1 1
vt 0 1
vt 0.4375 1
vt 0.5625 1
vt 0.5625 0
vt 0.4375 0
vt 0 1
vt 0.125 1
vt 0.125 0
vt 0 0
vn 0.24321034680169384 0.34202014332566866 0.9076733711903688
vn -0.9659258262890684 0 0.25881904510252063
vn -0.24321034680169384 -0.34202014332566866 -0.9076733711903688
vn 0.9659258262890684 0 -0.25881904510252063
vn -0.0885213269013768 0.9396926207859084 -0.3303660895493521
vn 0.0885213269013768 -0.9396926207859084 0.3303660895493521
g Leaf
f 212/628/157 215/627/157 213/626/157 210/625/157
f 211/632/158 212/631/158 210/630/158 209/629/158
f 216/636/159 211/635/159 209/634/159 214/633/159
f 215/640/160 216/639/160 214/638/160 213/637/160
f 214/644/161 209/643/161 210/642/161 213/641/161
f 215/648/162 212/647/162 211/646/162 216/645/162
o cube
v 0.14318605028778247 3.2825695988650305 0.22077848208480325
v 1.1074269416114015 5.438070479473067 -0.7149861556299445
v 0.14318605028778247 3.2825695988650305 0.22077848208480325
v 1.1074269416114015 5.438070479473067 -0.7149861556299445
v 0.9785626540381336 5.372956810961025 -0.9977589541115843
v 0.014321762714514664 3.217455930352988 -0.061994316396836585
v 0.9785626540381336 5.372956810961025 -0.9977589541115843
v 0.014321762714514664 3.217455930352988 -0.061994316396836585
vt 0 1
vt 0.125 1
vt 0.125 1
vt 0 1
vt 0 1
vt 1 1
vt 1 1
vt 0 1
vt 0 1
vt 0.125 1
vt 0.125 1
vt 0 1
vt 0 1
vt 1 1
vt 1 1
vt 0 1
vt 0.4375 1
vt 0.5625 1
vt 0.5625 0
vt 0.4375 0
vt 0 1
vt 0.125 1
vt 0.125 0
vt 0 0
vn 0.3796223981589052 0.8486223939401717 -0.36841127469084567
vn 0.40587177188430795 0.2050824205103684 0.8906229873437475
vn -0.3796223981589052 -0.8486223939401717 0.36841127469084567
vn -0.40587177188430795 -0.2050824205103684 -0.8906229873437475
vn -0.8313572875747068 0.4876281711518115 0.2665779943948217
vn 0.8313572875747068 -0.4876281711518115 -0.2665779943948217
g Leaf
f 220/652/163 223/651/163 221/650/163 218/649/163
f 219/656/164 220/655/164 218/654/164 217/653/164
f 224/660/165 219/659/165 217/658/165 222/657/165
f 223/664/166 224/663/166 222/662/166 221/661/166
f 222/668/167 217/667/167 218/666/167 221/665/167
f 223/672/168 220/671/168 219/670/168 224/669/168
o cube
v 0.2718964839731161 3.271451288492231 0.13441427198594585
v 0.751553072675257 5.2427081989411 -1.3938775031415014
v 0.2718964839731161 3.271451288492231 0.13441427198594585
v 0.751553072675257 5.2427081989411 -1.3938775031415014
v 0.47126588613077264 5.200095776349423 -1.5368093907658023
v -0.00839070257136823 3.2288388659005536 -0.008517615638354917
v 0.47126588613077264 5.200095776349423 -1.5368093907658023
v -0.00839070257136823 3.2288388659005536 -0.008517615638354917
vt 0 1
vt 0.125 1
vt 0.125 1
vt 0 1
vt 0 1
vt 1 1
vt 1 1
vt 0 1
vt 0 1
vt 0.125 1
vt 0.125 1
vt 0 1
vt 0 1
vt 1 1
vt 1 1
vt 0 1
vt 0.4375 1
vt 0.5625 1
vt 0.5625 0
vt 0.4375 0
vt 0 1
vt 0.125 1
vt 0.125 0
vt 0 0
vn 0.1888411766543862 0.7760853978145156 -0.6016896752470264
vn 0.8827942883290846 0.13421235461945621 0.450179173619845
vn -0.1888411766543862 -0.7760853978145156 0.6016896752470264
vn -0.8827942883290846 -0.13421235461945621 -0.450179173619845
vn -0.43013167111168665 0.6161805735063275 0.6597789374783658
vn 0.43013167111168665 -0.6161805735063275 -0.6597789374783658
g Leaf
f 228/676/169 231/675/169 229/674/169 226/673/169
f 227/680/170 228/679/170 226/678/170 225/677/170
f 232/684/171 227/683/171 225/682/171 230/681/171
f 231/688/172 232/687/172 230/686/172 229/685/172
f 230/692/173 225/691/173 226/690/173 229/689/173
f 231/696/174 228/695/174 227/694/174 232/693/174
o cube
v 0.316582703447711 3.284955837031415 0.05146695039831173
v 0.12752588722994437 5.104512702129234 -1.7106540258450902
v 0.316582703447711 3.284955837031415 0.05146695039831173
v 0.12752588722994437 5.104512702129234 -1.7106540258450902
v -0.1844798667423369 5.050215050041605 -1.7332466013060475
v 0.0045769494754296786 3.230658184943786 0.02887437493735459
v -0.1844798667423369 5.050215050041605 -1.7332466013060475
v 0.0045769494754296786 3.230658184943786 0.02887437493735459
vt 0 1
vt 0.125 1
vt 0.125 1
vt 0 1
vt 0 1
vt 1 1
vt 1 1
vt 0 1
vt 0 1
vt 0.125 1
vt 0.125 1
vt 0 1
vt 0 1
vt 1 1
vt 1 1
vt 0 1
vt 0.4375 1
vt 0.5625 1
vt 0.5625 0
vt 0.4375 0
vt 0 1
vt 0.125 1
vt 0.125 0
vt 0 0
vn -0.07443181740856944 0.7163609705109523 -0.693748415843859
vn 0.9826952881016738 0.17101622704764957 0.07115771798726651
vn 0.07443181740856944 -0.7163609705109523 0.693748415843859
vn -0.9826952881016738 -0.17101622704764957 -0.07115771798726651
vn -0.1696168485146035 0.6764469011053221 0.716693598886568
vn 0.1696168485146035 -0.6764469011053221 -0.716693598886568
g Leaf
f 236/700/175 239/699/175 237/698/175 234/697/175
f 235/704/176 236/703/176 234/702/176 233/701/176
f 240/708/177 235/707/177 233/706/177 238/705/177
f 239/712/178 240/711/178 238/710/178 237/709/178
f 238/716/179 233/715/179 234/714/179 237/713/179
f 239/720/180 236/719/180 235/718/180 240/717/180
o cube
v 0.3179486982439849 3.2649079274737955 -0.079528990196818
v -0.6219192125947949 5.062176512743037 -1.608605163112951
v 0.3179486982439849 3.2649079274737955 -0.079528990196818
v -0.6219192125947949 5.062176512743037 -1.608605163112951
v -0.9044624973528992 5.035538085058425 -1.4662466845857047
v 0.035405413485880666 3.238269499789183 0.06282948833042826
v -0.9044624973528992 5.035538085058425 -1.4662466845857047
v 0.035405413485880666 3.238269499789183 0.06282948833042826
vt 0 1
vt 0.125 1
vt 0.125 1
vt 0 1
vt 0 1
vt 1 1
vt 1 1
vt 0 1
vt 0 1
vt 0.125 1
vt 0.125 1
vt 0 1
vt 0 1
vt 1 1
vt 1 1
vt 0 1
vt 0.4375 1
vt 0.5625 1
vt 0.5625 0
vt 0.4375 0
vt 0 1
vt 0.125 1
vt 0.125 0
vt 0 0
vn -0.3700267365507008 0.7075860571926146 -0.6019984932740682
vn 0.8899001094743444 0.0839005596365752 -0.4483731607157364
vn 0.3700267365507008 -0.7075860571926146 0.6019984932740682
vn -0.8899001094743444 -0.0839005596365752 0.4483731607157364
vn 0.26675458645576905 0.7016285824845503 0.6607263600353268
vn -0.26675458645576905 -0.7016285824845503 -0.6607263600353268
g Leaf
f 244/724/181 247/723/181 245/722/181 242/721/181
f 243/728/182 244/727/182 242/726/182 241/725/182
f 248/732/183 243/731/183 241/730/183 246/729/183
f 247/736/184 248/735/184 246/734/184 245/733/184
f 246/740/185 241/739/185 242/738/185 245/737/185
f 247/744/186 244/743/186 243/742/186 248/741/186
o cube
v 0.2784580840668563 3.2423402793348743 -0.15777951267464907
v -1.1132415395076904 4.924923015542037 -1.455349354170699
v 0.2784580840668563 3.2423402793348743 -0.15777951267464907
v -1.1132415395076904 4.924923015542037 -1.455349354170699
v -1.3243043506656327 4.9331533624202395 -1.2183029428155148
v 0.06739527290891387 3.2505706262130767 0.07926689868053513
v -1.3243043506656327 4.9331533624202395 -1.2183029428155148
v 0.06739527290891387 3.2505706262130767 0.07926689868053513
vt 0 1
vt 0.125 1
vt 0.125 1
vt 0 1
vt 0 1
vt 1 1
vt 1 1
vt 0 1
vt 0 1
