# Made in Blockbench 4.12.3

o cube
v 1.0606601717798232 3 -1.0606601717798194
v 1.0606601717798232 3 -1.0606601717798194
v 1.0606601717798232 0 -1.0606601717798194
v 1.0606601717798232 0 -1.0606601717798194
v -1.0606601717798232 3 1.0606601717798194
v -1.0606601717798232 3 1.0606601717798194
v -1.0606601717798232 0 1.0606601717798194
v -1.0606601717798232 0 1.0606601717798194
vt 0 1
vt 1 1
vt 1 0
vt 0 0
vt 0 1
vt 0 1
vt 0 0.75
vt 0 0.75
vt 0 1
vt 0 1
vt 0 1
vt 0 1
vt 0 1
vt 0 1
vt 0 0.75
vt 0 0.75
vt 0 1
vt 0.25 1
vt 0.25 1
vt 0 1
vt 0 1
vt 0.25 1
vt 0.25 1
vt 0 1
vn -0.7071067811865462 0 -0.7071067811865488
vn 0.7071067811865488 0 -0.7071067811865462
vn 0.7071067811865462 0 0.7071067811865488
vn -0.7071067811865488 0 0.7071067811865462
vn 0 1 0
vn 0 -1 0
g Stem
f 4/4/1 7/3/1 5/2/1 2/1/1
f 3/8/2 4/7/2 2/6/2 1/5/2
f 8/12/3 3/11/3 1/10/3 6/9/3
f 7/16/4 8/15/4 6/14/4 5/13/4
f 6/20/5 1/19/5 2/18/5 5/17/5
f 7/24/6 4/23/6 3/22/6 8/21/6
o cube
v -1.060660171779817 3 -1.0606601717798259
v -1.060660171779817 3 -1.0606601717798259
v -1.060660171779817 0 -1.060660171779826
v -1.060660171779817 0 -1.060660171779826
v 1.060660171779817 3 1.0606601717798263
v 1.060660171779817 3 1.0606601717798263
v 1.060660171779817 0 1.060660171779826
v 1.060660171779817 0 1.060660171779826
vt 0 1
vt 1 1
vt 1 0
vt 0 0
vt 0 1
vt 0 1
vt 0 0.75
vt 0 0.75
vt 0 1
vt 0 1
vt 0 1
vt 0 1
vt 0 1
vt 0 1
vt 0 0.75
vt 0 0.75
vt 0 1
vt 0.25 1
vt 0.25 1
vt 0 1
vt 0 1
vt 0.25 1
vt 0.25 1
vt 0 1
vn -0.7071067811865506 0 0.7071067811865445
vn -0.7071067811865445 0 -0.7071067811865506
vn 0.7071067811865506 0 -0.7071067811865445
vn 0.7071067811865445 0 0.7071067811865506
vn 0 1 0
vn 0 -1 0
g Stem
f 12/28/7 15/27/7 13/26/7 10/25/7
f 11/32/8 12/31/8 10/30/8 9/29/8
f 16/36/9 11/35/9 9/34/9 14/33/9
f 15/40/10 16/39/10 14/38/10 13/37/10
f 14/44/11 9/43/11 10/42/11 13/41/11
f 15/48/12 12/47/12 11/46/12 16/45/12
o cube
v 1.0441941738241591 1.9375 1.0441941738241596
v 1.0441941738241591 1.9375 1.0441941738241596
v 1.0441941738241591 1 1.0441941738241594
v 1.0441941738241591 1 1.0441941738241594
v 1.7071067811865446 1.9375 1.7071067811865508
v 1.7071067811865446 1.9375 1.7071067811865508
v 1.7071067811865446 0.9999999999999999 1.7071067811865506
v 1.7071067811865446 0.9999999999999999 1.7071067811865506
vt 0 1
vt 1 1
vt 1 0
vt 0 0
vt 0 1
vt 0 1
vt 0 0.5
vt 0 0.5
vt 0 1
vt 0 1
vt 0 1
vt 0 1
vt 0 1
vt 0 1
vt 0 0.5
vt 0 0.5
vt 0 1
vt 0.5 1
vt 0.5 1
vt 0 1
vt 0 1
vt 0.5 1
vt 0.5 1
vt 0 1
vn -0.7071067811865506 0 0.7071067811865445
vn -0.7071067811865445 0 -0.7071067811865506
vn 0.7071067811865506 0 -0.7071067811865445
vn 0.7071067811865445 0 0.7071067811865506
vn 0 1 0
vn 0 -1 0
g Fruit
f 20/52/13 23/51/13 21/50/13 18/49/13
f 19/56/14 20/55/14 18/54/14 17/53/14
f 24/60/15 19/59/15 17/58/15 22/57/15
f 23/64/16 24/63/16 22/62/16 21/61/16
f 22/68/17 17/67/17 18/66/17 21/65/17
f 23/72/18 20/71/18 19/70/18 24/69/18
o cube
v -0.7013226055904684 1.6875 0.8760565098719733
v -0.7013226055904684 1.6875 0.8760565098719733
v -0.7013226055904684 0.75 0.8760565098719733
v -0.7013226055904684 0.75 0.8760565098719733
v -1.272036445286144 1.6875 1.6198252663950061
v -1.272036445286144 1.6875 1.6198252663950061
v -1.272036445286144 0.75 1.6198252663950061
v -1.272036445286144 0.75 1.6198252663950061
vt 0 1
vt 1 1
vt 1 0
vt 0 0
vt 0 1
vt 0 1
vt 0 0.5
vt 0 0.5
vt 0 1
vt 0 1
vt 0 1
vt 0 1
vt 0 1
vt 0 1
vt 0 0.5
vt 0 0.5
vt 0 1
vt 0.5 1
vt 0.5 1
vt 0 1
vt 0 1
vt 0.5 1
vt 0.5 1
vt 0 1
vn -0.7933533402912352 0 -0.6087614290087207
vn 0.6087614290087207 0 -0.7933533402912352
vn 0.7933533402912352 0 0.6087614290087207
vn -0.6087614290087207 0 0.7933533402912352
vn 0 1 0
vn 0 -1 0
g Fruit
f 28/76/19 31/75/19 29/74/19 26/73/19
f 27/80/20 28/79/20 26/78/20 25/77/20
f 32/84/21 27/83/21 25/82/21 30/81/21
f 31/88/22 32/87/22 30/86/22 29/85/22
f 30/92/23 25/91/23 26/90/23 29/89/23
f 31/96/24 28/95/24 27/94/24 32/93/24
o cube
v -0.01210257690445038 2.988346930174557 0.2300215453969313
v 1.929402899640755 4.260270350884055 -0.8016602351902922
v -0.01210257690445038 2.988346930174557 0.2300215453969313
v 1.929402899640755 4.260270350884055 -0.8016602351902922
v 1.7588102739906384 4.306769301455083 -1.065368888195066
v -0.18269520255456695 3.034845880745585 -0.03368710760784268
v 1.7588102739906384 4.306769301455083 -1.065368888195066
v -0.18269520255456695 3.034845880745585 -0.03368710760784268
vt 0 1
vt 0.125 1
vt 0.125 1
vt 0 1
vt 0 1
vt 1 1
vt 1 1
vt 0 1
vt 0 1
vt 0.125 1
vt 0.125 1
vt 0 1
vt 0 1
vt 1 1
vt 1 1
vt 0 1
vt 0.4375 1
vt 0.5625 1
vt 0.5625 0
vt 0.4375 0
vt 0 1
vt 0.125 1
vt 0.125 0
vt 0 0
vn 0.7643722348603171 0.500757252247834 -0.40617392936504854
vn 0.5372996083468239 -0.1464533876252853 0.8305784346607056
vn -0.7643722348603171 -0.500757252247834 0.40617392936504854
vn -0.5372996083468239 0.1464533876252853 -0.8305784346607056
vn -0.35643262679641724 0.8531081874969184 0.38100157871159646
vn 0.35643262679641724 -0.8531081874969184 -0.38100157871159646
g Leaf
f 36/100/25 39/99/25 37/98/25 34/97/25
f 35/104/26 36/103/26 34/102/26 33/101/26
f 40/108/27 35/107/27 33/106/27 38/105/27
f 39/112/28 40/111/28 38/110/28 37/109/28
f 38/116/29 33/115/29 34/114/29 37/113/29
f 39/120/30 36/119/30 35/118/30 40/117/30
o cube
v 0.06413590473332542 3.00078548747984 0.19632057542440962
v 1.5171394062861183 4.185137304731593 -1.5176489684846397
v 0.06413590473332542 3.00078548747984 0.19632057542440962
v 1.5171394062861183 4.185137304731593 -1.5176489684846397
v 1.265249720743651 4.21870032903965 -1.7079943380543086
v -0.18775378080914165 3.034348511787897 0.005975205854740692
v 1.265249720743651 4.21870032903965 -1.7079943380543086
v -0.18775378080914165 3.034348511787897 0.005975205854740692
vt 0 1
vt 0.125 1
vt 0.125 1
vt 0 1
vt 0 1
vt 1 1
vt 1 1
vt 0 1
vt 0 1
vt 0.125 1
vt 0.125 1
vt 0 1
vt 0 1
vt 1 1
vt 1 1
vt 0 1
vt 0.4375 1
vt 0.5625 1
vt 0.5625 0
vt 0.4375 0
vt 0 1
vt 0.125 1
vt 0.125 0
vt 0 0
vn 0.5720486226585798 0.46628024301250126 -0.6747911590193107
vn 0.7933533402912349 -0.10571031278128085 0.5995129750225793
vn -0.5720486226585798 -0.46628024301250126 0.6747911590193107
vn -0.7933533402912349 0.10571031278128085 -0.5995129750225793
vn -0.2082086712007015 0.8782983916345781 0.43039642713311593
vn 0.2082086712007015 -0.8782983916345781 -0.43039642713311593
g Leaf
f 44/124/31 47/123/31 45/122/31 42/121/31
f 43/128/32 44/127/32 42/126/32 41/125/32
f 48/132/33 43/131/33 41/130/33 46/129/33
f 47/136/34 48/135/34 46/134/34 45/133/34
f 46/140/35 41/139/35 42/138/35 45/137/35
f 47/144/36 44/143/36 43/142/36 48/141/36
o cube
v 0.11978499848660099 3.0294234254743317 0.14904332408828228
v 0.9071228173039901 4.1028738102957085 -2.01414955459515
v 0.11978499848660099 3.0294234254743317 0.14904332408828228
v 0.9071228173039901 4.1028738102957085 -2.01414955459515
v 0.6087704102044642 4.1028738102957085 -2.12274095010105
v -0.17856740861292497 3.0294234254743317 0.040451928582382474
v 0.6087704102044642 4.1028738102957085 -2.12274095010105
v -0.17856740861292497 3.0294234254743317 0.040451928582382474
vt 0 1
vt 0.125 1
vt 0.125 1
vt 0 1
vt 0 1
vt 1 1
vt 1 1
vt 0 1
vt 0 1
vt 0.125 1
vt 0.125 1
vt 0 1
vt 0 1
vt 1 1
vt 1 1
vt 0 1
vt 0.4375 1
vt 0.5625 1
vt 0.5625 0
vt 0.4375 0
vt 0 1
vt 0.125 1
vt 0.125 0
vt 0 0
vn 0.30997551921944466 0.4226182617406994 -0.8516507396391466
vn 0.9396926207859084 0 0.34202014332566866
vn -0.30997551921944466 -0.4226182617406994 0.8516507396391466
vn -0.9396926207859084 0 -0.34202014332566866
vn -0.14454395845259896 0.90630778703665 0.3971312619671028
vn 0.14454395845259896 -0.90630778703665 -0.3971312619671028
g Leaf
f 52/148/37 55/147/37 53/146/37 50/145/37
f 51/152/38 52/151/38 50/150/38 49/149/38
f 56/156/39 51/155/39 49/154/39 54/153/39
f 55/160/40 56/159/40 54/158/40 53/157/40
f 54/164/41 49/163/41 50/162/41 53/161/41
f 55/168/42 52/167/42 51/166/42 56/165/42
o cube
v 0.15875 3.035820901123525 0.07458810177488166
v 0.15875000000000006 3.9045520651707233 -2.3122311550213257
v 0.15875 3.035820901123525 0.07458810177488166
v 0.15875000000000006 3.9045520651707233 -2.3122311550213257
v -0.15874999999999995 3.9045520651707233 -2.3122311550213257
v -0.15875 3.035820901123525 0.07458810177488166
v -0.15874999999999995 3.9045520651707233 -2.3122311550213257
v -0.15875 3.035820901123525 0.07458810177488166
vt 0 1
vt 0.125 1
vt 0.125 1
vt 0 1
vt 0 1
vt 1 1
vt 1 1
vt 0 1
vt 0 1
vt 0.125 1
vt 0.125 1
vt 0 1
vt 0 1
vt 1 1
vt 1 1
vt 0 1
vt 0.4375 1
vt 0.5625 1
vt 0.5625 0
vt 0.4375 0
vt 0 1
vt 0.125 1
vt 0.125 0
vt 0 0
vn 0 0.34202014332566866 -0.9396926207859084
vn 1 0 0
vn 0 -0.34202014332566866 0.9396926207859084
vn -1 0 0
vn 0 0.9396926207859084 0.34202014332566866
vn 0 -0.9396926207859084 -0.34202014332566866
g Leaf
f 60/172/43 63/171/43 61/170/43 58/169/43
f 59/176/44 60/175/44 58/174/44 57/173/44
f 64/180/45 59/179/45 57/178/45 62/177/45
f 63/184/46 64/183/46 62/182/46 61/181/46
f 62/188/47 57/187/47 58/186/47 61/185/47
f 63/192/48 60/191/48 59/190/48 64/189/48
o cube
v -0.08116542679576624 3.0444445901526045 -0.25031491390613786
v -1.254744272773861 5.199945519762023 0.404000327186147
v -0.08116542679576624 3.0444445901526045 -0.25031491390613786
v -1.254744272773861 5.199945519762023 0.404000327186147
v -1.2034579184637517 5.134831860824825 0.7104904106821522
v -0.029879072485657188 2.9793309312154057 0.056175169589867346
v -1.2034579184637517 5.134831860824825 0.7104904106821522
v -0.029879072485657188 2.9793309312154057 0.056175169589867346
vt 0 1
vt 0.125 1
vt 0.125 1
vt 0 1
vt 0 1
vt 1 1
vt 1 1
vt 0 1
vt 0 1
vt 0.125 1
vt 0.125 1
vt 0 1
vt 0 1
vt 1 1
vt 1 1
vt 0 1
vt 0.4375 1
vt 0.5625 1
vt 0.5625 0
vt 0.4375 0
vt 0 1
vt 0.125 1
vt 0.125 0
vt 0 0
vn -0.46203891573940714 0.848622413232055 0.2576044256268839
vn -0.16153182459876872 0.2050823903533805 -0.9653230976252131
vn 0.46203891573940714 -0.848622413232055 -0.2576044256268839
vn 0.16153182459876872 -0.2050823903533805 0.9653230976252131
vn 0.8720249480285216 0.48762815026118767 -0.0423234815286621
vn -0.8720249480285216 -0.48762815026118767 0.0423234815286621
g Leaf
f 68/196/49 71/195/49 69/194/49 66/193/49
f 67/200/50 68/199/50 66/198/50 65/197/50
f 72/204/51 67/203/51 65/202/51 70/201/51
f 71/208/52 72/207/52 70/206/52 69/205/52
f 70/212/53 65/211/53 66/210/53 69/209/53
f 71/216/54 68/215/54 67/214/54 72/213/54
o cube
v -0.22784287495907468 3.0333262867296953 -0.20020619552452723
v -1.0867065180227808 5.004583184834062 1.151866097032082
v -0.22784287495907468 3.0333262867296953 -0.20020619552452723
v -1.0867065180227808 5.004583184834062 1.151866097032082
v -0.8529633662830268 4.961970765106787 1.3624713455415929
v 0.00590027678067942 2.9907138670024196 0.010399052984983552
v -0.8529633662830268 4.961970765106787 1.3624713455415929
v 0.00590027678067942 2.9907138670024196 0.010399052984983552
vt 0 1
vt 0.125 1
vt 0.125 1
vt 0 1
vt 0 1
vt 1 1
vt 1 1
vt 0 1
vt 0 1
vt 0.125 1
vt 0.125 1
vt 0 1
vt 0 1
vt 1 1
vt 1 1
vt 0 1
vt 0.4375 1
vt 0.5625 1
vt 0.5625 0
vt 0.4375 0
vt 0 1
vt 0.125 1
vt 0.125 0
vt 0 0
vn -0.33813529254476643 0.7760853929544757 0.5323119262033894
vn -0.7361989031173358 0.1342123455977185 -0.6633236173527897
vn 0.33813529254476643 -0.7760853929544757 -0.5323119262033894
vn 0.7361989031173358 -0.1342123455977185 0.6633236173527897
vn 0.5862386024346206 0.6161805815926498 -0.5259712842766675
vn -0.5862386024346206 -0.6161805815926498 0.5259712842766675
g Leaf
f 76/220/55 79/219/55 77/218/55 74/217/55
f 75/224/56 76/223/56 74/222/56 73/221/56
f 80/228/57 75/227/57 73/226/57 78/225/57
f 79/232/58 80/231/58 78/230/58 77/229/58
f 78/236/59 73/235/59 74/234/59 77/233/59
f 79/240/60 76/239/60 75/238/60 80/237/60
o cube
v -0.29247479286103456 3.046830841094981 -0.13165087325482322
v -0.5659302076500571 4.866387756480113 1.6193587691505837
v -0.29247479286103456 3.046830841094981 -0.13165087325482322
v -0.5659302076500571 4.866387756480113 1.6193587691505837
v -0.2704031748858018 4.81209009687909 1.721934531723456
v 0.0030522399032208297 2.992533181493959 -0.029075110681951073
v -0.2704031748858018 4.81209009687909 1.721934531723456
v 0.0030522399032208297 2.992533181493959 -0.029075110681951073
vt 0 1
vt 0.125 1
vt 0.125 1
vt 0 1
vt 0 1
vt 1 1
vt 1 1
vt 0 1
vt 0 1
vt 0.125 1
vt 0.125 1
vt 0 1
vt 0 1
vt 1 1
vt 1 1
vt 0 1
vt 0.4375 1
vt 0.5625 1
vt 0.5625 0
vt 0.4375 0
vt 0 1
vt 0.125 1
vt 0.125 0
vt 0 0
vn -0.10765961212166243 0.7163609903091067 0.6893738749627585
vn -0.9307938039819068 0.17101625071188156 -0.32307326794605384
vn 0.10765961212166243 -0.7163609903091067 -0.6893738749627585
vn 0.9307938039819068 -0.17101625071188156 0.32307326794605384
vn 0.3493312216030871 0.6764468741562835 -0.648372827975917
vn -0.3493312216030871 -0.6764468741562835 0.648372827975917
g Leaf
f 84/244/61 87/243/61 85/242/61 82/241/61
f 83/248/62 84/247/62 82/246/62 81/245/62
f 88/252/63 83/251/63 81/250/63 86/249/63
f 87/256/64 88/255/64 86/254/64 85/253/64
f 86/260/65 81/259/65 82/258/65 85/257/65
f 87/264/66 84/263/66 83/262/66 88/261/66
o cube
v -0.32769847854668976 3.0267829412067067 -0.005472064916184828
v 0.18439032439573053 4.824051540123516 1.7147577573019428
v -0.32769847854668976 3.0267829412067067 -0.005472064916184828
v 0.18439032439573053 4.824051540123516 1.7147577573019428
v 0.49415126233538265 4.797413093559706 1.6503776012644338
v -0.01793754060703765 3.000144494642897 -0.06985222095369388
v 0.49415126233538265 4.797413093559706 1.6503776012644338
v -0.01793754060703765 3.000144494642897 -0.06985222095369388
vt 0 1
vt 0.125 1
vt 0.125 1
vt 0 1
vt 0 1
vt 1 1
vt 1 1
vt 0 1
vt 0 1
vt 0.125 1
vt 0.125 1
vt 0 1
vt 0 1
vt 1 1
vt 1 1
vt 0 1
vt 0.4375 1
vt 0.5625 1
vt 0.5625 0
vt 0.4375 0
vt 0 1
vt 0.125 1
vt 0.125 0
vt 0 0
vn 0.20160976493796082 0.7075860625656727 0.6772558355189479
vn -0.9756250013847314 0.08390061909861285 0.20277214500002852
vn -0.20160976493796082 -0.7075860625656727 -0.6772558355189479
vn 0.9756250013847314 -0.08390061909861285 -0.20277214500002852
vn -0.08665655979037777 0.7016285699554127 -0.7072538373650717
vn 0.08665655979037777 -0.7016285699554127 0.7072538373650717
g Leaf
f 92/268/67 95/267/67 93/266/67 90/265/67
f 91/272/68 92/271/68 90/270/68 89/269/68
f 96/276/69 91/275/69 89/274/69 94/273/69
f 95/280/70 96/279/70 94/278/70 93/277/70
f 94/284/71 89/283/71 90/282/71 93/281/71
f 95/288/72 92/287/72 91/286/72 96/285/72
o cube
v -0.3098061925829619 3.004215287891866 0.08033307180173103
v 0.6986367135618543 4.686798233549753 1.693887389458074
v -0.3098061925829619 3.004215287891866 0.08033307180173103
v 0.6986367135618543 4.686798233549753 1.693887389458074
v 0.9638598492497694 4.69502856029152 1.519545197153418
v -0.04458305689504682 3.0124456146336325 -0.09400912050292479
v 0.9638598492497694 4.69502856029152 1.519545197153418
v -0.04458305689504682 3.0124456146336325 -0.09400912050292479
vt 0 1
vt 0.125 1
vt 0.125 1
vt 0 1
vt 0 1
vt 1 1
vt 1 1
vt 0 1
vt 0 1
vt 0.125 1
vt 0.125 1
vt 0 1
vt 0 1
vt 1 1
vt 1 1
vt 0 1
vt 0.4375 1
vt 0.5625 1
vt 0.5625 0
vt 0.4375 0
vt 0 1
vt 0.125 1
vt 0.125 0
vt 0 0
vn 0.39702476619874655 0.6624342305739711 0.635257605376513
vn -0.835348458859575 -0.025922288950444655 0.549109267101278
vn -0.39702476619874655 -0.6624342305739711 -0.635257605376513
vn 0.835348458859575 0.025922288950444655 -0.549109267101278
vn -0.38021610605780987 0.748671440018544 -0.5430716228959085
vn 0.38021610605780987 -0.748671440018544 0.5430716228959085
g Leaf
f 100/292/73 103/291/73 101/290/73 98/289/73
f 99/296/74 100/295/74 98/294/74 97/293/74
f 104/300/75 99/299/75 97/298/75 102/297/75
f 103/304/76 104/303/76 102/302/76 101/301/76
f 102/308/77 97/307/77 98/306/77 101/305/77
f 103/312/78 100/311/78 99/310/78 104/309/78
o cube
v -0.21841383508062867 2.961336555916273 0.18260067282228015
v 1.3951488620942853 4.61982060318741 1.2301912833342128
v -0.21841383508062867 2.961336555916273 0.18260067282228015
v 1.3951488620942853 4.61982060318741 1.2301912833342128
v 1.5133021964861686 4.686226693329416 0.9430741107998419
v -0.10026050068874534 3.027742646058278 -0.10451649971209069
v 1.5133021964861686 4.686226693329416 0.9430741107998419
v -0.10026050068874534 3.027742646058278 -0.10451649971209069
vt 0 1
vt 0.125 1
vt 0.125 1
vt 0 1
vt 0 1
vt 1 1
vt 1 1
vt 0 1
vt 0 1
vt 0.125 1
vt 0.125 1
vt 0 1
vt 0 1
vt 1 1
vt 1 1
vt 0 1
vt 0.4375 1
vt 0.5625 1
vt 0.5625 0
vt 0.4375 0
vt 0 1
vt 0.125 1
vt 0.125 0
vt 0 0
vn 0.6352609043995725 0.6529464753035974 0.4124372482330444
vn -0.37213648627364837 -0.20915303981733896 0.9043060552263649
vn -0.6352609043995725 -0.6529464753035974 -0.4124372482330444
vn 0.37213648627364837 0.20915303981733896 -0.9043060552263649
vn -0.6767259555575951 0.7279532308629278 -0.11011845781196167
vn 0.6767259555575951 -0.7279532308629278 0.11011845781196167
g Leaf
f 108/316/79 111/315/79 109/314/79 106/313/79
f 107/320/80 108/319/80 106/318/80 105/317/80
f 112/324/81 107/323/81 105/322/81 110/321/81
f 111/328/82 112/327/82 110/326/82 109/325/82
f 110/332/83 105/331/83 106/330/83 109/329/83
f 111/336/84 108/335/84 107/334/84 112/333/84
o cube
v -0.16960777861702908 3.0040622743932004 0.22669799082619985
v 1.7571220521753 4.631645590844566 0.5271721280562394
v -0.16960777861702908 3.0040622743932004 0.22669799082619985
v 1.7571220521753 4.631645590844566 0.5271721280562394
v 1.7971520140483246 4.642371586801492 0.21238838457005454
v -0.1295778167440042 3.014788270350126 -0.08808575265998496
v 1.7971520140483246 4.642371586801492 0.21238838457005454
v -0.1295778167440042 3.014788270350126 -0.08808575265998496
vt 0 1
vt 0.125 1
vt 0.125 1
vt 0 1
vt 0 1
vt 1 1
vt 1 1
vt 0 1
vt 0 1
vt 0.125 1
vt 0.125 1
vt 0 1
vt 0 1
vt 1 1
vt 1 1
vt 0 1
vt 0.4375 1
vt 0.5625 1
vt 0.5625 0
vt 0.4375 0
vt 0 1
vt 0.125 1
vt 0.125 0
vt 0 0
vn 0.758555051493043 0.6407808332485693 0.11829690442127543
vn -0.12607862007251933 -0.03378266443126165 0.9914448613738105
vn -0.758555051493043 -0.6407808332485693 -0.11829690442127543
vn 0.12607862007251933 0.03378266443126165 -0.9914448613738105
vn -0.6392952490164435 0.7669802183402087 -0.0551627524676708
vn 0.6392952490164435 -0.7669802183402087 0.0551627524676708
g Leaf
f 116/340/85 119/339/85 117/338/85 114/337/85
f 115/344/86 116/343/86 114/342/86 113/341/86
f 120/348/87 115/347/87 113/346/87 118/345/87
f 119/352/88 120/351/88 118/350/88 117/349/88
f 118/356/89 113/355/89 114/354/89 117/353/89
f 119/360/90 116/359/90 115/358/90 120/357/90
o cube
v -0.09290389108703333 3.0312381732675537 0.24862430664796545
v 1.933092974261575 4.473479078523687 -0.2679779318330348
v -0.09290389108703333 3.0312381732675537 0.24862430664796545
v 1.933092974261575 4.473479078523687 -0.2679779318330348
v 1.8667149596547605 4.45569314311461 -0.5779519140936137
v -0.1592819056938478 3.0134522378584765 -0.061349675612613425
v 1.8667149596547605 4.45569314311461 -0.5779519140936137
v -0.1592819056938478 3.0134522378584765 -0.061349675612613425
vt 0 1
vt 0.125 1
vt 0.125 1
vt 0 1
vt 0 1
vt 1 1
vt 1 1
vt 0 1
vt 0 1
vt 0.125 1
vt 0.125 1
vt 0 1
vt 0 1
vt 1 1
vt 1 1
vt 0 1
vt 0.4375 1
vt 0.5625 1
vt 0.5625 0
vt 0.4375 0
vt 0 1
vt 0.125 1
vt 0.125 0
vt 0 0
vn 0.7976365611608696 0.5678113800220997 -0.20338670806338593
vn 0.2090646129348487 0.05601869420181805 0.9762960071199335
vn -0.7976365611608696 -0.5678113800220997 0.20338670806338593
vn -0.2090646129348487 -0.05601869420181805 -0.9762960071199335
vn -0.5657454409165525 0.8212503531915964 0.07402670778046214
vn 0.5657454409165525 -0.8212503531915964 -0.07402670778046214
g Leaf
f 124/364/91 127/363/91 125/362/91 122/361/91
f 123/368/92 124/367/92 122/366/92 121/365/92
f 128/372/93 123/371/93 121/370/93 126/369/93
f 127/376/94 128/375/94 126/374/94 125/373/94
f 126/380/95 121/379/95 122/378/95 125/377/95
f 127/384/96 124/383/96 123/382/96 128/381/96
o cube
v 0.15009520996532846 2.964077104053627 0.023827953132515026
v 0.3920710459921276 5.434352749888533 -0.5154177500252083
v 0.15009520996532846 2.964077104053627 0.023827953132515026
v 0.3920710459921276 5.434352749888533 -0.5154177500252083
v 0.0760284395372397 5.463280125907243 -0.5247197832369899
v -0.16594739648955947 2.9930044800723365 0.01452591992073352
v 0.0760284395372397 5.463280125907243 -0.5247197832369899
v -0.16594739648955947 2.9930044800723365 0.01452591992073352
vt 0 1
vt 0.125 1
vt 0.125 1
vt 0 1
vt 0 1
vt 1 1
vt 1 1
vt 0 1
vt 0 1
vt 0.125 1
vt 0.125 1
vt 0 1
vt 0 1
vt 1 1
vt 1 1
vt 0 1
vt 0.4375 1
vt 0.5625 1
vt 0.5625 0
vt 0.4375 0
vt 0 1
vt 0.125 1
vt 0.125 0
vt 0 0
vn 0.09526607717590534 0.9725494668641363 -0.21230145793611152
vn 0.995409784109883 -0.09110984572821859 0.02929774239931184
vn -0.09526607717590534 -0.9725494668641363 0.21230145793611152
vn -0.995409784109883 0.09110984572821859 -0.02929774239931184
vn -0.009150750670338463 0.21411802939889082 0.9767649324420411
vn 0.009150750670338463 -0.21411802939889082 -0.9767649324420411
g Leaf
f 132/388/97 135/387/97 133/386/97 130/385/97
f 131/392/98 132/391/98 130/390/98 129/389/98
f 136/396/99 131/395/99 129/394/99 134/393/99
f 135/400/100 136/399/100 134/398/100 133/397/100
f 134/404/101 129/403/101 130/402/101 133/401/101
f 135/408/102 132/407/102 131/406/102 136/405/102
o cube
v 0.16783593712603662 3.0195820444074735 -0.0028727326875716205
v -0.22614777030542177 5.460191574916937 -0.5857980777060723
v 0.16783593712603662 3.0195820444074735 -0.0028727326875716205
v -0.22614777030542177 5.460191574916937 -0.5857980777060723
v -0.5393463653304931 5.416348451935745 -0.5576792114135393
v -0.14536265789903474 2.975738921426281 0.025246133604961463
v -0.5393463653304931 5.416348451935745 -0.5576792114135393
v -0.14536265789903474 2.975738921426281 0.025246133604961463
vt 0 1
vt 0.125 1
vt 0.125 1
vt 0 1
vt 0 1
vt 1 1
vt 1 1
vt 0 1
vt 0 1
vt 0.125 1
vt 0.125 1
vt 0 1
vt 0 1
vt 1 1
vt 1 1
vt 0 1
vt 0.4375 1
vt 0.5625 1
vt 0.5625 0
vt 0.4375 0
vt 0 1
vt 0.125 1
vt 0.125 0
vt 0 0
vn -0.15511169583915663 0.9608698939013638 -0.22949816733011852
vn 0.9864522677955003 0.13808857631871743 -0.08856335840167888
vn 0.15511169583915663 -0.9608698939013638 0.22949816733011852
vn -0.9864522677955003 -0.13808857631871743 0.08856335840167888
vn 0.05340678959659898 0.24012620032860196 0.9692714391442331
vn -0.05340678959659898 -0.24012620032860196 -0.9692714391442331
g Leaf
f 140/412/103 143/411/103 141/410/103 138/409/103
f 139/416/104 140/415/104 138/414/104 137/413/104
f 144/420/105 139/419/105 137/418/105 142/417/105
f 143/424/106 144/423/106 142/422/106 141/421/106
f 142/428/107 137/427/107 138/426/107 141/425/107
f 143/432/108 140/431/108 139/430/108 144/429/108
o cube
v 0.07143904591782399 3.0126990123437123 -0.19424722206473005
v -0.7819598732063429 5.392909163921081 -0.4348920208153799
v 0.07143904591782399 3.0126990123437123 -0.19424722206473005
v -0.7819598732063429 5.392909163921081 -0.4348920208153799
v -0.9474869794666011 5.36076005781374 -0.16586885811446278
v -0.09408806034243429 2.980549906236372 0.07477594063618712
v -0.9474869794666011 5.36076005781374 -0.16586885811446278
v -0.09408806034243429 2.980549906236372 0.07477594063618712
vt 0 1
vt 0.125 1
vt 0.125 1
vt 0 1
vt 0 1
vt 1 1
vt 1 1
vt 0 1
vt 0 1
vt 0.125 1
vt 0.125 1
vt 0 1
vt 0 1
vt 1 1
vt 1 1
vt 0 1
vt 0.4375 1
vt 0.5625 1
vt 0.5625 0
vt 0.4375 0
vt 0 1
vt 0.125 1
vt 0.125 0
vt 0 0
vn -0.33598382642683733 0.937090610857232 -0.0947420467522245
vn 0.5213452165677426 0.10125702710973401 -0.8473170478769044
vn 0.33598382642683733 -0.937090610857232 0.0947420467522245
vn -0.5213452165677426 -0.10125702710973401 0.8473170478769044
vn 0.7844195519882932 0.33407813682448373 0.5225684308818961
vn -0.7844195519882932 -0.33407813682448373 -0.5225684308818961
g Leaf
f 148/436/109 151/435/109 149/434/109 146/433/109
f 147/440/110 148/439/110 146/438/110 145/437/110
f 152/444/111 147/443/111 145/442/111 150/441/111
f 151/448/112 152/447/112 150/446/112 149/445/112
f 150/452/113 145/451/113 146/450/113 149/449/113
f 151/456/114 148/455/114 147/454/114 152/453/114
o cube
v -0.06955954725211612 3.0056768043294806 -0.24418271048262283
v -1.1501790272983143 5.291141626525274 0.0018093337997855674
v -0.06955954725211612 3.0056768043294806 -0.24418271048262283
v -1.1501790272983143 5.291141626525274 0.0018093337997855674
v -1.1182404859602346 5.272303186494474 0.31713661259818227
v -0.03762100591403625 2.9868383642986815 0.0711445683157739
v -1.1182404859602346 5.272303186494474 0.31713661259818227
v -0.03762100591403625 2.9868383642986815 0.0711445683157739
vt 0 1
vt 0.125 1
vt 0.125 1
vt 0 1
vt 0 1
vt 1 1
vt 1 1
vt 0 1
vt 0 1
vt 0.125 1
vt 0.125 1
vt 0 1
vt 0 1
vt 1 1
vt 1 1
vt 0 1
vt 0.4375 1
vt 0.5625 1
vt 0.5625 0
vt 0.4375 0
vt 0 1
vt 0.125 1
vt 0.125 0
vt 0 0
vn -0.42544074017566835 0.899789300077084 0.09684726152850709
vn -0.10059383098607826 0.05933366938834403 -0.9931567836169972
vn 0.42544074017566835 -0.899789300077084 -0.09684726152850709
vn 0.10059383098607826 -0.05933366938834403 0.9931567836169972
vn 0.8993781505942445 0.4322715941901648 -0.06527029255312042
vn -0.8993781505942445 -0.4322715941901648 0.06527029255312042
g Leaf
f 156/460/115 159/459/115 157/458/115 154/457/115
f 155/464/116 156/463/116 154/462/116 153/461/116
f 160/468/117 155/467/117 153/466/117 158/465/117
f 159/472/118 160/471/118 158/470/118 157/469/118
f 158/476/119 153/475/119 154/474/119 157/473/119
f 159/480/120 156/479/120 155/478/120 160/477/120
o cube
v -0.0478437651359816 3.226471930174557 -0.22531612869950896
v -1.6561751535114069 4.4983953508840555 1.273710541182326
v -0.0478437651359816 3.226471930174557 -0.22531612869950896
v -1.6561751535114069 4.4983953508840555 1.273710541182326
v -1.4231425088655287 4.544894301455083 1.4842809192632445
v 0.18518887950989646 3.2729708807455853 -0.01474575061859039
v -1.4231425088655287 4.544894301455083 1.4842809192632445
v 0.18518887950989646 3.2729708807455853 -0.01474575061859039
vt 0 1
vt 0.125 1
vt 0.125 1
vt 0 1
vt 0 1
vt 1 1
vt 1 1
vt 0 1
vt 0 1
vt 0.125 1
vt 0.125 1
vt 0 1
vt 0 1
vt 1 1
vt 1 1
vt 0 1
vt 0.4375 1
vt 0.5625 1
vt 0.5625 0
vt 0.4375 0
vt 0 1
vt 0.125 1
vt 0.125 0
vt 0 0
vn -0.6332013340060731 0.500757252247834 0.5901679802684392
vn -0.7339610854988287 -0.14645338762528531 -0.6632137892312396
vn 0.6332013340060731 -0.500757252247834 -0.5901679802684392
vn 0.7339610854988287 0.14645338762528531 0.6632137892312396
vn 0.2456770147700243 0.8531081874969184 -0.46027081684527027
vn -0.2456770147700243 -0.8531081874969184 0.46027081684527027
g Leaf
f 164/484/121 167/483/121 165/482/121 162/481/121
f 163/488/122 164/487/122 162/486/122 161/485/122
f 168/492/123 163/491/123 161/490/123 166/489/123
f 167/496/124 168/495/124 166/494/124 165/493/124
f 166/500/125 161/499/125 162/498/125 165/497/125
f 167/504/126 164/503/126 163/502/126 168/501/126
o cube
v -0.1127620306396574 3.2389104874798402 -0.17303152041450268
v -1.0726476777886051 4.423262304731593 1.8586009063226558
v -0.1127620306396574 3.2389104874798402 -0.17303152041450268
v -1.0726476777886051 4.423262304731593 1.8586009063226558
v -0.7800759183555962 4.45682532903965 1.9772665668212608
v 0.17980972879335178 3.272473511787897 -0.05436585991589768
v -0.7800759183555962 4.45682532903965 1.9772665668212608
v 0.17980972879335178 3.272473511787897 -0.05436585991589768
vt 0 1
vt 0.125 1
vt 0.125 1
vt 0 1
vt 0 1
vt 1 1
vt 1 1
vt 0 1
vt 0 1
vt 0.125 1
vt 0.125 1
vt 0 1
vt 0 1
vt 1 1
vt 1 1
vt 0 1
vt 0.4375 1
vt 0.5625 1
vt 0.5625 0
vt 0.4375 0
vt 0 1
vt 0.125 1
vt 0.125 0
vt 0 0
vn -0.377907735098011 0.4662802430125012 0.7998552861169915
vn -0.9214858564819189 -0.1057103127812809 -0.37375011180663
vn 0.377907735098011 -0.4662802430125012 -0.7998552861169915
vn 0.9214858564819189 0.1057103127812809 0.37375011180663
vn 0.08971934048395688 0.8782983916345781 -0.46961939397264807
vn -0.08971934048395688 -0.8782983916345781 0.46961939397264807
g Leaf
f 172/508/127 175/507/127 173/506/127 170/505/127
f 171/512/128 172/511/128 170/510/128 169/509/128
f 176/516/129 171/515/129 169/514/129 174/513/129
f 175/520/130 176/519/130 174/518/130 173/517/130
f 174/524/131 169/523/131 170/522/131 173/521/131
f 175/528/132 172/527/132 171/526/132 176/525/132
o cube
v -0.15427867445963958 3.267548425474332 -0.1129621570469345
v -0.3549130924360402 4.340998810295709 2.180299734157406
v -0.15427867445963958 3.267548425474332 -0.1129621570469345
v -0.3549130924360402 4.340998810295709 2.180299734157406
v -0.038621275791910964 4.340998810295709 2.207971682479788
v 0.16201314218448962 3.267548425474332 -0.08529020872455301
v -0.038621275791910964 4.340998810295709 2.207971682479788
v 0.16201314218448962 3.267548425474332 -0.08529020872455301
vt 0 1
vt 0.125 1
vt 0.125 1
vt 0 1
vt 0 1
vt 1 1
vt 1 1
vt 0 1
vt 0 1
vt 0.125 1
vt 0.125 1
vt 0 1
vt 0 1
vt 1 1
vt 1 1
vt 0 1
vt 0.4375 1
vt 0.5625 1
vt 0.5625 0
vt 0.4375 0
vt 0 1
vt 0.125 1
vt 0.125 0
vt 0 0
vn -0.07898992833716571 0.4226182617406993 0.9028590122851735
vn -0.9961946980917457 0 -0.08715574274765818
vn 0.07898992833716571 -0.4226182617406993 -0.9028590122851735
vn 0.9961946980917457 0 0.08715574274765818
vn 0.036833608500734916 0.90630778703665 -0.4210100716628344
vn -0.036833608500734916 -0.90630778703665 0.4210100716628344
g Leaf
f 180/532/133 183/531/133 181/530/133 178/529/133
f 179/536/134 180/535/134 178/534/134 177/533/134
f 184/540/135 179/539/135 177/538/135 182/537/135
f 183/544/136 184/543/136 182/542/136 181/541/136
f 182/548/137 177/547/137 178/546/137 181/545/137
f 183/552/138 180/551/138 179/550/138 184/549/138
o cube
v -0.17264554620077407 3.273945901123525 -0.030959050428210552
v 0.44510873467552814 4.142677065170724 2.2745313123953257
v -0.17264554620077407 3.273945901123525 -0.030959050428210552
v 0.44510873467552814 4.142677065170724 2.2745313123953257
v 0.7517901845223073 4.142677065170724 2.1923562655752757
v 0.1340359036460051 3.273945901123525 -0.11313409724826083
v 0.7517901845223073 4.142677065170724 2.1923562655752757
v 0.1340359036460051 3.273945901123525 -0.11313409724826083
vt 0 1
vt 0.125 1
vt 0.125 1
vt 0 1
vt 0 1
vt 1 1
vt 1 1
vt 0 1
vt 0 1
vt 0.125 1
vt 0.125 1
vt 0 1
vt 0 1
vt 1 1
vt 1 1
vt 0 1
vt 0.4375 1
vt 0.5625 1
vt 0.5625 0
vt 0.4375 0
vt 0 1
vt 0.125 1
vt 0.125 0
vt 0 0
vn 0.24321034680169384 0.34202014332566866 0.9076733711903688
vn -0.9659258262890684 0 0.25881904510252063
vn -0.24321034680169384 -0.34202014332566866 -0.9076733711903688
vn 0.9659258262890684 0 -0.25881904510252063
vn -0.0885213269013768 0.9396926207859084 -0.3303660895493521
vn 0.0885213269013768 -0.9396926207859084 0.3303660895493521
g Leaf
f 188/556/139 191/555/139 189/554/139 186/553/139
f 187/560/140 188/559/140 186/558/140 185/557/140
f 192/564/141 187/563/141 185/562/141 190/561/141
f 191/568/142 192/567/142 190/566/142 189/565/142
f 190/572/143 185/571/143 186/570/143 189/569/143
f 191/576/144 188/575/144 187/574/144 192/573/144
o cube
v 0.14318604893591158 3.2825695901526046 0.22077848178864443
v 1.1074269195571431 5.438070519762023 -0.7149860643855206
v 0.14318604893591158 3.2825695901526046 0.22077848178864443
v 1.1074269195571431 5.438070519762023 -0.7149860643855206
v 0.9785626346489692 5.372956860824825 -0.9977588662864729
v 0.014321764027737771 3.217455931215406 -0.061994320112307925
v 0.9785626346489692 5.372956860824825 -0.9977588662864729
v 0.014321764027737771 3.217455931215406 -0.061994320112307925
vt 0 1
vt 0.125 1
vt 0.125 1
vt 0 1
vt 0 1
vt 1 1
vt 1 1
vt 0 1
vt 0 1
vt 0.125 1
vt 0.125 1
vt 0 1
vt 0 1
vt 1 1
vt 1 1
vt 0 1
vt 0.4375 1
vt 0.5625 1
vt 0.5625 0
vt 0.4375 0
vt 0 1
vt 0.125 1
vt 0.125 0
vt 0 0
vn 0.37962239000835873 0.8486224132320548 -0.36841123865124603
vn 0.40587176349031145 0.20508239035338055 0.8906229981132356
vn -0.37962239000835873 -0.8486224132320548 0.36841123865124603
vn -0.40587176349031145 -0.20508239035338055 -0.8906229981132356
vn -0.8313572953944691 0.48762815026118767 0.26657800822132016
vn 0.8313572953944691 -0.48762815026118767 -0.26657800822132016
g Leaf
f 196/580/145 199/579/145 197/578/145 194/577/145
f 195/584/146 196/583/146 194/582/146 193/581/146
f 200/588/147 195/587/147 193/586/147 198/585/147
f 199/592/148 200/591/148 198/590/148 197/589/148
f 198/596/149 193/595/149 194/594/149 197/593/149
f 199/600/150 196/599/150 195/598/150 200/597/150
o cube
v 0.2718964936081877 3.2714512867296954 0.13441425950989902
v 0.7515530080350603 5.242708184834062 -1.393877554851419
v 0.2718964936081877 3.2714512867296954 0.13441425950989902
v 0.7515530080350603 5.242708184834062 -1.393877554851419
v 0.4712658117386167 5.200095765106787 -1.5368094242062462
v -0.008390702688255924 3.2288388670024197 -0.008517609844928019
v 0.4712658117386167 5.200095765106787 -1.5368094242062462
v -0.008390702688255924 3.2288388670024197 -0.008517609844928019
vt 0 1
vt 0.125 1
vt 0.125 1
vt 0 1
vt 0 1
vt 1 1
vt 1 1
vt 0 1
vt 0 1
vt 0.125 1
vt 0.125 1
vt 0 1
vt 0 1
vt 1 1
vt 1 1
vt 0 1
vt 0.4375 1
vt 0.5625 1
vt 0.5625 0
vt 0.4375 0
vt 0 1
vt 0.125 1
vt 0.125 0
vt 0 0
vn 0.18884114741215477 0.7760853929544755 -0.6016896906934324
vn 0.882794319043917 0.13421234559771844 0.4501791160781953
vn -0.18884114741215477 -0.7760853929544755 0.6016896906934324
vn -0.882794319043917 -0.13421234559771844 -0.4501791160781953
vn -0.43013162091137597 0.6161805815926497 0.6597789626536272
vn 0.43013162091137597 -0.6161805815926497 -0.6597789626536272
g Leaf
f 204/604/151 207/603/151 205/602/151 202/601/151
f 203/608/152 204/607/152 202/606/152 201/605/152
f 208/612/153 203/611/153 201/610/153 206/609/153
f 207/616/154 208/615/154 206/614/154 205/613/154
f 206/620/155 201/619/155 202/618/155 205/617/155
f 207/624/156 204/623/156 203/622/156 208/621/156
o cube
v 0.3165827092657451 3.2849558410949813 0.051466931925492065
v 0.1275257131363784 5.104512756480113 -1.7106539730888857
v 0.3165827092657451 3.2849558410949813 0.051466931925492065
v 0.1275257131363784 5.104512756480113 -1.7106539730888857
v -0.1844800410969651 5.05021509687909 -1.7332465268872925
v 0.0045769550324016445 3.230658181493959 0.028874378127085133
v -0.1844800410969651 5.05021509687909 -1.7332465268872925
v 0.0045769550324016445 3.230658181493959 0.028874378127085133
vt 0 1
vt 0.125 1
vt 0.125 1
vt 0 1
vt 0 1
vt 1 1
vt 1 1
vt 0 1
vt 0 1
vt 0.125 1
vt 0.125 1
vt 0 1
vt 0 1
vt 1 1
vt 1 1
vt 0 1
vt 0.4375 1
vt 0.5625 1
vt 0.5625 0
vt 0.4375 0
vt 0 1
vt 0.125 1
vt 0.125 0
vt 0 0
vn -0.07443188823990822 0.7163609903091069 -0.693748387800936
vn 0.9826952889239169 0.1710162507118815 0.07115764975876185
vn 0.07443188823990822 -0.7163609903091069 0.693748387800936
vn -0.9826952889239169 -0.1710162507118815 -0.07115764975876185
vn -0.16961681266838394 0.6764468741562836 0.7166936328058257
vn 0.16961681266838394 -0.6764468741562836 -0.7166936328058257
g Leaf
f 212/628/157 215/627/157 213/626/157 210/625/157
f 211/632/158 212/631/158 210/630/158 209/629/158
f 216/636/159 211/635/159 209/634/159 214/633/159
f 215/640/160 216/639/160 214/638/160 213/637/160
f 214/644/161 209/643/161 210/642/161 213/641/161
f 215/648/162 212/647/162 211/646/162 216/645/162
o cube
v 0.31794869828022776 3.264907941206707 -0.07952899847332982
v -0.6219193417786838 5.062176540123516 -1.6086050759212216
v 0.31794869828022776 3.264907941206707 -0.07952899847332982
v -0.6219193417786838 5.062176540123516 -1.6086050759212216
v -0.9044626212009397 5.0355380935597065 -1.4662465903364696
v 0.035405418857971854 3.238269494642897 0.06282948711142217
v -0.9044626212009397 5.0355380935597065 -1.4662465903364696
v 0.035405418857971854 3.238269494642897 0.06282948711142217
vt 0 1
vt 0.125 1
vt 0.125 1
vt 0 1
vt 0 1
vt 1 1
vt 1 1
vt 0 1
vt 0 1
vt 0.125 1
vt 0.125 1
vt 0 1
vt 0 1
vt 1 1
vt 1 1
vt 0 1
vt 0.4375 1
vt 0.5625 1
vt 0.5625 0
vt 0.4375 0
vt 0 1
vt 0.125 1
vt 0.125 0
vt 0 0
vn -0.3700267874247685 0.7075860625656726 -0.6019984556881465
vn 0.8899000926685228 0.0839006190986128 -0.4483731829441008
vn 0.3700267874247685 -0.7075860625656726 0.6019984556881465
vn -0.8899000926685228 -0.0839006190986128 0.4483731829441008
vn 0.26675457195081 0.7016285699554126 0.6607263791961563
vn -0.26675457195081 -0.7016285699554126 -0.6607263791961563
g Leaf
f 220/652/163 223/651/163 221/650/163 218/649/163
f 219/656/164 220/655/164 218/654/164 217/653/164
f 224/660/165 219/659/165 217/658/165 222/657/165
f 223/664/166 224/663/166 222/662/166 221/661/166
f 222/668/167 217/667/167 218/666/167 221/665/167
f 223/672/168 220/671/168 219/670/168 224/669/168
o cube
v 0.2784580736262914 3.2423402878918663 -0.15777953168959588
v -1.1132415614738531 4.9249232335497535 -1.45534908922528
v 0.2784580736262914 3.2423402878918663 -0.15777953168959588
v -1.1132415614738531 4.9249232335497535 -1.45534908922528
v -1.3243043582308092 4.93315356029152 -1.2183026643485155
v 0.06739527686933541 3.2505706146336326 0.07926689318716884
v -1.3243043582308092 4.93315356029152 -1.2183026643485155
v 0.06739527686933541 3.2505706146336326 0.07926689318716884
vt 0 1
vt 0.125 1
vt 0.125 1
vt 0 1
vt 0 1
vt 1 1
vt 1 1
vt 0 1
vt 0 1
vt 0.125 1
vt 0.125 1
vt 0 1
vt 0 1
vt 1 1
vt 1 1
vt 0 1
vt 0.4375 1
vt 0.5625 1
vt 0.5625 0
vt 0.4375 0
vt 0 1
vt 0.125 1
vt 0.125 0
vt 0 0
vn -0.5479132421654115 0.6624342305739711 -0.5108541565101122
vn 0.664764714195137 -0.02592228895044464 -0.7466029129976842
vn 0.5479132421654115 -0.6624342305739711 0.5108541565101122
vn -0.664764714195137 0.02592228895044464 0.7466029129976842
vn 0.5078178352724974 0.748671440018544 0.4261597365773948
vn -0.5078178352724974 -0.748671440018544 -0.4261597365773948
g Leaf
f 228/676/169 231/675/169 229/674/169 226/673/169
f 227/680/170 228/679/170 226/678/170 225/677/170
f 232/684/171 227/683/171 225/682/171 230/681/171
f 231/688/172 232/687/172 230/686/172 229/685/172
f 230/692/173 225/691/173 226/690/173 229/689/173
f 231/696/174 228/695/174 227/694/174 232/693/174
o cube
v 0.16371103234828022 3.1994615559162733 -0.23290836600954848
v -1.6660072506606811 4.85794560318741 -0.8271824355850976
v 0.16371103234828022 3.1994615559162733 -0.23290836600954848
v -1.6660072506606811 4.85794560318741 -0.8271824355850976
v -1.705823215384088 4.924351693329416 -0.5192682102800685
v 0.12389506762487322 3.265867646058278 0.07500585929548068
v -1.705823215384088 4.924351693329416 -0.5192682102800685
v 0.12389506762487322 3.265867646058278 0.07500585929548068
vt 0 1
vt 0.125 1
vt 0.125 1
vt 0 1
vt 0 1
vt 1 1
vt 1 1
vt 0 1
vt 0 1
vt 0.125 1
vt 0.125 1
vt 0 1
vt 0 1
vt 1 1
vt 1 1
vt 0 1
vt 0.4375 1
vt 0.5625 1
vt 0.5625 0
vt 0.4375 0
vt 0 1
vt 0.125 1
vt 0.125 0
vt 0 0
vn -0.7203615287436859 0.6529464753035975 -0.23396616912423196
vn 0.1254046133020693 -0.20915303981733893 -0.9698085836378874
vn 0.7203615287436859 -0.6529464753035975 0.23396616912423196
vn -0.1254046133020693 0.20915303981733893 0.9698085836378874
vn 0.6821678318922835 0.7279532308629278 -0.0687833032618105
vn -0.6821678318922835 -0.7279532308629278 0.0687833032618105
g Leaf
f 236/700/175 239/699/175 237/698/175 234/697/175
f 235/704/176 236/703/176 234/702/176 233/701/176
f 240/708/177 235/707/177 233/706/177 238/705/177
f 239/712/178 240/711/178 238/710/178 237/709/178
f 238/716/179 233/715/179 234/714/179 237/713/179
f 239/720/180 236/719/180 235/718/180 240/717/180
o cube
v 0.10515477619341015 3.2421872743932005 -0.2628711674104878
v -1.8336917569263491 4.869770590844566 -0.05443252171669699
v 0.10515477619341015 3.2421872743932005 -0.2628711674104878
v -1.8336917569263491 4.869770590844566 -0.05443252171669699
v -1.7908857030219796 4.880496586801492 0.2599857423200287
v 0.14796083009777983 3.2529132703501262 0.05154709662623788
v -1.7908857030219796 4.880496586801492 0.2599857423200287
v 0.14796083009777983 3.2529132703501262 0.05154709662623788
vt 0 1
vt 0.125 1
vt 0.125 1
vt 0 1
vt 0 1
vt 1 1
vt 1 1
vt 0 1
vt 0 1
vt 0.125 1
vt 0.125 1
vt 0 1
vt 0 1
vt 1 1
vt 1 1
vt 0 1
vt 0.4375 1
vt 0.5625 1
vt 0.5625 0
vt 0.4375 0
vt 0 1
vt 0.125 1
vt 0.125 0
vt 0 0
vn -0.7633254067400629 0.6407808332485693 0.08206245893456329
vn -0.1348222170216368 -0.033782664431261586 -0.9902937449975615
vn 0.7633254067400629 -0.6407808332485693 -0.08206245893456329
vn 0.1348222170216368 0.033782664431261586 0.9902937449975615
