# Made in Blockbench 4.12.3

o cube
v 0.046875 1.78125 0.046875
v 0.046875 1.78125 -0.053125000000000006
v 0.046875 1.71875 0.046875
v 0.046875 1.71875 -0.053125000000000006
v -0.046875 1.78125 -0.053125000000000006
v -0.046875 1.78125 0.046875
v -0.046875 1.71875 -0.053125000000000006
v -0.046875 1.71875 0.046875
vt 0.008370535714285714 1
vt 0.05859375 1
vt 0.05859375 0.9375
vt 0.008370535714285714 0.9375
vt 0 1
vt 0.06696428571428571 1
vt 0.06696428571428571 0
vt 0 0
vt 0.008370535714285714 1
vt 0.05859375 1
vt 0.05859375 0.9375
vt 0.008370535714285714 0.9375
vt 0.008370535714285714 1
vt 0.05859375 1
vt 0.05859375 0.9375
vt 0.008370535714285714 0.9375
vt 0 0.07142857142857151
vt 0.06696428571428571 0.07142857142857151
vt 0.06696428571428571 0
vt 0 0
vt 0 0.07142857142857151
vt 0.06696428571428571 0.07142857142857151
vt 0.06696428571428571 0
vt 0 0
vn 0 0 -1
vn 1 0 0
vn 0 0 1
vn -1 0 0
vn 0 1 0
vn 0 -1 0
g Trunk
f 4/4/1 7/3/1 5/2/1 2/1/1
f 3/8/2 4/7/2 2/6/2 1/5/2
f 8/12/3 3/11/3 1/10/3 6/9/3
f 7/16/4 8/15/4 6/14/4 5/13/4
f 6/20/5 1/19/5 2/18/5 5/17/5
f 7/24/6 4/23/6 3/22/6 8/21/6
o cube
v 0.0625 1.7249999999999996 0.0625
v 0.0625 1.7249999999999996 -0.06875
v 0.0625 0.16874999999999973 0.0625
v 0.0625 0.16874999999999973 -0.06875
v -0.0625 1.7249999999999996 -0.06875
v -0.0625 1.7249999999999996 0.0625
v -0.0625 0.16874999999999973 -0.06875
v -0.0625 0.16874999999999973 0.0625
vt 0.004185267857142857 0.9375
vt 0.06277901785714286 0.9375
vt 0.06277901785714286 0.14285714285714268
vt 0.004185267857142857 0.14285714285714268
vt 0.004185267857142857 0.9375
vt 0.06277901785714286 0.9375
vt 0.06277901785714286 0.14285714285714268
vt 0.004185267857142857 0.14285714285714268
vt 0.004185267857142857 0.9375
vt 0.06277901785714286 0.9375
vt 0.06277901785714286 0.14285714285714268
vt 0.004185267857142857 0.14285714285714268
vt 0.004185267857142857 0.9375
vt 0.06277901785714286 0.9375
vt 0.06277901785714286 0.14285714285714268
vt 0.004185267857142857 0.14285714285714268
vt 0 0.07142857142857151
vt 0.06696428571428571 0.07142857142857151
vt 0.06696428571428571 0
vt 0 0
vt 0.004185267857142857 0.07142857142857151
vt 0.06696428571428571 0.07142857142857151
vt 0.06696428571428571 0
vt 0.004185267857142857 0
vn 0 0 -1
vn 1 0 0
vn 0 0 1
vn -1 0 0
vn 0 1 0
vn 0 -1 0
g Trunk
f 12/28/7 15/27/7 13/26/7 10/25/7
f 11/32/8 12/31/8 10/30/8 9/29/8
f 16/36/9 11/35/9 9/34/9 14/33/9
f 15/40/10 16/39/10 14/38/10 13/37/10
f 14/44/11 9/43/11 10/42/11 13/41/11
f 15/48/12 12/47/12 11/46/12 16/45/12
o cube
v 0.078125 0.171875 0.078125
v 0.078125 0.171875 -0.078125
v 0.078125 0 0.078125
v 0.078125 0 -0.078125
v -0.078125 0.171875 -0.078125
v -0.078125 0.171875 0.078125
v -0.078125 0 -0.078125
v -0.078125 0 0.078125
vt 0 0.1473214285714285
vt 0.06696428571428571 0.1473214285714285
vt 0.06696428571428571 0.0758928571428571
vt 0 0.0758928571428571
vt 0 0.1473214285714285
vt 0.06696428571428571 0.1473214285714285
vt 0.06696428571428571 0.0758928571428571
vt 0 0.0758928571428571
vt 0 0.1473214285714285
vt 0.06696428571428571 0.1473214285714285
vt 0.06696428571428571 0.0758928571428571
vt 0 0.0758928571428571
vt 0 0.1473214285714285
vt 0.06696428571428571 0.1473214285714285
vt 0.06696428571428571 0.0758928571428571
vt 0 0.0758928571428571
vt 0 0.0758928571428571
vt 0.06696428571428571 0.0758928571428571
vt 0.06696428571428571 0
vt 0 0
vt 0 0.07142857142857151
vt 0.06696428571428571 0.07142857142857151
vt 0.06696428571428571 0
vt 0 0
vn 0 0 -1
vn 1 0 0
vn 0 0 1
vn -1 0 0
vn 0 1 0
vn 0 -1 0
g Trunk
f 20/52/13 23/51/13 21/50/13 18/49/13
f 19/56/14 20/55/14 18/54/14 17/53/14
f 24/60/15 19/59/15 17/58/15 22/57/15
f 23/64/16 24/63/16 22/62/16 21/61/16
f 22/68/17 17/67/17 18/66/17 21/65/17
f 23/72/18 20/71/18 19/70/18 24/69/18
o cube
v 0.25 1.8125 0
v 0.25 1.9407575537471258 -0.35238473279471566
v 0.25 1.8125 0
v 0.25 1.9407575537471258 -0.35238473279471566
v -0.25 1.9407575537471258 -0.35238473279471566
v -0.25 1.8125 0
v -0.25 1.9407575537471258 -0.35238473279471566
v -0.25 1.8125 0
vt 0 0.5703125
vt 0.46875 0.5703125
vt 0.46875 0.3125000000000001
vt 0 0.3125000000000001
vt 0 1
vt 0.46875 1
vt 0.46875 0.3125000000000001
vt 0 0.3125000000000001
vt 0 1
vt 0 1
vt 0 0.95703125
vt 0 0.95703125
vt 0 0.5703125
vt 0.46875 0.5703125
vt 0.46875 0.3125000000000001
vt 0 0.3125000000000001
vt 0 0.5703125
vt 0.46875 0.5703125
vt 0.46875 0.3125000000000001
vt 0 0.3125000000000001
vt 0 1
vt 0.05859375 1
vt 0.05859375 0.978515625
vt 0 0.978515625
vn 0 0.34202014332566866 -0.9396926207859084
vn 1 0 0
vn 0 -0.34202014332566866 0.9396926207859084
vn -1 0 0
vn 0 0.9396926207859084 0.34202014332566866
vn 0 -0.9396926207859084 -0.34202014332566866
g Frond
f 28/76/19 31/75/19 29/74/19 26/73/19
f 27/80/20 28/79/20 26/78/20 25/77/20
f 32/84/21 27/83/21 25/82/21 30/81/21
f 31/88/22 32/87/22 30/86/22 29/85/22
f 30/92/23 25/91/23 26/90/23 29/89/23
f 31/96/24 28/95/24 27/94/24 32/93/24
o cube
v 0.25 1.9406960032625622 -0.3523955858058199
v 0.25 1.984108047679295 -0.5985975240588719
v 0.25 1.9406960032625622 -0.3523955858058199
v 0.25 1.984108047679295 -0.5985975240588719
v -0.25 1.984108047679295 -0.5985975240588719
v -0.25 1.9406960032625622 -0.3523955858058199
v -0.25 1.984108047679295 -0.5985975240588719
v -0.25 1.9406960032625622 -0.3523955858058199
vt 0 0.7421875
vt 0.46875 0.7421875
vt 0.46875 0.5703125
vt 0 0.5703125
vt 0 1
vt 0.46875 1
vt 0.46875 0.3125000000000001
vt 0 0.3125000000000001
vt 0 1
vt 0 1
vt 0 0.95703125
vt 0 0.95703125
vt 0 0.7421875
vt 0.46875 0.7421875
vt 0.46875 0.5703125
vt 0 0.5703125
vt 0 0.7421875
vt 0.46875 0.7421875
vt 0.46875 0.5703125
vt 0 0.5703125
vt 0 1
vt 0.05859375 1
vt 0.05859375 0.978515625
vt 0 0.978515625
vn 0 0.17364817766693033 -0.984807753012208
vn 1 0 0
vn 0 -0.17364817766693033 0.984807753012208
vn -1 0 0
vn 0 0.984807753012208 0.17364817766693033
vn 0 -0.984807753012208 -0.17364817766693033
g Frond
f 36/100/25 39/99/25 37/98/25 34/97/25
f 35/104/26 36/103/26 34/102/26 33/101/26
f 40/108/27 35/107/27 33/106/27 38/105/27
f 39/112/28 40/111/28 38/110/28 37/109/28
f 38/116/29 33/115/29 34/114/29 37/113/29
f 39/120/30 36/119/30 35/118/30 40/117/30
o cube
v 0.25 1.9841070981638582 -0.5985866710477676
v 0.25 1.9841070981638582 -0.9735866710477676
v 0.25 1.9841070981638582 -0.5985866710477676
v 0.25 1.9841070981638582 -0.9735866710477676
v -0.25 1.9841070981638582 -0.9735866710477676
v -0.25 1.9841070981638582 -0.5985866710477676
v -0.25 1.9841070981638582 -0.9735866710477676
v -0.25 1.9841070981638582 -0.5985866710477676
vt 0 1
vt 0.46875 1
vt 0.46875 0.7421875
vt 0 0.7421875
vt 0 1
vt 0.46875 1
vt 0.46875 0.3125000000000001
vt 0 0.3125000000000001
vt 0 1
vt 0 1
vt 0 0.95703125
vt 0 0.95703125
vt 0 1
vt 0.46875 1
vt 0.46875 0.7421875
vt 0 0.7421875
vt 0 1
vt 0.46875 1
vt 0.46875 0.7421875
vt 0 0.7421875
vt 0 1
vt 0.05859375 1
vt 0.05859375 0.978515625
vt 0 0.978515625
vn 0 0 -1
vn 1 0 0
vn 0 0 1
vn -1 0 0
vn 0 1 0
vn 0 -1 0
g Frond
f 44/124/31 47/123/31 45/122/31 42/121/31
f 43/128/32 44/127/32 42/126/32 41/125/32
f 48/132/33 43/131/33 41/130/33 46/129/33
f 47/136/34 48/135/34 46/134/34 45/133/34
f 46/140/35 41/139/35 42/138/35 45/137/35
f 47/144/36 44/143/36 43/142/36 48/141/36
o cube
v 0.25 1.9406960032625622 -0.3523955858058199
v 0.25 1.984108047679295 -0.5985975240588719
v 0.25 1.9406960032625622 -0.3523955858058199
v 0.25 1.984108047679295 -0.5985975240588719
v -0.25 1.984108047679295 -0.5985975240588719
v -0.25 1.9406960032625622 -0.3523955858058199
v -0.25 1.984108047679295 -0.5985975240588719
v -0.25 1.9406960032625622 -0.3523955858058199
vt 0 0.7421875
vt 0.46875 0.7421875
vt 0.46875 0.5703125
vt 0 0.5703125
vt 0 1
vt 0.46875 1
vt 0.46875 0.3125000000000001
vt 0 0.3125000000000001
vt 0 1
vt 0 1
vt 0 0.95703125
vt 0 0.95703125
vt 0 0.7421875
vt 0.46875 0.7421875
vt 0.46875 0.5703125
vt 0 0.5703125
vt 0 0.7421875
vt 0.46875 0.7421875
vt 0.46875 0.5703125
vt 0 0.5703125
vt 0 1
vt 0.05859375 1
vt 0.05859375 0.978515625
vt 0 0.978515625
vn 0 0.17364817766693033 -0.984807753012208
vn 1 0 0
vn 0 -0.17364817766693033 0.984807753012208
vn -1 0 0
vn 0 0.984807753012208 0.17364817766693033
vn 0 -0.984807753012208 -0.17364817766693033
g Frond
f 52/148/37 55/147/37 53/146/37 50/145/37
f 51/152/38 52/151/38 50/150/38 49/149/38
f 56/156/39 51/155/39 49/154/39 54/153/39
f 55/160/40 56/159/40 54/158/40 53/157/40
f 54/164/41 49/163/41 50/162/41 53/161/41
f 55/168/42 52/167/42 51/166/42 56/165/42
o cube
v 0.25 1.8125 0
v 0.25 1.9407575537471258 -0.35238473279471566
v 0.25 1.8125 0
v 0.25 1.9407575537471258 -0.35238473279471566
v -0.25 1.9407575537471258 -0.35238473279471566
v -0.25 1.8125 0
v -0.25 1.9407575537471258 -0.35238473279471566
v -0.25 1.8125 0
vt 0 0.5703125
vt 0.46875 0.5703125
vt 0.46875 0.3125000000000001
vt 0 0.3125000000000001
vt 0 1
vt 0.46875 1
vt 0.46875 0.3125000000000001
vt 0 0.3125000000000001
vt 0 1
vt 0 1
vt 0 0.95703125
vt 0 0.95703125
vt 0 0.5703125
vt 0.46875 0.5703125
vt 0.46875 0.3125000000000001
vt 0 0.3125000000000001
vt 0 0.5703125
vt 0.46875 0.5703125
vt 0.46875 0.3125000000000001
vt 0 0.3125000000000001
vt 0 1
vt 0.05859375 1
vt 0.05859375 0.978515625
vt 0 0.978515625
vn 0 0.34202014332566866 -0.9396926207859084
vn 1 0 0
vn 0 -0.34202014332566866 0.9396926207859084
vn -1 0 0
vn 0 0.9396926207859084 0.34202014332566866
vn 0 -0.9396926207859084 -0.34202014332566866
g Frond
f 60/172/43 63/171/43 61/170/43 58/169/43
f 59/176/44 60/175/44 58/174/44 57/173/44
f 64/180/45 59/179/45 57/178/45 62/177/45
f 63/184/46 64/183/46 62/182/46 61/181/46
f 62/188/47 57/187/47 58/186/47 61/185/47
f 63/192/48 60/191/48 59/190/48 64/189/48
o cube
v 0.25 1.9841070981638582 -0.5985866710477676
v 0.25 1.9841070981638582 -0.9735866710477676
v 0.25 1.9841070981638582 -0.5985866710477676
v 0.25 1.9841070981638582 -0.9735866710477676
v -0.25 1.9841070981638582 -0.9735866710477676
v -0.25 1.9841070981638582 -0.5985866710477676
v -0.25 1.9841070981638582 -0.9735866710477676
v -0.25 1.9841070981638582 -0.5985866710477676
vt 0 1
vt 0.46875 1
vt 0.46875 0.7421875
vt 0 0.7421875
vt 0 1
vt 0.46875 1
vt 0.46875 0.3125000000000001
vt 0 0.3125000000000001
vt 0 1
vt 0 1
vt 0 0.95703125
vt 0 0.95703125
vt 0 1
vt 0.46875 1
vt 0.46875 0.7421875
vt 0 0.7421875
vt 0 1
vt 0.46875 1
vt 0.46875 0.7421875
vt 0 0.7421875
vt 0 1
vt 0.05859375 1
vt 0.05859375 0.978515625
vt 0 0.978515625
vn 0 0 -1
vn 1 0 0
vn 0 0 1
vn -1 0 0
vn 0 1 0
vn 0 -1 0
g Frond
f 68/196/49 71/195/49 69/194/49 66/193/49
f 67/200/50 68/199/50 66/198/50 65/197/50
f 72/204/51 67/203/51 65/202/51 70/201/51
f 71/208/52 72/207/52 70/206/52 69/205/52
f 70/212/53 65/211/53 66/210/53 69/209/53
f 71/216/54 68/215/54 67/214/54 72/213/54
o cube
v -0.4269424777285034 1.9406960032625626 0.027058782215063977
v -0.6155441044123755 1.9841080476792952 0.18531433760493615
v -0.4269424777285034 1.9406960032625626 0.027058782215063977
v -0.6155441044123755 1.9841080476792952 0.18531433760493615
v -0.29415029956910593 1.9841080476792952 0.5683365591644252
v -0.10554867288523373 1.9406960032625626 0.410081003774553
v -0.29415029956910593 1.9841080476792952 0.5683365591644252
v -0.10554867288523373 1.9406960032625626 0.410081003774553
vt 0 0.7421875
vt 0.46875 0.7421875
vt 0.46875 0.5703125
vt 0 0.5703125
vt 0 1
vt 0.46875 1
vt 0.46875 0.3125000000000001
vt 0 0.3125000000000001
vt 0 1
vt 0 1
vt 0 0.95703125
vt 0 0.95703125
vt 0 0.7421875
vt 0.46875 0.7421875
vt 0.46875 0.5703125
vt 0 0.5703125
vt 0 0.7421875
vt 0.46875 0.7421875
vt 0.46875 0.5703125
vt 0 0.5703125
vt 0 1
vt 0.05859375 1
vt 0.05859375 0.978515625
vt 0 0.978515625
vn -0.7544065067354891 0.17364817766693033 0.6330222215594891
vn -0.6427876096865393 0 -0.766044443118978
vn 0.7544065067354891 -0.17364817766693033 -0.6330222215594891
vn 0.6427876096865393 0 0.766044443118978
vn 0.13302222155948903 0.9848077530122081 -0.11161889704894966
vn -0.13302222155948903 -0.9848077530122081 0.11161889704894966
g Frond
f 76/220/55 79/219/55 77/218/55 74/217/55
f 75/224/56 76/223/56 74/222/56 73/221/56
f 80/228/57 75/227/57 73/226/57 78/225/57
f 79/232/58 80/231/58 78/230/58 77/229/58
f 78/236/59 73/235/59 74/234/59 77/233/59
f 79/240/60 76/239/60 75/238/60 80/237/60
o cube
v -0.15699179744229788 1.8125 -0.19945673404914685
v -0.42693416383965577 1.9407575537471258 0.02705180603399832
v -0.15699179744229788 1.8125 -0.19945673404914685
v -0.42693416383965577 1.9407575537471258 0.02705180603399832
v -0.10554035899638618 1.9407575537471258 0.4100740275934873
v 0.16440200740097172 1.8125 0.18356548751034216
v -0.10554035899638618 1.9407575537471258 0.4100740275934873
v 0.16440200740097172 1.8125 0.18356548751034216
vt 0 0.5703125
vt 0.46875 0.5703125
vt 0.46875 0.3125000000000001
vt 0 0.3125000000000001
vt 0 1
vt 0.46875 1
vt 0.46875 0.3125000000000001
vt 0 0.3125000000000001
vt 0 1
vt 0 1
vt 0 0.95703125
vt 0 0.95703125
vt 0 0.5703125
vt 0.46875 0.5703125
vt 0.46875 0.3125000000000001
vt 0 0.3125000000000001
vt 0 0.5703125
vt 0.46875 0.5703125
vt 0.46875 0.3125000000000001
vt 0 0.3125000000000001
vt 0 1
vt 0.05859375 1
vt 0.05859375 0.978515625
vt 0 0.978515625
vn -0.7198463103929543 0.3420201433256687 0.6040227735550537
vn -0.6427876096865393 0 -0.7660444431189781
vn 0.7198463103929543 -0.3420201433256687 -0.6040227735550537
vn 0.6427876096865393 0 0.7660444431189781
vn 0.26200263022938497 0.9396926207859084 -0.2198463103929542
vn -0.26200263022938497 -0.9396926207859084 0.2198463103929542
g Frond
f 84/244/61 87/243/61 85/242/61 82/241/61
f 83/248/62 84/247/62 82/246/62 81/245/62
f 88/252/63 83/251/63 81/250/63 86/249/63
f 87/256/64 88/255/64 86/254/64 85/253/64
f 86/260/65 81/259/65 82/258/65 85/257/65
f 87/264/66 84/263/66 83/262/66 88/261/66
o cube
v -0.6155357905235279 1.9841070981638582 0.18530736142387055
v -0.9028024566931447 1.9841070981638582 0.4263527150563228
v -0.6155357905235279 1.9841070981638582 0.18530736142387055
v -0.9028024566931447 1.9841070981638582 0.4263527150563228
v -0.5814086518498751 1.9841070981638582 0.8093749366158117
v -0.29414198568025834 1.9841070981638582 0.5683295829833596
v -0.5814086518498751 1.9841070981638582 0.8093749366158117
v -0.29414198568025834 1.9841070981638582 0.5683295829833596
vt 0 1
vt 0.46875 1
vt 0.46875 0.7421875
vt 0 0.7421875
vt 0 1
vt 0.46875 1
vt 0.46875 0.3125000000000001
vt 0 0.3125000000000001
vt 0 1
vt 0 1
vt 0 0.95703125
vt 0 0.95703125
vt 0 1
vt 0.46875 1
vt 0.46875 0.7421875
vt 0 0.7421875
vt 0 1
vt 0.46875 1
vt 0.46875 0.7421875
vt 0 0.7421875
vt 0 1
vt 0.05859375 1
vt 0.05859375 0.978515625
vt 0 0.978515625
vn -0.766044443118978 0 0.6427876096865393
vn -0.6427876096865393 0 -0.766044443118978
vn 0.766044443118978 0 -0.6427876096865393
vn 0.6427876096865393 0 0.766044443118978
vn 0 1 0
vn 0 -1 0
g Frond
f 92/268/67 95/267/67 93/266/67 90/265/67
f 91/272/68 92/271/68 90/270/68 89/269/68
f 96/276/69 91/275/69 89/274/69 94/273/69
f 95/280/70 96/279/70 94/278/70 93/277/70
f 94/284/71 89/283/71 90/282/71 93/281/71
f 95/288/72 92/287/72 91/286/72 96/285/72
o cube
v 0.2254317095955271 1.9406960032625626 0.3591382505287512
v 0.4528926412121294 1.9841080476792952 0.453355653314367
v 0.2254317095955271 1.9406960032625626 0.3591382505287512
v 0.4528926412121294 1.9841080476792952 0.453355653314367
v 0.6442343573946743 1.9841080476792952 -0.008584112941276378
v 0.416773425778072 1.9406960032625626 -0.10280151572689221
v 0.6442343573946743 1.9841080476792952 -0.008584112941276378
v 0.416773425778072 1.9406960032625626 -0.10280151572689221
vt 0 0.7421875
vt 0.46875 0.7421875
vt 0.46875 0.5703125
vt 0 0.5703125
vt 0 1
vt 0.46875 1
vt 0.46875 0.3125000000000001
vt 0 0.3125000000000001
vt 0 1
vt 0 1
vt 0 0.95703125
vt 0 0.95703125
vt 0 0.7421875
vt 0.46875 0.7421875
vt 0.46875 0.5703125
vt 0 0.5703125
vt 0 0.7421875
vt 0.46875 0.7421875
vt 0.46875 0.5703125
vt 0 0.5703125
vt 0 1
vt 0.05859375 1
vt 0.05859375 0.978515625
vt 0 0.978515625
vn 0.9098437264664095 0.17364817766693036 0.3768696111424634
vn -0.3826834323650898 0 0.9238795325112867
vn -0.9098437264664095 -0.17364817766693036 -0.3768696111424634
vn 0.3826834323650898 0 -0.9238795325112867
vn -0.16042999720436046 0.9848077530122081 -0.06645228065352383
vn 0.16042999720436046 -0.9848077530122081 0.06645228065352383
g Frond
f 100/292/73 103/291/73 101/290/73 98/289/73
f 99/296/74 100/295/74 98/294/74 97/293/74
f 104/300/75 99/299/75 97/298/75 102/297/75
f 103/304/76 104/303/76 102/302/76 101/301/76
f 102/308/77 97/307/77 98/306/77 101/305/77
f 103/312/78 100/311/78 99/310/78 104/309/78
o cube
v -0.10013935947779498 1.8125 0.22428229820227347
v 0.22542168272070173 1.9407575537471258 0.3591340972612103
v -0.10013935947779498 1.8125 0.22428229820227347
v 0.22542168272070173 1.9407575537471258 0.3591340972612103
v 0.41676339890324665 1.9407575537471258 -0.1028056689944331
v 0.09120235670474992 1.8125 -0.23765746805336996
v 0.41676339890324665 1.9407575537471258 -0.1028056689944331
v 0.09120235670474992 1.8125 -0.23765746805336996
vt 0 0.5703125
vt 0.46875 0.5703125
vt 0.46875 0.3125000000000001
vt 0 0.3125000000000001
vt 0 1
vt 0.46875 1
vt 0.46875 0.3125000000000001
vt 0 0.3125000000000001
vt 0 1
vt 0 1
vt 0 0.95703125
vt 0 0.95703125
vt 0 0.5703125
vt 0.46875 0.5703125
vt 0.46875 0.3125000000000001
vt 0 0.3125000000000001
vt 0 0.5703125
vt 0.46875 0.5703125
vt 0.46875 0.3125000000000001
vt 0 0.3125000000000001
vt 0 1
vt 0.05859375 1
vt 0.05859375 0.978515625
vt 0 0.978515625
vn 0.868162779195991 0.3420201433256687 0.3596047974904982
vn -0.3826834323650898 0 0.9238795325112868
vn -0.868162779195991 -0.3420201433256687 -0.3596047974904982
vn 0.3826834323650898 0 -0.9238795325112868
vn -0.315985410125162 0.9396926207859084 -0.13088544238586683
vn 0.315985410125162 -0.9396926207859084 0.13088544238586683
g Frond
f 108/316/79 111/315/79 109/314/79 106/313/79
f 107/320/80 108/319/80 106/318/80 105/317/80
f 112/324/81 107/323/81 105/322/81 110/321/81
f 111/328/82 112/327/82 110/326/82 109/325/82
f 110/332/83 105/331/83 106/330/83 109/329/83
f 111/336/84 108/335/84 107/334/84 112/333/84
o cube
v 0.4528826143373041 1.9841070981638582 0.4533515000468262
v 0.7993374390290366 1.9841070981638582 0.5968577871837348
v 0.4528826143373041 1.9841070981638582 0.4533515000468262
v 0.7993374390290366 1.9841070981638582 0.5968577871837348
v 0.9906791552115817 1.9841070981638582 0.13491802092809144
v 0.644224330519849 1.9841070981638582 -0.00858826620881726
v 0.9906791552115817 1.9841070981638582 0.13491802092809144
v 0.644224330519849 1.9841070981638582 -0.00858826620881726
vt 0 1
vt 0.46875 1
vt 0.46875 0.7421875
vt 0 0.7421875
vt 0 1
vt 0.46875 1
vt 0.46875 0.3125000000000001
vt 0 0.3125000000000001
vt 0 1
vt 0 1
vt 0 0.95703125
vt 0 0.95703125
vt 0 1
vt 0.46875 1
vt 0.46875 0.7421875
vt 0 0.7421875
vt 0 1
vt 0.46875 1
vt 0.46875 0.7421875
vt 0 0.7421875
vt 0 1
vt 0.05859375 1
vt 0.05859375 0.978515625
vt 0 0.978515625
vn 0.9238795325112868 0 0.38268343236508984
vn -0.38268343236508984 0 0.9238795325112868
vn -0.9238795325112868 0 -0.38268343236508984
vn 0.38268343236508984 0 -0.9238795325112868
vn 0 1 0
vn 0 -1 0
g Frond
f 116/340/85 119/339/85 117/338/85 114/337/85
f 115/344/86 116/343/86 114/342/86 113/341/86
f 120/348/87 115/347/87 113/346/87 118/345/87
f 119/352/88 120/351/88 118/350/88 117/349/88
f 118/356/89 113/355/89 114/354/89 117/353/89
f 119/360/90 116/359/90 115/358/90 120/357/90
o cube
v -0.1837724218883029 2.0262735682791915 -0.3515557506571515
v -0.39310222553799234 2.1319281337143665 -0.43826299433774996
v -0.1837724218883029 2.0262735682791915 -0.3515557506571515
v -0.39310222553799234 2.1319281337143665 -0.43826299433774996
v -0.5844439417205374 2.1319281337143665 0.023676771917893327
v -0.3751141380708479 2.0262735682791915 0.11038401559849177
v -0.5844439417205374 2.1319281337143665 0.023676771917893327
v -0.3751141380708479 2.0262735682791915 0.11038401559849177
vt 0 0.7421875
vt 0.46875 0.7421875
vt 0.46875 0.5703125
vt 0 0.5703125
vt 0 1
vt 0.46875 1
vt 0.46875 0.3125000000000001
vt 0 0.3125000000000001
vt 0 1
vt 0 1
vt 0 0.95703125
vt 0 0.95703125
vt 0 0.7421875
vt 0.46875 0.7421875
vt 0.46875 0.5703125
vt 0 0.5703125
vt 0 0.7421875
vt 0.46875 0.7421875
vt 0.46875 0.5703125
vt 0 0.5703125
vt 0 1
vt 0.05859375 1
vt 0.05859375 0.978515625
vt 0 0.978515625
vn -0.837319214598759 0.42261826174069933 -0.3468289747223943
vn 0.3826834323650901 0 -0.9238795325112867
vn 0.837319214598759 -0.42261826174069933 0.3468289747223943
vn -0.3826834323650901 0 0.9238795325112867
vn 0.39044836208773 0.9063077870366499 0.16172900698309892
vn -0.39044836208773 -0.9063077870366499 -0.16172900698309892
g Frond
f 124/364/91 127/363/91 125/362/91 122/361/91
f 123/368/92 124/367/92 122/366/92 121/365/92
f 128/372/93 123/371/93 121/370/93 126/369/93
f 127/376/94 128/375/94 126/374/94 125/373/94
f 126/380/95 121/379/95 122/378/95 125/377/95
f 127/384/96 124/383/96 123/382/96 128/381/96
o cube
v 0.10005115903434483 1.81123904888424 -0.23399217411769302
v -0.18374801886567205 2.0263302125158824 -0.35154564259421484
v 0.10005115903434483 1.81123904888424 -0.23399217411769302
v -0.18374801886567205 2.0263302125158824 -0.35154564259421484
v -0.3750897350482171 2.0263302125158824 0.11039412366142837
v -0.09129055714820021 1.81123904888424 0.2279475921379502
v -0.3750897350482171 2.0263302125158824 0.11039412366142837
v -0.09129055714820021 1.81123904888424 0.2279475921379502
vt 0 0.5703125
vt 0.46875 0.5703125
vt 0.46875 0.3125000000000001
vt 0 0.3125000000000001
vt 0 1
vt 0.46875 1
vt 0.46875 0.3125000000000001
vt 0 0.3125000000000001
vt 0 1
vt 0 1
vt 0 0.95703125
vt 0 0.95703125
vt 0 0.5703125
vt 0.46875 0.5703125
vt 0.46875 0.3125000000000001
vt 0 0.3125000000000001
vt 0 0.5703125
vt 0.46875 0.5703125
vt 0.46875 0.3125000000000001
vt 0 0.3125000000000001
vt 0 1
vt 0.05859375 1
vt 0.05859375 0.978515625
vt 0 0.978515625
vn -0.7567978077333786 0.5735764363510459 -0.3134759159373918
vn 0.38268343236509 0 -0.9238795325112867
vn 0.7567978077333786 -0.5735764363510459 0.3134759159373918
vn -0.38268343236509 0 0.9238795325112867
vn 0.5299155298754943 0.8191520442889918 0.21949819938655502
vn -0.5299155298754943 -0.8191520442889918 -0.21949819938655502
g Frond
f 132/388/97 135/387/97 133/386/97 130/385/97
f 131/392/98 132/391/98 130/390/98 129/389/98
f 136/396/99 131/395/99 129/394/99 134/393/99
f 135/400/100 136/399/100 134/398/100 133/397/100
f 134/404/101 129/403/101 130/402/101 133/401/101
f 135/408/102 132/407/102 131/406/102 136/405/102
o cube
v -0.3930927673665116 2.1319244075869137 -0.43825907663484737
v -0.7277424301787075 2.228981549500359 -0.5768755056152423
v -0.3930927673665116 2.1319244075869137 -0.43825907663484737
v -0.7277424301787075 2.228981549500359 -0.5768755056152423
v -0.9190841463612526 2.228981549500359 -0.114935739359599
v -0.5844344835490566 2.1319244075869137 0.02368068962079587
v -0.9190841463612526 2.228981549500359 -0.114935739359599
v -0.5844344835490566 2.1319244075869137 0.02368068962079587
vt 0 1
vt 0.46875 1
vt 0.46875 0.7421875
vt 0 0.7421875
vt 0 1
vt 0.46875 1
vt 0.46875 0.3125000000000001
vt 0 0.3125000000000001
vt 0 1
vt 0 1
vt 0 0.95703125
vt 0 0.95703125
vt 0 1
vt 0.46875 1
vt 0.46875 0.7421875
vt 0 0.7421875
vt 0 1
vt 0.46875 1
vt 0.46875 0.7421875
vt 0 0.7421875
vt 0 1
vt 0.05859375 1
vt 0.05859375 0.978515625
vt 0 0.978515625
vn -0.8923991008325226 0.25881904510252063 -0.3696438106143864
vn 0.38268343236509 0 -0.9238795325112866
vn 0.8923991008325226 -0.25881904510252063 0.3696438106143864
vn -0.38268343236509 0 0.9238795325112866
vn 0.2391176183943345 0.9659258262890684 0.09904576054128769
vn -0.2391176183943345 -0.9659258262890684 -0.09904576054128769
g Frond
f 140/412/103 143/411/103 141/410/103 138/409/103
f 139/416/104 140/415/104 138/414/104 137/413/104
f 144/420/105 139/419/105 137/418/105 142/417/105
f 143/424/106 144/423/106 142/422/106 141/421/106
f 142/428/107 137/427/107 138/426/107 141/425/107
f 143/432/108 140/431/108 139/430/108 144/429/108
o cube
v 0.363678087171014 2.0639223091997208 0.059897096966764325
v 0.5415053698886013 2.198247211286427 -0.053391376412816875
v 0.363678087171014 2.0639223091997208 0.059897096966764325
v 0.5415053698886013 2.198247211286427 -0.053391376412816875
v 0.2728555657151894 2.198247211286427 -0.47508709931925963
v 0.0950282829976021 2.0639223091997208 -0.36179862593967843
v 0.2728555657151894 2.198247211286427 -0.47508709931925963
v 0.0950282829976021 2.0639223091997208 -0.36179862593967843
vt 0 0.7421875
vt 0.46875 0.7421875
vt 0.46875 0.5703125
vt 0 0.5703125
vt 0 1
vt 0.46875 1
vt 0.46875 0.3125000000000001
vt 0 0.3125000000000001
vt 0 1
vt 0 1
vt 0 0.95703125
vt 0 0.95703125
vt 0 0.7421875
vt 0.46875 0.7421875
vt 0.46875 0.5703125
vt 0 0.5703125
vt 0 0.7421875
vt 0.46875 0.7421875
vt 0.46875 0.5703125
vt 0 0.5703125
vt 0 1
vt 0.05859375 1
vt 0.05859375 0.978515625
vt 0 0.978515625
vn 0.7113091308703497 0.5372996083468239 -0.4531538935183252
vn 0.5372996083468239 0 0.8433914458128857
vn -0.7113091308703497 -0.5372996083468239 0.4531538935183252
vn -0.5372996083468239 0 -0.8433914458128857
vn -0.453153893518325 0.8433914458128857 0.28869086912965036
vn 0.453153893518325 -0.8433914458128857 -0.28869086912965036
g Frond
f 148/436/109 151/435/109 149/434/109 146/433/109
f 147/440/110 148/439/110 146/438/110 145/437/110
f 152/444/111 147/443/111 145/442/111 150/441/111
f 151/448/112 152/447/112 150/446/112 149/445/112
f 150/452/113 145/451/113 146/450/113 149/449/113
f 151/456/114 148/455/114 147/454/114 152/453/114
o cube
v 0.1304697404061575 1.8106286933092113 0.20846719926273585
v 0.36364976505266916 2.063975021165084 0.059915140146084976
v 0.1304697404061575 1.8106286933092113 0.20846719926273585
v 0.36364976505266916 2.063975021165084 0.059915140146084976
v 0.09499996087925722 2.063975021165084 -0.3617805827603578
v -0.13818006376725445 1.8106286933092113 -0.21322852364370695
v 0.09499996087925722 2.063975021165084 -0.3617805827603578
v -0.13818006376725445 1.8106286933092113 -0.21322852364370695
vt 0 0.5703125
vt 0.46875 0.5703125
vt 0.46875 0.3125000000000001
vt 0 0.3125000000000001
vt 0 1
vt 0.46875 1
vt 0.46875 0.3125000000000001
vt 0 0.3125000000000001
vt 0 1
vt 0 1
vt 0 0.95703125
vt 0 0.95703125
vt 0 0.5703125
vt 0.46875 0.5703125
vt 0.46875 0.3125000000000001
vt 0 0.3125000000000001
vt 0 0.5703125
vt 0.46875 0.5703125
vt 0.46875 0.3125000000000001
vt 0 0.3125000000000001
vt 0 1
vt 0.05859375 1
vt 0.05859375 0.978515625
vt 0 0.978515625
vn 0.6218133990573644 0.6755902076156602 -0.39613882431106917
vn 0.5372996083468238 0 0.8433914458128856
vn -0.6218133990573644 -0.6755902076156602 0.39613882431106917
vn -0.5372996083468238 0 -0.8433914458128856
vn -0.5697870019779993 0.7372773368101242 0.3629943539548437
vn 0.5697870019779993 -0.7372773368101242 -0.3629943539548437
g Frond
f 156/460/115 159/459/115 157/458/115 154/457/115
f 155/464/116 156/463/116 154/462/116 153/461/116
f 160/468/117 155/467/117 153/466/117 158/465/117
f 159/472/118 160/471/118 158/470/118 157/469/118
f 158/476/119 153/475/119 154/474/119 157/473/119
f 159/480/120 156/479/120 155/478/120 160/477/120
o cube
v 0.5414972197660886 2.198242180781008 -0.053386184212142
v 0.8336942552716987 2.341748467917917 -0.23953622582887743
v 0.5414972197660886 2.198242180781008 -0.053386184212142
v 0.8336942552716987 2.341748467917917 -0.23953622582887743
v 0.5650444510982867 2.341748467917917 -0.6612319487353202
v 0.2728474155926766 2.198242180781008 -0.4750819071185848
v 0.5650444510982867 2.341748467917917 -0.6612319487353202
v 0.2728474155926766 2.198242180781008 -0.4750819071185848
vt 0 1
vt 0.46875 1
vt 0.46875 0.7421875
vt 0 0.7421875
vt 0 1
vt 0.46875 1
vt 0.46875 0.3125000000000001
vt 0 0.3125000000000001
vt 0 1
vt 0 1
vt 0 0.95703125
vt 0 0.95703125
vt 0 1
vt 0.46875 1
vt 0.46875 0.7421875
vt 0 0.7421875
vt 0 1
vt 0.46875 1
vt 0.46875 0.7421875
vt 0 0.7421875
vt 0 1
vt 0.05859375 1
vt 0.05859375 0.978515625
vt 0 0.978515625
vn 0.779192094681627 0.38268343236508967 -0.4964001109779611
vn 0.5372996083468238 0 0.8433914458128856
vn -0.779192094681627 -0.38268343236508967 0.4964001109779611
vn -0.5372996083468238 0 -0.8433914458128856
vn -0.3227519333110307 0.9238795325112868 0.205615658330581
vn 0.3227519333110307 -0.9238795325112868 -0.205615658330581
g Frond
f 164/484/121 167/483/121 165/482/121 162/481/121
f 163/488/122 164/487/122 162/486/122 161/485/122
f 168/492/123 163/491/123 161/490/123 166/489/123
f 167/496/124 168/495/124 166/494/124 165/493/124
f 166/500/125 161/499/125 162/498/125 165/497/125
f 167/504/126 164/503/126 163/502/126 168/501/126
o cube
v -0.2235257264739441 2.039263283352961 0.3086808957597887
v -0.20419870447622734 2.1547004366617193 0.5295897680503101
v -0.2235257264739441 2.039263283352961 0.3086808957597887
v -0.20419870447622734 2.1547004366617193 0.5295897680503101
v 0.2938986445696453 2.1547004366617193 0.486011896676481
v 0.2745716225719286 2.039263283352961 0.26510302438595956
v 0.2938986445696453 2.1547004366617193 0.486011896676481
v 0.2745716225719286 2.039263283352961 0.26510302438595956
vt 0 0.7421875
vt 0.46875 0.7421875
vt 0.46875 0.5703125
vt 0 0.5703125
vt 0 1
vt 0.46875 1
vt 0.46875 0.3125000000000001
vt 0 0.3125000000000001
vt 0 1
vt 0 1
vt 0 0.95703125
vt 0 0.95703125
vt 0 0.7421875
vt 0.46875 0.7421875
vt 0.46875 0.5703125
vt 0 0.5703125
vt 0 0.7421875
vt 0.46875 0.7421875
vt 0.46875 0.5703125
vt 0 0.5703125
vt 0 1
vt 0.05859375 1
vt 0.05859375 0.978515625
vt 0 0.978515625
vn 0.07730808799086705 0.46174861323503397 0.8836354891620862
vn -0.9961946980917455 0 0.08715574274765821
vn -0.07730808799086705 -0.46174861323503397 -0.8836354891620862
vn 0.9961946980917455 0 -0.08715574274765821
vn -0.04024404334920055 0.8870108331782217 -0.4599915203559569
vn 0.04024404334920055 -0.8870108331782217 0.4599915203559569
g Frond
f 172/508/127 175/507/127 173/506/127 170/505/127
f 171/512/128 172/511/128 170/510/128 169/509/128
f 176/516/129 171/515/129 169/514/129 174/513/129
f 175/520/130 176/519/130 174/518/130 173/517/130
f 174/524/131 169/523/131 170/522/131 173/521/131
f 175/528/132 172/527/132 171/526/132 176/525/132
o cube
v -0.24945772908956027 1.811033185651765 0.012276749547951982
v -0.22352824172665342 2.0393187215300355 0.30865214628976634
v -0.24945772908956027 1.811033185651765 0.012276749547951982
v -0.22352824172665342 2.0393187215300355 0.30865214628976634
v 0.27456910731921924 2.0393187215300355 0.2650742749159372
v 0.2486396199563124 1.811033185651765 -0.031301121825877104
v 0.27456910731921924 2.0393187215300355 0.2650742749159372
v 0.2486396199563124 1.811033185651765 -0.031301121825877104
vt 0 0.5703125
vt 0.46875 0.5703125
vt 0.46875 0.3125000000000001
vt 0 0.3125000000000001
vt 0 1
vt 0.46875 1
vt 0.46875 0.3125000000000001
vt 0 0.3125000000000001
vt 0 1
vt 0 1
vt 0 0.95703125
vt 0 0.95703125
vt 0 0.5703125
vt 0.46875 0.5703125
vt 0.46875 0.3125000000000001
vt 0 0.3125000000000001
vt 0 0.5703125
vt 0.46875 0.5703125
vt 0.46875 0.3125000000000001
vt 0 0.3125000000000001
vt 0 1
vt 0.05859375 1
vt 0.05859375 0.978515625
vt 0 0.978515625
vn 0.06914529963441823 0.6087614290087205 0.7903343913115051
vn -0.9961946980917455 0 0.0871557427476582
vn -0.06914529963441823 -0.6087614290087205 -0.7903343913115051
vn 0.9961946980917455 0 -0.0871557427476582
vn -0.05305705450138086 0.7933533402912353 -0.6064449079812422
vn 0.05305705450138086 -0.7933533402912353 0.6064449079812422
g Frond
f 180/532/133 183/531/133 181/530/133 178/529/133
f 179/536/134 180/535/134 178/534/134 177/533/134
f 184/540/135 179/539/135 177/538/135 182/537/135
f 183/544/136 184/543/136 182/542/136 181/541/136
f 182/548/137 177/547/137 178/546/137 181/545/137
f 183/552/138 180/551/138 179/550/138 184/549/138
o cube
v -0.20419958171410518 2.154696267529373 0.5295797411754845
v -0.17302886575904514 2.267460942343475 0.8858626548563381
v -0.20419958171410518 2.154696267529373 0.5295797411754845
v -0.17302886575904514 2.267460942343475 0.8858626548563381
v 0.3250684832868275 2.267460942343475 0.842284783482509
v 0.2938977673317675 2.154696267529373 0.4860018698016554
v 0.3250684832868275 2.267460942343475 0.842284783482509
v 0.2938977673317675 2.154696267529373 0.4860018698016554
vt 0 1
vt 0.46875 1
vt 0.46875 0.7421875
vt 0 0.7421875
vt 0 1
vt 0.46875 1
vt 0.46875 0.3125000000000001
vt 0 0.3125000000000001
vt 0 1
vt 0 1
vt 0 0.95703125
vt 0 0.95703125
vt 0 1
vt 0.46875 1
vt 0.46875 0.7421875
vt 0 0.7421875
vt 0 1
vt 0.46875 1
vt 0.46875 0.7421875
vt 0 0.7421875
vt 0 1
vt 0.05859375 1
vt 0.05859375 0.978515625
vt 0 0.978515625
vn 0.08312190921349348 0.3007057995042731 0.95008776981561
vn -0.9961946980917455 0 0.08715574274765821
vn -0.08312190921349348 -0.3007057995042731 -0.95008776981561
vn 0.9961946980917455 0 -0.08715574274765821
vn -0.026208237304323312 0.9537169507482269 -0.2995615231515964
vn 0.026208237304323312 -0.9537169507482269 0.2995615231515964
g Frond
f 188/556/139 191/555/139 189/554/139 186/553/139
f 187/560/140 188/559/140 186/558/140 185/557/140
f 192/564/141 187/563/141 185/562/141 190/561/141
f 191/568/142 192/567/142 190/566/142 189/565/142
f 190/572/143 185/571/143 186/570/143 189/569/143
f 191/576/144 188/575/144 187/574/144 192/573/144
o cube
v -0.08492541216831741 1.8302373206786466 -0.44331547380935876
v -0.26018975833081165 1.7976057726236336 -0.618579819971853
v -0.08492541216831741 1.8302373206786466 -0.44331547380935876
v -0.26018975833081165 1.7976057726236336 -0.618579819971853
v -0.6137431489240853 1.7976057726236336 -0.2650264293785793
v -0.4384788027615911 1.8302373206786466 -0.08976208321608505
v -0.6137431489240853 1.7976057726236336 -0.2650264293785793
v -0.4384788027615911 1.8302373206786466 -0.08976208321608505
vt 0 0.7421875
vt 0.46875 0.7421875
vt 0.46875 0.5703125
vt 0 0.5703125
vt 0 1
vt 0.46875 1
vt 0.46875 0.3125000000000001
vt 0 0.3125000000000001
vt 0 1
vt 0 1
vt 0 0.95703125
vt 0 0.95703125
vt 0 0.7421875
vt 0.46875 0.7421875
vt 0.46875 0.5703125
vt 0 0.5703125
vt 0 0.7421875
vt 0.46875 0.7421875
vt 0.46875 0.5703125
vt 0 0.5703125
vt 0 1
vt 0.05859375 1
vt 0.05859375 0.978515625
vt 0 0.978515625
vn -0.7010573846499779 -0.1305261922200516 -0.7010573846499779
vn 0.7071067811865476 0 -0.7071067811865476
vn 0.7010573846499779 0.1305261922200516 0.7010573846499779
vn -0.7071067811865476 0 0.7071067811865476
vn -0.09229595564125727 0.9914448613738104 -0.09229595564125727
vn 0.09229595564125727 -0.9914448613738104 0.09229595564125727
g Frond
f 196/580/145 199/579/145 197/578/145 194/577/145
f 195/584/146 196/583/146 194/582/146 193/581/146
f 200/588/147 195/587/147 193/586/147 198/585/147
f 199/592/148 200/591/148 198/590/148 197/589/148
f 198/596/149 193/595/149 194/594/149 197/593/149
f 199/600/150 196/599/150 195/598/150 200/597/150
o cube
v 0.17998148391428964 1.813942015720481 -0.17840857772675173
v -0.0849311806655449 1.830299285982482 -0.44332124230658626
v 0.17998148391428964 1.813942015720481 -0.17840857772675173
v -0.0849311806655449 1.830299285982482 -0.44332124230658626
v -0.4384845712588186 1.830299285982482 -0.08976785171331254
v -0.1735719066789841 1.813942015720481 0.175144812866522
v -0.4384845712588186 1.830299285982482 -0.08976785171331254
v -0.1735719066789841 1.813942015720481 0.175144812866522
vt 0 0.5703125
vt 0.46875 0.5703125
vt 0.46875 0.3125000000000001
vt 0 0.3125000000000001
vt 0 1
vt 0.46875 1
vt 0.46875 0.3125000000000001
vt 0 0.3125000000000001
vt 0 1
vt 0 1
vt 0 0.95703125
vt 0 0.95703125
vt 0 0.5703125
vt 0.46875 0.5703125
vt 0.46875 0.3125000000000001
vt 0 0.3125000000000001
vt 0 0.5703125
vt 0.46875 0.5703125
vt 0.46875 0.3125000000000001
vt 0 0.3125000000000001
vt 0 1
vt 0.05859375 1
vt 0.05859375 0.978515625
vt 0 0.978515625
vn -0.7064337722128922 0.04361938736533592 -0.7064337722128922
vn 0.7071067811865476 0 -0.7071067811865476
vn 0.7064337722128922 -0.04361938736533592 0.7064337722128922
vn -0.7071067811865476 0 0.7071067811865476
vn 0.03084356459723185 0.9990482215818577 0.03084356459723185
vn -0.03084356459723185 -0.9990482215818577 -0.03084356459723185
g Frond
f 204/604/151 207/603/151 205/602/151 202/601/151
f 203/608/152 204/607/152 202/606/152 201/605/152
f 208/612/153 203/611/153 201/610/153 206/609/153
f 207/616/154 208/615/154 206/614/154 205/613/154
f 206/620/155 201/619/155 202/618/155 205/617/155
f 207/624/156 204/623/156 203/622/156 208/621/156
o cube
v -0.2601822373836659 1.797608130618047 -0.6185722990247073
v -0.5130746335861512 1.6848434558039447 -0.8714646952271925
v -0.2601822373836659 1.797608130618047 -0.6185722990247073
v -0.5130746335861512 1.6848434558039447 -0.8714646952271925
v -0.8666280241794249 1.6848434558039447 -0.5179113046339189
v -0.6137356279769397 1.797608130618047 -0.26501890843143355
v -0.8666280241794249 1.6848434558039447 -0.5179113046339189
v -0.6137356279769397 1.797608130618047 -0.26501890843143355
vt 0 1
vt 0.46875 1
vt 0.46875 0.7421875
vt 0 0.7421875
vt 0 1
vt 0.46875 1
vt 0.46875 0.3125000000000001
vt 0 0.3125000000000001
vt 0 1
vt 0 1
vt 0 0.95703125
vt 0 0.95703125
vt 0 1
vt 0.46875 1
vt 0.46875 0.7421875
vt 0 0.7421875
vt 0 1
vt 0.46875 1
vt 0.46875 0.7421875
vt 0 0.7421875
vt 0 1
vt 0.05859375 1
vt 0.05859375 0.978515625
vt 0 0.978515625
vn -0.6743797232066279 -0.3007057995042731 -0.6743797232066279
vn 0.7071067811865476 0 -0.7071067811865476
vn 0.6743797232066279 0.3007057995042731 0.6743797232066279
vn -0.7071067811865476 0 0.7071067811865476
vn -0.21263110997159393 0.9537169507482269 -0.21263110997159393
vn 0.21263110997159393 -0.9537169507482269 0.21263110997159393
g Frond
f 212/628/157 215/627/157 213/626/157 210/625/157
f 211/632/158 212/631/158 210/630/158 209/629/158
f 216/636/159 211/635/159 209/634/159 214/633/159
f 215/640/160 216/639/160 214/638/160 213/637/160
f 214/644/161 209/643/161 210/642/161 213/641/161
f 215/648/162 212/647/162 211/646/162 216/645/162
o cube
v -0.42235191169913333 1.797912232302326 -0.15048686248876478
v -0.6581092935441433 1.7438023288178002 -0.0873158624137186
v -0.42235191169913333 1.797912232302326 -0.15048686248876478
v -0.6581092935441433 1.7438023288178002 -0.0873158624137186
v -0.5286997709928829 1.7438023288178002 0.3956470507308155
v -0.29294238914787296 1.797912232302326 0.3324760506557693
v -0.5286997709928829 1.7438023288178002 0.3956470507308155
v -0.29294238914787296 1.797912232302326 0.3324760506557693
vt 0 0.7421875
vt 0.46875 0.7421875
vt 0.46875 0.5703125
vt 0 0.5703125
vt 0 1
vt 0.46875 1
vt 0.46875 0.3125000000000001
vt 0 0.3125000000000001
vt 0 1
vt 0 1
vt 0 0.95703125
vt 0 0.95703125
vt 0 0.7421875
vt 0.46875 0.7421875
vt 0.46875 0.5703125
vt 0 0.5703125
vt 0 0.7421875
vt 0.46875 0.7421875
vt 0.46875 0.5703125
vt 0 0.5703125
vt 0 1
vt 0.05859375 1
vt 0.05859375 0.978515625
vt 0 0.978515625
vn -0.9430295273800398 -0.21643961393810285 0.25268400030018495
vn -0.2588190451025207 0 -0.9659258262890683
vn 0.9430295273800398 0.21643961393810285 -0.25268400030018495
vn 0.2588190451025207 0 0.9659258262890683
vn -0.20906461293484893 0.9762960071199334 0.05601869420181803
vn 0.20906461293484893 -0.9762960071199334 -0.05601869420181803
g Frond
f 220/652/163 223/651/163 221/650/163 218/649/163
f 219/656/164 220/655/164 218/654/164 217/653/164
f 224/660/165 219/659/165 217/658/165 222/657/165
f 223/664/166 224/663/166 222/662/166 221/661/166
f 222/668/167 217/667/167 218/666/167 221/665/167
f 223/672/168 220/671/168 219/670/168 224/669/168
o cube
v -0.06048754863716169 1.814330521064772 -0.24744812634082264
v -0.4223649782374416 1.7979732508027708 -0.15048336132037718
v -0.06048754863716169 1.814330521064772 -0.24744812634082264
v -0.4223649782374416 1.7979732508027708 -0.15048336132037718
v -0.29295545568618125 1.7979732508027708 0.33247955182415695
v 0.06892197391409868 1.814330521064772 0.23551478680371146
v -0.29295545568618125 1.7979732508027708 0.33247955182415695
v 0.06892197391409868 1.814330521064772 0.23551478680371146
vt 0 0.5703125
vt 0.46875 0.5703125
vt 0.46875 0.3125000000000001
vt 0 0.3125000000000001
vt 0 1
vt 0.46875 1
vt 0.46875 0.3125000000000001
vt 0 0.3125000000000001
vt 0 1
vt 0 1
vt 0 0.95703125
vt 0 0.95703125
vt 0 0.5703125
vt 0.46875 0.5703125
