# Made in Blockbench 5.0.4

o cube
v 0.5 0.6347821373496776 -0.16228119885855485
v 0.5 0.6347821373496776 -0.16228119885855485
v 0.5 0.6059228490224879 -0.2177193759321937
v 0.5 0.6059228490224879 -0.2177193759321937
v -0.5 0.6347821373496776 -0.16228119885855485
v -0.5 0.6347821373496776 -0.16228119885855485
v -0.5 0.6059228490224879 -0.2177193759321937
v -0.5 0.6059228490224879 -0.2177193759321937
vt 0 1
vt 1 1
vt 1 0.9375
vt 0 0.9375
vt 0 1
vt 0 1
vt 0 0
vt 0 0
vt 0 1
vt 0 1
vt 0 0
vt 0 0
vt 0 1
vt 0 1
vt 0 0
vt 0 0
vt 0 1
vt 1 1
vt 1 1
vt 0 1
vt 0 1
vt 1 1
vt 1 1
vt 0 1
vn 0 0.8870108331782217 -0.4617486132350339
vn 1 0 0
vn 0 -0.8870108331782217 0.4617486132350339
vn -1 0 0
vn 0 0.4617486132350339 0.8870108331782217
vn 0 -0.4617486132350339 -0.8870108331782217
g Leaves
f 4/4/1 7/3/1 5/2/1 2/1/1
f 3/8/2 4/7/2 2/6/2 1/5/2
f 8/12/3 3/11/3 1/10/3 6/9/3
f 7/16/4 8/15/4 6/14/4 5/13/4
f 6/20/5 1/19/5 2/18/5 5/17/5
f 7/24/6 4/23/6 3/22/6 8/21/6
o cube
v 0.5 0.6059053336331011 -0.21774000222658263
v 0.5 0.6059053336331011 -0.21774000222658263
v 0.5 0.5067361660966967 -0.29383518085267274
v 0.5 0.5067361660966967 -0.29383518085267274
v -0.5 0.6059053336331011 -0.21774000222658263
v -0.5 0.6059053336331011 -0.21774000222658263
v -0.5 0.5067361660966967 -0.29383518085267274
v -0.5 0.5067361660966967 -0.29383518085267274
vt 0 0.9375
vt 1 0.9375
vt 1 0.8125
vt 0 0.8125
vt 0 1
vt 0 1
vt 0 0
vt 0 0
vt 0 1
vt 0 1
vt 0 0
vt 0 0
vt 0 1
vt 0 1
vt 0 0
vt 0 0
vt 0 1
vt 1 1
vt 1 1
vt 0 1
vt 0 1
vt 1 1
vt 1 1
vt 0 1
vn 0 0.6087614290087207 -0.7933533402912352
vn 1 0 0
vn 0 -0.6087614290087207 0.7933533402912352
vn -1 0 0
vn 0 0.7933533402912352 0.6087614290087207
vn 0 -0.7933533402912352 -0.6087614290087207
g Leaves
f 12/28/7 15/27/7 13/26/7 10/25/7
f 11/32/8 12/31/8 10/30/8 9/29/8
f 16/36/9 11/35/9 9/34/9 14/33/9
f 15/40/10 16/39/10 14/38/10 13/37/10
f 14/44/11 9/43/11 10/42/11 13/41/11
f 15/48/12 12/47/12 11/46/12 16/45/12
o cube
v 0.5 0.5067357563842549 -0.2938348991293802
v 0.5 0.5067357563842549 -0.2938348991293802
v 0.5 0.13743284900467695 -0.3589529657544791
v 0.5 0.13743284900467695 -0.3589529657544791
v -0.5 0.5067357563842549 -0.2938348991293802
v -0.5 0.5067357563842549 -0.2938348991293802
v -0.5 0.13743284900467695 -0.3589529657544791
v -0.5 0.13743284900467695 -0.3589529657544791
vt 0 0.8125
vt 1 0.8125
vt 1 0.40625
vt 0 0.40625
vt 0 1
vt 0 1
vt 0 0
vt 0 0
vt 0 1
vt 0 1
vt 0 0
vt 0 0
vt 0 1
vt 0 1
vt 0 0
vt 0 0
vt 0 1
vt 1 1
vt 1 1
vt 0 1
vt 0 1
vt 1 1
vt 1 1
vt 0 1
vn 0 0.17364817766693033 -0.984807753012208
vn 1 0 0
vn 0 -0.17364817766693033 0.984807753012208
vn -1 0 0
vn 0 0.984807753012208 0.17364817766693033
vn 0 -0.984807753012208 -0.17364817766693033
g Leaves
f 20/52/13 23/51/13 21/50/13 18/49/13
f 19/56/14 20/55/14 18/54/14 17/53/14
f 24/60/15 19/59/15 17/58/15 22/57/15
f 23/64/16 24/63/16 22/62/16 21/61/16
f 22/68/17 17/67/17 18/66/17 21/65/17
f 23/72/18 20/71/18 19/70/18 24/69/18
o cube
v 0.5 0.13743312500000004 -0.358953125
v 0.5 0.13743312500000004 -0.358953125
v 0.5 -0.11256687499999996 -0.358953125
v 0.5 -0.11256687499999996 -0.358953125
v -0.5 0.13743312500000004 -0.358953125
v -0.5 0.13743312500000004 -0.358953125
v -0.5 -0.11256687499999996 -0.358953125
v -0.5 -0.11256687499999996 -0.358953125
vt 0 0.40625
vt 1 0.40625
vt 1 0.125
vt 0 0.125
vt 0 1
vt 0 1
vt 0 0
vt 0 0
vt 0 1
vt 0 1
vt 0 0
vt 0 0
vt 0 1
vt 0 1
vt 0 0
vt 0 0
vt 0 1
vt 1 1
vt 1 1
vt 0 1
vt 0 1
vt 1 1
vt 1 1
vt 0 1
vn 0 0 -1
vn 1 0 0
vn 0 0 1
vn -1 0 0
vn 0 1 0
vn 0 -1 0
g Leaves
f 28/76/19 31/75/19 29/74/19 26/73/19
f 27/80/20 28/79/20 26/78/20 25/77/20
f 32/84/21 27/83/21 25/82/21 30/81/21
f 31/88/22 32/87/22 30/86/22 29/85/22
f 30/92/23 25/91/23 26/90/23 29/89/23
f 31/96/24 28/95/24 27/94/24 32/93/24
o cube
v 0.5 -0.11256689388321978 -0.35895292592771205
v 0.5 -0.11256689388321978 -0.35895292592771205
v 0.5 -0.23460389477321159 -0.38600787766997496
v 0.5 -0.23460389477321159 -0.38600787766997496
v -0.5 -0.11256689388321978 -0.35895292592771205
v -0.5 -0.11256689388321978 -0.35895292592771205
v -0.5 -0.23460389477321159 -0.38600787766997496
v -0.5 -0.23460389477321159 -0.38600787766997496
vt 0 0.125
vt 1 0.125
vt 1 0
vt 0 0
vt 0 1
vt 0 1
vt 0 0
vt 0 0
vt 0 1
vt 0 1
vt 0 0
vt 0 0
vt 0 1
vt 0 1
vt 0 0
vt 0 0
vt 0 1
vt 1 1
vt 1 1
vt 0 1
vt 0 1
vt 1 1
vt 1 1
vt 0 1
vn 0 0.21643961393810288 -0.9762960071199334
vn 1 0 0
vn 0 -0.21643961393810288 0.9762960071199334
vn -1 0 0
vn 0 0.9762960071199334 0.21643961393810288
vn 0 -0.9762960071199334 -0.21643961393810288
g Leaves
f 36/100/25 39/99/25 37/98/25 34/97/25
f 35/104/26 36/103/26 34/102/26 33/101/26
f 40/108/27 35/107/27 33/106/27 38/105/27
f 39/112/28 40/111/28 38/110/28 37/109/28
f 38/116/29 33/115/29 34/114/29 37/113/29
f 39/120/30 36/119/30 35/118/30 40/117/30
o cube
v 0.39263912626176234 0.8222818425879624 -0.3249166245075813
v 0.39263912626176234 0.8222818425879624 -0.3249166245075813
v 0.37596854490177434 0.7934225542607728 -0.3777889537012924
v 0.37596854490177434 0.7934225542607728 -0.3777889537012924
v -0.5610778244864645 0.8222818425879624 -0.02421082500330829
v -0.5610778244864645 0.8222818425879624 -0.02421082500330829
v -0.5777484058464526 0.7934225542607728 -0.07708315419701939
v -0.5777484058464526 0.7934225542607728 -0.07708315419701939
vt 0 1
vt 1 1
vt 1 0.9375
vt 0 0.9375
vt 0 1
vt 0 1
vt 0 0
vt 0 0
vt 0 1
vt 0 1
vt 0 0
vt 0 0
vt 0 1
vt 0 1
vt 0 0
vt 0 0
vt 0 1
vt 1 1
vt 1 1
vt 0 1
vt 0 1
vt 1 1
vt 1 1
vt 0 1
vn -0.13885048591283025 0.8870108331782218 -0.44037747942673905
vn 0.9537169507482269 0 -0.300705799504273
vn 0.13885048591283025 -0.8870108331782218 0.44037747942673905
vn -0.9537169507482269 0 0.300705799504273
vn 0.2667293017598086 0.461748613235034 0.845957267099378
vn -0.2667293017598086 -0.461748613235034 -0.845957267099378
g Leaves
f 44/124/31 47/123/31 45/122/31 42/121/31
f 43/128/32 44/127/32 42/126/32 41/125/32
f 48/132/33 43/131/33 41/130/33 46/129/33
f 47/136/34 48/135/34 46/134/34 45/133/34
f 46/140/35 41/139/35 42/138/35 45/137/35
f 47/144/36 44/143/36 43/142/36 48/141/36
o cube
v 0.37596246190295735 0.7934051136358136 -0.3778082465087232
v 0.37596246190295735 0.7934051136358136 -0.3778082465087232
v 0.35308020037577836 0.6942359460994092 -0.45038150823463946
v 0.35308020037577836 0.6942359460994092 -0.45038150823463946
v -0.5777544888452696 0.7934051136358136 -0.07710244700445018
v -0.5777544888452696 0.7934051136358136 -0.07710244700445018
v -0.6006367503724486 0.6942359460994092 -0.14967570873036645
v -0.6006367503724486 0.6942359460994092 -0.14967570873036645
vt 0 0.9375
vt 1 0.9375
vt 1 0.8125
vt 0 0.8125
vt 0 1
vt 0 1
vt 0 0
vt 0 0
vt 0 1
vt 0 1
vt 0 0
vt 0 0
vt 0 1
vt 0 1
vt 0 0
vt 0 0
vt 0 1
vt 1 1
vt 1 1
vt 0 1
vt 0 1
vt 1 1
vt 1 1
vt 0 1
vn -0.2385659504816615 0.6087614290087207 -0.7566345285684772
vn 0.953716950748227 0 -0.30070579950427306
vn 0.2385659504816615 -0.6087614290087207 0.7566345285684772
vn -0.953716950748227 0 0.30070579950427306
vn 0.18305809221743116 0.7933533402912352 0.5805860938073304
vn -0.18305809221743116 -0.7933533402912352 -0.5805860938073304
g Leaves
f 52/148/37 55/147/37 53/146/37 50/145/37
f 51/152/38 52/151/38 50/150/38 49/149/38
f 56/156/39 51/155/39 49/154/39 54/153/39
f 55/160/40 56/159/40 54/158/40 53/157/40
f 54/164/41 49/163/41 50/162/41 53/161/41
f 55/168/42 52/167/42 51/166/42 56/165/42
o cube
v 0.35308027560563937 0.6942359144652434 -0.45038126963600367
v 0.35308027560563937 0.6942359144652434 -0.45038126963600367
v 0.3334988953189665 0.3249330070856653 -0.5124854735763129
v 0.3334988953189665 0.3249330070856653 -0.5124854735763129
v -0.6006366751425876 0.6942359144652434 -0.1496754701317306
v -0.6006366751425876 0.6942359144652434 -0.1496754701317306
v -0.6202180554292605 0.3249330070856653 -0.2117796740720398
v -0.6202180554292605 0.3249330070856653 -0.2117796740720398
vt 0 0.8125
vt 1 0.8125
vt 1 0.40625
vt 0 0.40625
vt 0 1
vt 0 1
vt 0 0
vt 0 0
vt 0 1
vt 0 1
vt 0 0
vt 0 0
vt 0 1
vt 0 1
vt 0 0
vt 0 0
vt 0 1
vt 1 1
vt 1 1
vt 0 1
vt 0 1
vt 1 1
vt 1 1
vt 0 1
vn -0.2961374027275427 0.1736481776669303 -0.939227847276016
vn 0.953716950748227 0 -0.3007057995042731
vn 0.2961374027275427 -0.1736481776669303 0.939227847276016
vn -0.953716950748227 0 0.3007057995042731
vn 0.05221701409779434 0.984807753012208 0.16561121050749114
vn -0.05221701409779434 -0.984807753012208 -0.16561121050749114
g Leaves
f 60/172/43 63/171/43 61/170/43 58/169/43
f 59/176/44 60/175/44 58/174/44 57/173/44
f 64/180/45 59/179/45 57/178/45 62/177/45
f 63/184/46 64/183/46 62/182/46 61/181/46
f 62/188/47 57/187/47 58/186/47 61/185/47
f 63/192/48 60/191/48 59/190/48 64/189/48
o cube
v 0.3334988738285391 0.32493312500000004 -0.5124855417352405
v 0.3334988738285391 0.32493312500000004 -0.5124855417352405
v 0.3334988738285391 0.07493312500000004 -0.5124855417352405
v 0.3334988738285391 0.07493312500000004 -0.5124855417352405
v -0.6202180769196878 0.32493312500000004 -0.2117797422309675
v -0.6202180769196878 0.32493312500000004 -0.2117797422309675
v -0.6202180769196878 0.07493312500000004 -0.2117797422309675
v -0.6202180769196878 0.07493312500000004 -0.2117797422309675
vt 0 0.40625
vt 1 0.40625
vt 1 0.125
vt 0 0.125
vt 0 1
vt 0 1
vt 0 0
vt 0 0
vt 0 1
vt 0 1
vt 0 0
vt 0 0
vt 0 1
vt 0 1
vt 0 0
vt 0 0
vt 0 1
vt 1 1
vt 1 1
vt 0 1
vt 0 1
vt 1 1
vt 1 1
vt 0 1
vn -0.30070579950427306 0 -0.9537169507482269
vn 0.9537169507482269 0 -0.30070579950427306
vn 0.30070579950427306 0 0.9537169507482269
vn -0.9537169507482269 0 0.30070579950427306
vn 0 1 0
vn 0 -1 0
g Leaves
f 68/196/49 71/195/49 69/194/49 66/193/49
f 67/200/50 68/199/50 66/198/50 65/197/50
f 72/204/51 67/203/51 65/202/51 70/201/51
f 71/208/52 72/207/52 70/206/52 69/205/52
f 70/212/53 65/211/53 66/210/53 69/209/53
f 71/216/54 68/215/54 67/214/54 72/213/54
o cube
v 0.3334989428492281 0.07493335497877734 -0.5124853228295821
v 0.3334989428492281 0.07493335497877734 -0.5124853228295821
v 0.3253633619550214 -0.047103645911214326 -0.5382880889078535
v 0.3253633619550214 -0.047103645911214326 -0.5382880889078535
v -0.6202180078989988 0.07493335497877734 -0.21177952332530903
v -0.6202180078989988 0.07493335497877734 -0.21177952332530903
v -0.6283535887932055 -0.047103645911214326 -0.2375822894035804
v -0.6283535887932055 -0.047103645911214326 -0.2375822894035804
vt 0 0.125
vt 1 0.125
vt 1 0
vt 0 0
vt 0 1
vt 0 1
vt 0 0
vt 0 0
vt 0 1
vt 0 1
vt 0 0
vt 0 0
vt 0 1
vt 0 1
vt 0 0
vt 0 0
vt 0 1
vt 1 1
vt 1 1
vt 0 1
vt 0 1
vt 1 1
vt 1 1
vt 0 1
vn -0.293577871373829 0.21643961393810288 -0.9311100509380921
vn 0.953716950748227 0 -0.3007057995042731
vn 0.293577871373829 -0.21643961393810288 0.9311100509380921
vn -0.953716950748227 0 0.3007057995042731
vn 0.06508464715365345 0.9762960071199335 0.20642212862617096
vn -0.06508464715365345 -0.9762960071199335 -0.20642212862617096
g Leaves
f 76/220/55 79/219/55 77/218/55 74/217/55
f 75/224/56 76/223/56 74/222/56 73/221/56
f 80/228/57 75/227/57 73/226/57 78/225/57
f 79/232/58 80/231/58 78/230/58 77/229/58
f 78/236/59 73/235/59 74/234/59 77/233/59
f 79/240/60 76/239/60 75/238/60 80/237/60
o cube
v 0.3926391149518226 0.8222818262948417 -0.3249166603781274
v 0.3926391149518226 0.8222818262948417 -0.3249166603781274
v 0.367244878262032 0.9144414933961071 -0.4054568894734485
v 0.367244878262032 0.9144414933961071 -0.4054568894734485
v -0.5610778357964044 0.8222818262948417 -0.024210860873854267
v -0.5610778357964044 0.8222818262948417 -0.024210860873854267
v -0.5864720724861949 0.9144414933961071 -0.10475108996917543
v -0.5864720724861949 0.9144414933961071 -0.10475108996917543
vt 0 0.125
vt 1 0.125
vt 1 0
vt 0 0
vt 0 1
vt 0 1
vt 0 0
vt 0 0
vt 0 1
vt 0 1
vt 0 0
vt 0 0
vt 0 1
vt 0 1
vt 0 0
vt 0 0
vt 0 1
vt 1 1
vt 1 1
vt 0 1
vt 0 1
vt 1 1
vt 1 1
vt 0 1
vn 0.22170357102186952 0.6755902076156605 0.7031538935183249
vn 0.9537169507482269 0 -0.300705799504273
vn -0.22170357102186952 -0.6755902076156605 -0.7031538935183249
vn -0.9537169507482269 0 0.300705799504273
vn 0.20315389351832497 -0.737277336810124 0.6443218327625693
vn -0.20315389351832497 0.737277336810124 -0.6443218327625693
g Leaves
f 84/244/61 87/243/61 85/242/61 82/241/61
f 83/248/62 84/247/62 82/246/62 81/245/62
f 88/252/63 83/251/63 81/250/63 86/249/63
f 87/256/64 88/255/64 86/254/64 85/253/64
f 86/260/65 81/259/65 82/258/65 85/257/65
f 87/264/66 84/263/66 83/262/66 88/261/66
o cube
v 0.5454528244864645 0.8847818425879624 -0.03983582500330829
v 0.5454528244864645 0.8847818425879624 -0.03983582500330829
v 0.5621234058464526 0.8559225542607728 -0.09270815419701939
v 0.5621234058464526 0.8559225542607728 -0.09270815419701939
v -0.40826412626176234 0.8847818425879624 -0.3405416245075813
v -0.40826412626176234 0.8847818425879624 -0.3405416245075813
v -0.39159354490177434 0.8559225542607728 -0.3934139537012924
v -0.39159354490177434 0.8559225542607728 -0.3934139537012924
vt 0 1
vt 1 1
vt 1 0.9375
vt 0 0.9375
vt 0 1
vt 0 1
vt 0 0
vt 0 0
vt 0 1
vt 0 1
vt 0 0
vt 0 0
vt 0 1
vt 0 1
vt 0 0
vt 0 0
vt 0 1
vt 1 1
vt 1 1
vt 0 1
vt 0 1
vt 1 1
vt 1 1
vt 0 1
vn 0.13885048591283025 0.8870108331782218 -0.44037747942673905
vn 0.9537169507482269 0 0.300705799504273
vn -0.13885048591283025 -0.8870108331782218 0.44037747942673905
vn -0.9537169507482269 0 -0.300705799504273
vn -0.2667293017598086 0.461748613235034 0.845957267099378
vn 0.2667293017598086 -0.461748613235034 -0.845957267099378
g Leaves
f 92/268/67 95/267/67 93/266/67 90/265/67
f 91/272/68 92/271/68 90/270/68 89/269/68
f 96/276/69 91/275/69 89/274/69 94/273/69
f 95/280/70 96/279/70 94/278/70 93/277/70
f 94/284/71 89/283/71 90/282/71 93/281/71
f 95/288/72 92/287/72 91/286/72 96/285/72
o cube
v 0.5621294888452696 0.8559051136358136 -0.09272744700445018
v 0.5621294888452696 0.8559051136358136 -0.09272744700445018
v 0.5850117503724486 0.7567359460994092 -0.16530070873036645
v 0.5850117503724486 0.7567359460994092 -0.16530070873036645
v -0.39158746190295735 0.8559051136358136 -0.3934332465087232
v -0.39158746190295735 0.8559051136358136 -0.3934332465087232
v -0.36870520037577836 0.7567359460994092 -0.46600650823463946
v -0.36870520037577836 0.7567359460994092 -0.46600650823463946
vt 0 0.9375
vt 1 0.9375
vt 1 0.8125
vt 0 0.8125
vt 0 1
vt 0 1
vt 0 0
vt 0 0
vt 0 1
vt 0 1
vt 0 0
vt 0 0
vt 0 1
vt 0 1
vt 0 0
vt 0 0
vt 0 1
vt 1 1
vt 1 1
vt 0 1
vt 0 1
vt 1 1
vt 1 1
vt 0 1
vn 0.2385659504816615 0.6087614290087207 -0.7566345285684772
vn 0.953716950748227 0 0.30070579950427306
vn -0.2385659504816615 -0.6087614290087207 0.7566345285684772
vn -0.953716950748227 0 -0.30070579950427306
vn -0.18305809221743116 0.7933533402912352 0.5805860938073304
vn 0.18305809221743116 -0.7933533402912352 -0.5805860938073304
g Leaves
f 100/292/73 103/291/73 101/290/73 98/289/73
f 99/296/74 100/295/74 98/294/74 97/293/74
f 104/300/75 99/299/75 97/298/75 102/297/75
f 103/304/76 104/303/76 102/302/76 101/301/76
f 102/308/77 97/307/77 98/306/77 101/305/77
f 103/312/78 100/311/78 99/310/78 104/309/78
o cube
v 0.5850116751425876 0.7567359144652434 -0.1653004701317306
v 0.5850116751425876 0.7567359144652434 -0.1653004701317306
v 0.6045930554292605 0.3874330070856653 -0.2274046740720398
v 0.6045930554292605 0.3874330070856653 -0.2274046740720398
v -0.36870527560563937 0.7567359144652434 -0.46600626963600367
v -0.36870527560563937 0.7567359144652434 -0.46600626963600367
v -0.3491238953189665 0.3874330070856653 -0.5281104735763129
v -0.3491238953189665 0.3874330070856653 -0.5281104735763129
vt 0 0.8125
vt 1 0.8125
vt 1 0.40625
vt 0 0.40625
vt 0 1
vt 0 1
vt 0 0
vt 0 0
vt 0 1
vt 0 1
vt 0 0
vt 0 0
vt 0 1
vt 0 1
vt 0 0
vt 0 0
vt 0 1
vt 1 1
vt 1 1
vt 0 1
vt 0 1
vt 1 1
vt 1 1
vt 0 1
vn 0.2961374027275427 0.1736481776669303 -0.939227847276016
vn 0.953716950748227 0 0.3007057995042731
vn -0.2961374027275427 -0.1736481776669303 0.939227847276016
vn -0.953716950748227 0 -0.3007057995042731
vn -0.05221701409779434 0.984807753012208 0.16561121050749114
vn 0.05221701409779434 -0.984807753012208 -0.16561121050749114
g Leaves
f 108/316/79 111/315/79 109/314/79 106/313/79
f 107/320/80 108/319/80 106/318/80 105/317/80
f 112/324/81 107/323/81 105/322/81 110/321/81
f 111/328/82 112/327/82 110/326/82 109/325/82
f 110/332/83 105/331/83 106/330/83 109/329/83
f 111/336/84 108/335/84 107/334/84 112/333/84
o cube
v 0.6045930769196878 0.38743312500000004 -0.2274047422309675
v 0.6045930769196878 0.38743312500000004 -0.2274047422309675
v 0.6045930769196878 0.13743312500000004 -0.2274047422309675
v 0.6045930769196878 0.13743312500000004 -0.2274047422309675
v -0.3491238738285391 0.38743312500000004 -0.5281105417352405
v -0.3491238738285391 0.38743312500000004 -0.5281105417352405
v -0.3491238738285391 0.13743312500000004 -0.5281105417352405
v -0.3491238738285391 0.13743312500000004 -0.5281105417352405
vt 0 0.40625
vt 1 0.40625
vt 1 0.125
vt 0 0.125
vt 0 1
vt 0 1
vt 0 0
vt 0 0
vt 0 1
vt 0 1
vt 0 0
vt 0 0
vt 0 1
vt 0 1
vt 0 0
vt 0 0
vt 0 1
vt 1 1
vt 1 1
vt 0 1
vt 0 1
vt 1 1
vt 1 1
vt 0 1
vn 0.30070579950427306 0 -0.9537169507482269
vn 0.9537169507482269 0 0.30070579950427306
vn -0.30070579950427306 0 0.9537169507482269
vn -0.9537169507482269 0 -0.30070579950427306
vn 0 1 0
vn 0 -1 0
g Leaves
f 116/340/85 119/339/85 117/338/85 114/337/85
f 115/344/86 116/343/86 114/342/86 113/341/86
f 120/348/87 115/347/87 113/346/87 118/345/87
f 119/352/88 120/351/88 118/350/88 117/349/88
f 118/356/89 113/355/89 114/354/89 117/353/89
f 119/360/90 116/359/90 115/358/90 120/357/90
o cube
v 0.6045930078989988 0.13743335497877734 -0.22740452332530903
v 0.6045930078989988 0.13743335497877734 -0.22740452332530903
v 0.6127285887932055 0.015396354088785674 -0.2532072894035804
v 0.6127285887932055 0.015396354088785674 -0.2532072894035804
v -0.3491239428492281 0.13743335497877734 -0.5281103228295821
v -0.3491239428492281 0.13743335497877734 -0.5281103228295821
v -0.3409883619550214 0.015396354088785674 -0.5539130889078535
v -0.3409883619550214 0.015396354088785674 -0.5539130889078535
vt 0 0.125
vt 1 0.125
vt 1 0
vt 0 0
vt 0 1
vt 0 1
vt 0 0
vt 0 0
vt 0 1
vt 0 1
vt 0 0
vt 0 0
vt 0 1
vt 0 1
vt 0 0
vt 0 0
vt 0 1
vt 1 1
vt 1 1
vt 0 1
vt 0 1
vt 1 1
vt 1 1
vt 0 1
vn 0.293577871373829 0.21643961393810288 -0.9311100509380921
vn 0.953716950748227 0 0.3007057995042731
vn -0.293577871373829 -0.21643961393810288 0.9311100509380921
vn -0.953716950748227 0 -0.3007057995042731
vn -0.06508464715365345 0.9762960071199335 0.20642212862617096
vn 0.06508464715365345 -0.9762960071199335 -0.20642212862617096
g Leaves
f 124/364/91 127/363/91 125/362/91 122/361/91
f 123/368/92 124/367/92 122/366/92 121/365/92
f 128/372/93 123/371/93 121/370/93 126/369/93
f 127/376/94 128/375/94 126/374/94 125/373/94
f 126/380/95 121/379/95 122/378/95 125/377/95
f 127/384/96 124/383/96 123/382/96 128/381/96
o cube
v 0.5454528365531378 0.884781830495742 -0.0398358632739062
v 0.5454528365531378 0.884781830495742 -0.0398358632739062
v 0.5583087666338017 1.0022434080939806 -0.08060966429728478
v 0.5583087666338017 1.0022434080939806 -0.08060966429728478
v -0.4082641141950892 0.884781830495742 -0.3405416627781793
v -0.4082641141950892 0.884781830495742 -0.3405416627781793
v -0.3954081841144253 1.0022434080939806 -0.3813154638015579
v -0.3954081841144253 1.0022434080939806 -0.3813154638015579
vt 0 0.125
vt 1 0.125
vt 1 0
vt 0 0
vt 0 1
vt 0 1
vt 0 0
vt 0 0
vt 0 1
vt 0 1
vt 0 0
vt 0 0
vt 0 1
vt 0 1
vt 0 0
vt 0 0
vt 0 1
vt 1 1
vt 1 1
vt 0 1
vt 0 1
vt 1 1
vt 1 1
vt 0 1
vn -0.2825710208216923 0.3420201433256689 0.8962007809365465
vn 0.9537169507482269 0 0.30070579950427306
vn 0.2825710208216923 -0.3420201433256689 -0.8962007809365465
vn -0.9537169507482269 0 -0.30070579950427306
vn -0.10284744064531133 -0.9396926207859084 0.3261904081870285
vn 0.10284744064531133 0.9396926207859084 -0.3261904081870285
g Leaves
f 132/388/97 135/387/97 133/386/97 130/385/97
f 131/392/98 132/391/98 130/390/98 129/389/98
f 136/396/99 131/395/99 129/394/99 134/393/99
f 135/400/100 136/399/100 134/398/100 133/397/100
f 134/404/101 129/403/101 130/402/101 133/401/101
f 135/408/102 132/407/102 131/406/102 136/405/102
o cube
v 0.9375 0.009782137349677589 -0.28728119885855496
v 0.9375 0.009782137349677589 -0.28728119885855496
v 0.9375 -0.01907715097751206 -0.3427193759321938
v 0.9375 -0.01907715097751206 -0.3427193759321938
v -0.0625 0.009782137349677589 -0.28728119885855496
v -0.0625 0.009782137349677589 -0.28728119885855496
v -0.0625 -0.01907715097751206 -0.3427193759321938
v -0.0625 -0.01907715097751206 -0.3427193759321938
vt 0 1
vt 1 1
vt 1 0.9375
vt 0 0.9375
vt 0 1
vt 0 1
vt 0 0
vt 0 0
vt 0 1
vt 0 1
vt 0 0
vt 0 0
vt 0 1
vt 0 1
vt 0 0
vt 0 0
vt 0 1
vt 1 1
vt 1 1
vt 0 1
vt 0 1
vt 1 1
vt 1 1
vt 0 1
vn 0 0.8870108331782217 -0.4617486132350339
vn 1 0 0
vn 0 -0.8870108331782217 0.4617486132350339
vn -1 0 0
vn 0 0.4617486132350339 0.8870108331782217
vn 0 -0.4617486132350339 -0.8870108331782217
g Leaves
f 140/412/103 143/411/103 141/410/103 138/409/103
f 139/416/104 140/415/104 138/414/104 137/413/104
f 144/420/105 139/419/105 137/418/105 142/417/105
f 143/424/106 144/423/106 142/422/106 141/421/106
f 142/428/107 137/427/107 138/426/107 141/425/107
f 143/432/108 140/431/108 139/430/108 144/429/108
o cube
v 0.9375 -0.019094666366898938 -0.34274000222658263
v 0.9375 -0.019094666366898938 -0.34274000222658263
v 0.9375 -0.1182638339033033 -0.41883518085267274
v 0.9375 -0.1182638339033033 -0.41883518085267274
v -0.0625 -0.019094666366898938 -0.34274000222658263
v -0.0625 -0.019094666366898938 -0.34274000222658263
v -0.0625 -0.1182638339033033 -0.41883518085267274
v -0.0625 -0.1182638339033033 -0.41883518085267274
vt 0 0.9375
vt 1 0.9375
vt 1 0.8125
vt 0 0.8125
vt 0 1
vt 0 1
vt 0 0
vt 0 0
vt 0 1
vt 0 1
vt 0 0
vt 0 0
vt 0 1
vt 0 1
vt 0 0
vt 0 0
vt 0 1
vt 1 1
vt 1 1
vt 0 1
vt 0 1
vt 1 1
vt 1 1
vt 0 1
vn 0 0.6087614290087207 -0.7933533402912352
vn 1 0 0
vn 0 -0.6087614290087207 0.7933533402912352
vn -1 0 0
vn 0 0.7933533402912352 0.6087614290087207
vn 0 -0.7933533402912352 -0.6087614290087207
g Leaves
f 148/436/109 151/435/109 149/434/109 146/433/109
f 147/440/110 148/439/110 146/438/110 145/437/110
f 152/444/111 147/443/111 145/442/111 150/441/111
f 151/448/112 152/447/112 150/446/112 149/445/112
f 150/452/113 145/451/113 146/450/113 149/449/113
f 151/456/114 148/455/114 147/454/114 152/453/114
o cube
v 0.9375 -0.11826424361574506 -0.4188348991293802
v 0.9375 -0.11826424361574506 -0.4188348991293802
v 0.9375 -0.4875671509953231 -0.48395296575447905
v 0.9375 -0.4875671509953231 -0.48395296575447905
v -0.0625 -0.11826424361574506 -0.4188348991293802
v -0.0625 -0.11826424361574506 -0.4188348991293802
v -0.0625 -0.4875671509953231 -0.48395296575447905
v -0.0625 -0.4875671509953231 -0.48395296575447905
vt 0 0.8125
vt 1 0.8125
vt 1 0.40625
vt 0 0.40625
vt 0 1
vt 0 1
vt 0 0
vt 0 0
vt 0 1
vt 0 1
vt 0 0
vt 0 0
vt 0 1
vt 0 1
vt 0 0
vt 0 0
vt 0 1
vt 1 1
vt 1 1
vt 0 1
vt 0 1
vt 1 1
vt 1 1
vt 0 1
vn 0 0.17364817766693033 -0.984807753012208
vn 1 0 0
vn 0 -0.17364817766693033 0.984807753012208
vn -1 0 0
vn 0 0.984807753012208 0.17364817766693033
vn 0 -0.984807753012208 -0.17364817766693033
g Leaves
f 156/460/115 159/459/115 157/458/115 154/457/115
f 155/464/116 156/463/116 154/462/116 153/461/116
f 160/468/117 155/467/117 153/466/117 158/465/117
f 159/472/118 160/471/118 158/470/118 157/469/118
f 158/476/119 153/475/119 154/474/119 157/473/119
f 159/480/120 156/479/120 155/478/120 160/477/120
o cube
v 0.9375 -0.48756687499999996 -0.483953125
v 0.9375 -0.48756687499999996 -0.483953125
v 0.9375 -0.737566875 -0.483953125
v 0.9375 -0.737566875 -0.483953125
v -0.0625 -0.48756687499999996 -0.483953125
v -0.0625 -0.48756687499999996 -0.483953125
v -0.0625 -0.737566875 -0.483953125
v -0.0625 -0.737566875 -0.483953125
vt 0 0.40625
vt 1 0.40625
vt 1 0.125
vt 0 0.125
vt 0 1
vt 0 1
vt 0 0
vt 0 0
vt 0 1
vt 0 1
vt 0 0
vt 0 0
vt 0 1
vt 0 1
vt 0 0
vt 0 0
vt 0 1
vt 1 1
vt 1 1
vt 0 1
vt 0 1
vt 1 1
vt 1 1
vt 0 1
vn 0 0 -1
vn 1 0 0
vn 0 0 1
vn -1 0 0
vn 0 1 0
vn 0 -1 0
g Leaves
f 164/484/121 167/483/121 165/482/121 162/481/121
f 163/488/122 164/487/122 162/486/122 161/485/122
f 168/492/123 163/491/123 161/490/123 166/489/123
f 167/496/124 168/495/124 166/494/124 165/493/124
f 166/500/125 161/499/125 162/498/125 165/497/125
f 167/504/126 164/503/126 163/502/126 168/501/126
o cube
v 0.9375 -0.7375668938832196 -0.4839529259277121
v 0.9375 -0.7375668938832196 -0.4839529259277121
v 0.9375 -0.8596038947732113 -0.511007877669975
v 0.9375 -0.8596038947732113 -0.511007877669975
v -0.0625 -0.7375668938832196 -0.4839529259277121
v -0.0625 -0.7375668938832196 -0.4839529259277121
v -0.0625 -0.8596038947732113 -0.511007877669975
v -0.0625 -0.8596038947732113 -0.511007877669975
vt 0 0.125
vt 1 0.125
vt 1 0
vt 0 0
vt 0 1
vt 0 1
vt 0 0
vt 0 0
vt 0 1
vt 0 1
vt 0 0
vt 0 0
vt 0 1
vt 0 1
vt 0 0
vt 0 0
vt 0 1
vt 1 1
vt 1 1
vt 0 1
vt 0 1
vt 1 1
vt 1 1
vt 0 1
vn 0 0.21643961393810288 -0.9762960071199334
vn 1 0 0
vn 0 -0.21643961393810288 0.9762960071199334
vn -1 0 0
vn 0 0.9762960071199334 0.21643961393810288
vn 0 -0.9762960071199334 -0.21643961393810288
g Leaves
f 172/508/127 175/507/127 173/506/127 170/505/127
f 171/512/128 172/511/128 170/510/128 169/509/128
f 176/516/129 171/515/129 169/514/129 174/513/129
f 175/520/130 176/519/130 174/518/130 173/517/130
f 174/524/131 169/523/131 170/522/131 173/521/131
f 175/528/132 172/527/132 171/526/132 176/525/132
o cube
v 0.724273319222779 0.27488370507946236 -0.47565578667930314
v 0.724273319222779 0.27488370507946236 -0.47565578667930314
v 0.7052038987184923 0.246134235057215 -0.5277717647961013
v 0.7052038987184923 0.246134235057215 -0.5277717647961013
v -0.225814450592831 0.3620394478271205 -0.17609426352770696
v -0.225814450592831 0.3620394478271205 -0.17609426352770696
v -0.24488387109711773 0.3332899778048731 -0.2282102416445051
v -0.24488387109711773 0.3332899778048731 -0.2282102416445051
vt 0 1
vt 1 1
vt 1 0.9375
vt 0 0.9375
vt 0 1
vt 0 1
vt 0 0
vt 0 0
vt 0 1
vt 0 1
vt 0 0
vt 0 0
vt 0 1
vt 0 1
vt 0 0
vt 0 0
vt 0 1
vt 1 1
vt 1 1
vt 0 1
vt 0 1
vt 1 1
vt 1 1
vt 0 1
vn -0.06512045196600494 0.8836354891620863 -0.46362446983417943
vn 0.95008776981561 -0.0871557427476582 -0.2995615231515963
vn 0.06512045196600494 -0.8836354891620863 0.46362446983417943
vn -0.95008776981561 0.0871557427476582 0.2995615231515963
vn 0.3051107280685876 0.4599915203559568 0.8338556498687718
vn -0.3051107280685876 -0.4599915203559568 -0.8338556498687718
g Leaves
f 180/532/133 183/531/133 181/530/133 178/529/133
f 179/536/134 180/535/134 178/534/134 177/533/134
f 184/540/135 179/539/135 177/538/135 182/537/135
f 183/544/136 184/543/136 182/542/136 181/541/136
f 182/548/137 177/547/137 178/546/137 181/545/137
f 183/552/138 180/551/138 179/550/138 184/549/138
o cube
v 0.7051963660216309 0.246116860799099 -0.5277906005154943
v 0.7051963660216309 0.246116860799099 -0.5277906005154943
v 0.6740709739537133 0.14732506188516103 -0.5977648131653444
v 0.6740709739537133 0.14732506188516103 -0.5977648131653444
v -0.24489140379397928 0.33327260354675714 -0.22822907736389808
v -0.24489140379397928 0.33327260354675714 -0.22822907736389808
v -0.27601679586189687 0.23448080463281917 -0.2982032900137481
v -0.27601679586189687 0.23448080463281917 -0.2982032900137481
vt 0 0.9375
vt 1 0.9375
vt 1 0.8125
vt 0 0.8125
vt 0 1
vt 0 1
vt 0 0
vt 0 0
vt 0 1
vt 0 1
vt 0 0
vt 0 0
vt 0 1
vt 0 1
vt 0 0
vt 0 0
vt 0 1
vt 1 1
vt 1 1
vt 0 1
vt 0 1
vt 1 1
vt 1 1
vt 0 1
vn -0.1879645382469221 0.606444907981242 -0.7725890925616568
vn 0.95008776981561 -0.08715574274765818 -0.2995615231515963
vn 0.1879645382469221 -0.606444907981242 0.7725890925616568
vn -0.95008776981561 0.08715574274765818 0.2995615231515963
vn 0.24900313654334094 0.7903343913115048 0.5597937011988
vn -0.24900313654334094 -0.7903343913115048 -0.5597937011988
g Leaves
f 188/556/139 191/555/139 189/554/139 186/553/139
f 187/560/140 188/559/140 186/558/140 185/557/140
f 192/564/141 187/563/141 185/562/141 190/561/141
f 191/568/142 192/567/142 190/566/142 189/565/142
f 190/572/143 185/571/143 186/570/143 189/569/143
f 191/576/144 188/575/144 187/574/144 192/573/144
o cube
v 0.6740710465540818 0.1473250303713728 -0.5977645737376329
v 0.6740710465540818 0.1473250303713728 -0.5977645737376329
v 0.6237925035279245 -0.22057256795002977 -0.6501899994441616
v 0.6237925035279245 -0.22057256795002977 -0.6501899994441616
v -0.27601672326152826 0.23448077311903093 -0.2982030505860366
v -0.27601672326152826 0.23448077311903093 -0.2982030505860366
v -0.32629526628768557 -0.13341682520237164 -0.35062847629256527
v -0.32629526628768557 -0.13341682520237164 -0.35062847629256527
vt 0 0.8125
vt 1 0.8125
vt 1 0.40625
vt 0 0.40625
vt 0 1
vt 0 1
vt 0 0
vt 0 0
vt 0 1
vt 0 1
vt 0 0
vt 0 0
vt 0 1
vt 0 1
vt 0 0
vt 0 0
vt 0 1
vt 1 1
vt 1 1
vt 0 1
vt 0 1
vt 1 1
vt 1 1
vt 0 1
vn -0.28170343466842357 0.17298739392508944 -0.9437788599237742
vn 0.95008776981561 -0.08715574274765817 -0.29956152315159623
vn 0.28170343466842357 -0.17298739392508944 0.9437788599237742
vn -0.95008776981561 0.08715574274765817 0.29956152315159623
vn 0.13407611473641956 0.981060262190407 0.13980113521740978
vn -0.13407611473641956 -0.981060262190407 -0.13980113521740978
g Leaves
f 196/580/145 199/579/145 197/578/145 194/577/145
f 195/584/146 196/583/146 194/582/146 193/581/146
f 200/588/147 195/587/147 193/586/147 198/585/147
f 199/592/148 200/591/148 198/590/148 197/589/148
f 198/596/149 193/595/149 194/594/149 197/593/149
f 199/600/150 196/599/150 195/598/150 200/597/150
o cube
v 0.6237924918387618 -0.22057245048439472 -0.6501900706934162
v 0.6237924918387618 -0.22057245048439472 -0.6501900706934162
v 0.6030120145353883 -0.4696211250073311 -0.6436380113673353
v 0.6030120145353883 -0.4696211250073311 -0.6436380113673353
v -0.3262952779768483 -0.13341670773673658 -0.3506285475418199
v -0.3262952779768483 -0.13341670773673658 -0.3506285475418199
v -0.3470757552802216 -0.38246538225967297 -0.34407648821573905
v -0.3470757552802216 -0.38246538225967297 -0.34407648821573905
vt 0 0.40625
vt 1 0.40625
vt 1 0.125
vt 0 0.125
vt 0 1
vt 0 1
vt 0 0
vt 0 0
vt 0 1
vt 0 1
vt 0 0
vt 0 0
vt 0 1
vt 0 1
vt 0 0
vt 0 0
vt 0 1
vt 1 1
vt 1 1
vt 0 1
vt 0 1
vt 1 1
vt 1 1
vt 0 1
vn -0.3007057995042732 0 -0.953716950748227
vn 0.95008776981561 -0.08715574274765817 -0.2995615231515963
vn 0.3007057995042732 0 0.953716950748227
vn -0.95008776981561 0.08715574274765817 0.2995615231515963
vn 0.08312190921349344 0.9961946980917455 -0.026208237304323295
vn -0.08312190921349344 -0.9961946980917455 0.026208237304323295
g Leaves
f 204/604/151 207/603/151 205/602/151 202/601/151
f 203/608/152 204/607/152 202/606/152 201/605/152
f 208/612/153 203/611/153 201/610/153 206/609/153
f 207/616/154 208/615/154 206/614/154 205/613/154
f 206/620/155 201/619/155 202/618/155 205/617/155
f 207/624/156 204/623/156 203/622/156 208/621/156
o cube
v 0.6030121026723525 -0.4696208959036926 -0.6436377984890151
v 0.6030121026723525 -0.4696208959036926 -0.6436377984890151
v 0.5847325732694809 -0.5911935091613199 -0.6662421898880536
v 0.5847325732694809 -0.5911935091613199 -0.6662421898880536
v -0.3470756671432576 -0.38246515315603435 -0.34407627533741886
v -0.3470756671432576 -0.38246515315603435 -0.34407627533741886
v -0.3653551965461292 -0.5040377664136617 -0.3666806667364574
v -0.3653551965461292 -0.5040377664136617 -0.3666806667364574
vt 0 0.125
vt 1 0.125
vt 1 0
vt 0 0
vt 0 1
vt 0 1
vt 0 0
vt 0 0
vt 0 1
vt 0 1
vt 0 0
vt 0 0
vt 0 1
vt 0 1
vt 0 0
vt 0 0
vt 0 1
vt 1 1
vt 1 1
vt 0 1
vt 0 1
vt 1 1
vt 1 1
vt 0 1
vn -0.27558699743386256 0.2156159958621624 -0.9367825517022381
vn 0.95008776981561 -0.08715574274765817 -0.29956152315159623
vn 0.27558699743386256 -0.2156159958621624 0.9367825517022381
vn -0.95008776981561 0.08715574274765817 0.29956152315159623
vn 0.14623623522297272 0.9725809060610188 0.1808351311923084
vn -0.14623623522297272 -0.9725809060610188 -0.1808351311923084
g Leaves
f 212/628/157 215/627/157 213/626/157 210/625/157
f 211/632/158 212/631/158 210/630/158 209/629/158
f 216/636/159 211/635/159 209/634/159 214/633/159
f 215/640/160 216/639/160 214/638/160 213/637/160
f 214/644/161 209/643/161 210/642/161 213/641/161
f 215/648/162 212/647/162 211/646/162 216/645/162
o cube
v 0.7242888759063233 0.27493310323991943 -0.4756208192999852
v 0.7242888759063233 0.27493310323991943 -0.4756208192999852
v 0.700793308625458 0.3507387167375746 -0.5721944558701924
v 0.700793308625458 0.3507387167375746 -0.5721944558701924
v -0.22579889390928687 0.36208884598757757 -0.1760592961483889
v -0.22579889390928687 0.36208884598757757 -0.1760592961483889
v -0.24929446119015214 0.4378944594852328 -0.272632932718596
v -0.24929446119015214 0.4378944594852328 -0.272632932718596
vt 0 0.125
vt 1 0.125
vt 1 0
vt 0 0
vt 0 1
vt 0 1
vt 0 0
vt 0 0
vt 0 1
vt 0 1
vt 0 0
vt 0 0
vt 0 1
vt 0 1
vt 0 0
vt 0 0
vt 0 1
vt 1 1
vt 1 1
vt 0 1
vt 0 1
vt 1 1
vt 1 1
vt 0 1
vn 0.24900313654334089 0.7903343913115052 0.5597937011987998
vn 0.9500877698156103 -0.0871557427476582 -0.29956152315159634
vn -0.24900313654334089 -0.7903343913115052 -0.5597937011987998
vn -0.9500877698156103 0.0871557427476582 0.29956152315159634
vn 0.1879645382469222 -0.6064449079812417 0.7725890925616571
vn -0.1879645382469222 0.6064449079812417 -0.7725890925616571
g Leaves
f 220/652/163 223/651/163 221/650/163 218/649/163
f 219/656/164 220/655/164 218/654/164 217/653/164
f 224/660/165 219/659/165 217/658/165 222/657/165
f 223/664/166 224/663/166 222/662/166 221/661/166
f 222/668/167 217/667/167 218/666/167 221/665/167
f 223/672/168 220/671/168 219/670/168 224/669/168
o cube
v 0.963273658694685 0.3789561572664406 -0.2055264471772439
v 0.963273658694685 0.3789561572664406 -0.2055264471772439
v 0.9835367897752377 0.35034376415154334 -0.2572660497950734
v 0.9835367897752377 0.35034376415154334 -0.2572660497950734
v 0.017715888670255864 0.24842996504638915 -0.5036596668810586
v 0.017715888670255864 0.24842996504638915 -0.5036596668810586
v 0.03797901975080864 0.21981757193149176 -0.5553992694988881
v 0.03797901975080864 0.21981757193149176 -0.5553992694988881
vt 0 1
vt 1 1
vt 1 0.9375
vt 0 0.9375
vt 0 1
vt 0 1
vt 0 0
vt 0 0
vt 0 1
vt 0 1
vt 0 0
vt 0 0
vt 0 1
vt 0 1
vt 0 0
vt 0 0
vt 0 1
vt 1 1
vt 1 1
vt 0 1
vt 0 1
vt 1 1
vt 1 1
vt 0 1
vn 0.028430905057467343 0.8794223325374501 -0.47519263953895985
vn 0.9455577700244291 0.13052619222005152 0.29813321970381473
vn -0.028430905057467343 -0.8794223325374501 0.47519263953895985
vn -0.9455577700244291 -0.13052619222005152 -0.29813321970381473
vn -0.32421009728884476 0.45779828983835746 0.8278336418852722
vn 0.32421009728884476 -0.45779828983835746 -0.8278336418852722
g Leaves
f 228/676/169 231/675/169 229/674/169 226/673/169
f 227/680/170 228/679/170 226/678/170 225/677/170
f 232/684/171 227/683/171 225/682/171 230/681/171
f 231/688/172 232/687/172 230/686/172 229/685/172
f 230/692/173 225/691/173 226/690/173 229/689/173
f 231/696/174 228/695/174 227/694/174 232/693/174
o cube
v 0.983545043870986 0.350326472733548 -0.25728465805827117
v 0.983545043870986 0.350326472733548 -0.25728465805827117
v 1.018772383387697 0.2520057111728614 -0.3259655316454714
v 1.018772383387697 0.2520057111728614 -0.3259655316454714
v 0.03798727384655687 0.21980028051349643 -0.5554178777620858
v 0.03798727384655687 0.21980028051349643 -0.5554178777620858
v 0.07321461336326796 0.12147951895280984 -0.6240987513492862
v 0.07321461336326796 0.12147951895280984 -0.6240987513492862
vt 0 0.9375
vt 1 0.9375
vt 1 0.8125
vt 0 0.8125
vt 0 1
vt 0 1
vt 0 0
vt 0 0
vt 0 1
vt 0 1
vt 0 0
vt 0 0
vt 0 1
vt 0 1
vt 0 0
vt 0 0
vt 0 1
vt 1 1
vt 1 1
vt 0 1
vt 0 1
vt 1 1
vt 1 1
vt 0 1
vn 0.16278425840107694 0.6035533905932737 -0.7805284043006856
vn 0.9455577700244291 0.1305261922200515 0.2981332197038147
vn -0.16278425840107694 -0.6035533905932737 0.7805284043006856
vn -0.9455577700244291 -0.1305261922200515 -0.2981332197038147
vn -0.28181871613368814 0.786566092485493 0.5494469886976017
vn 0.28181871613368814 -0.786566092485493 -0.5494469886976017
g Leaves
f 236/700/175 239/699/175 237/698/175 234/697/175
f 235/704/176 236/703/176 234/702/176 233/701/176
f 240/708/177 235/707/177 233/706/177 238/705/177
f 239/712/178 240/711/178 238/710/178 237/709/178
f 238/716/179 233/715/179 234/714/179 237/713/179
f 239/720/180 236/719/180 235/718/180 240/717/180
o cube
v 1.0187723120958165 0.2520056798093304 -0.3259652918051952
v 1.0187723120958165 0.2520056798093304 -0.3259652918051952
v 1.08432638033198 -0.11413779000256041 -0.3735743629135186
v 1.08432638033198 -0.11413779000256041 -0.3735743629135186
v 0.07321454207138745 0.12147948758927885 -0.6240985115090099
v 0.07321454207138745 0.12147948758927885 -0.6240985115090099
v 0.13876861030755072 -0.24466398222261188 -0.6717075826173333
v 0.13876861030755072 -0.24466398222261188 -0.6717075826173333
vt 0 0.8125
vt 1 0.8125
vt 1 0.40625
vt 0 0.40625
vt 0 1
vt 0 1
vt 0 0
vt 0 0
vt 0 1
vt 0 1
vt 0 0
vt 0 0
vt 0 1
vt 0 1
vt 0 0
vt 0 0
vt 0 1
vt 1 1
vt 1 1
vt 0 1
vt 0 1
vt 1 1
vt 1 1
vt 0 1
vn 0.27452080203104645 0.17216259343480453 -0.946043535295302
vn 0.9455577700244292 0.13052619222005152 0.29813321970381473
vn -0.27452080203104645 -0.17216259343480453 0.946043535295302
vn -0.9455577700244292 -0.13052619222005152 -0.29813321970381473
vn -0.17481084862976876 0.9763825861650424 0.12695752295552912
vn 0.17481084862976876 -0.9763825861650424 -0.12695752295552912
g Leaves
f 244/724/181 247/723/181 245/722/181 242/721/181
f 243/728/182 244/727/182 242/726/182 241/725/182
f 248/732/183 243/731/183 241/730/183 246/729/183
f 247/736/184 248/735/184 246/734/184 245/733/184
f 246/740/185 241/739/185 242/738/185 245/737/185
f 247/744/186 244/743/186 243/742/186 248/741/186
o cube
v 1.0843263871438364 -0.11413767309699929 -0.37357443570058196
v 1.0843263871438364 -0.11413767309699929 -0.37357443570058196
v 1.1154476476530575 -0.3619988884404519 -0.36376193995363726
v 1.1154476476530575 -0.3619988884404519 -0.36376193995363726
v 0.13876861711940724 -0.24466386531705075 -0.6717076554043967
v 0.13876861711940724 -0.24466386531705075 -0.6717076554043967
v 0.16988987762862834 -0.4925250806605034 -0.6618951596574519
v 0.16988987762862834 -0.4925250806605034 -0.6618951596574519
vt 0 0.40625
vt 1 0.40625
vt 1 0.125
vt 0 0.125
vt 0 1
vt 0 1
vt 0 0
vt 0 0
vt 0 1
vt 0 1
vt 0 0
vt 0 0
vt 0 1
vt 0 1
vt 0 0
vt 0 0
vt 0 1
vt 1 1
vt 1 1
vt 0 1
vt 0 1
vt 1 1
vt 1 1
vt 0 1
vn 0.30070579950427295 0 -0.953716950748227
vn 0.9455577700244292 0.13052619222005152 0.2981332197038148
vn -0.30070579950427295 0 0.953716950748227
vn -0.9455577700244292 -0.13052619222005152 -0.2981332197038148
vn -0.12448504203688444 0.9914448613738104 -0.03924998298777899
vn 0.12448504203688444 -0.9914448613738104 0.03924998298777899
g Leaves
f 252/748/187 255/747/187 253/746/187 250/745/187
f 251/752/188 252/751/188 250/750/188 249/749/188
f 256/756/189 251/755/189 249/754/189 254/753/189
f 255/760/190 256/759/190 254/758/190 253/757/190
f 254/764/191 249/763/191 250/762/191 253/761/191
f 255/768/192 252/767/192 251/766/192 256/765/192
o cube
v 1.1154475500034506 -0.3619986604291749 -0.36376173007464174
v 1.1154475500034506 -0.3619986604291749 -0.36376173007464174
v 1.1387749120835031 -0.4829916178590282 -0.3847745459441014
v 1.1387749120835031 -0.4829916178590282 -0.3847745459441014
v 0.1698897799790216 -0.49252485264922635 -0.6618949497784565
v 0.1698897799790216 -0.49252485264922635 -0.6618949497784565
v 0.19321714205907414 -0.6135178100790797 -0.6829077656479161
v 0.19321714205907414 -0.6135178100790797 -0.6829077656479161
vt 0 0.125
vt 1 0.125
vt 1 0
vt 0 0
vt 0 1
vt 0 1
vt 0 0
vt 0 0
vt 0 1
vt 0 1
vt 0 0
vt 0 0
vt 0 1
vt 0 1
vt 0 0
vt 0 0
vt 0 1
vt 1 1
vt 1 1
vt 0 1
vt 0 1
vt 1 1
vt 1 1
vt 0 1
vn 0.26663437693429715 0.21458794303666348 -0.9396053021030443
vn 0.9455577700244292 0.13052619222005152 0.29813321970381473
vn -0.26663437693429715 -0.21458794303666348 0.9396053021030443
vn -0.9455577700244292 -0.13052619222005152 -0.29813321970381473
vn -0.18661889664042078 0.9679436594388271 0.168102526955677
vn 0.18661889664042078 -0.9679436594388271 -0.168102526955677
g Leaves
f 260/772/193 263/771/193 261/770/193 258/769/193
f 259/776/194 260/775/194 258/774/194 257/773/194
