# Made in Blockbench 4.12.3

o cube
v 0.469622564417433 -0.0013325214724776713 -0.4437500000000001
v 0.469622564417433 -0.0013325214724776713 -0.8187500000000001
v 0.33704004294495526 -0.13391504294495535 -0.4437500000000001
v 0.33704004294495526 -0.13391504294495535 -0.8187500000000001
v 0.3370400429449554 0.13125 -0.8187500000000001
v 0.3370400429449554 0.13125 -0.4437500000000001
v 0.2044575214724777 -0.0013325214724776435 -0.8187500000000001
v 0.2044575214724777 -0.0013325214724776435 -0.4437500000000001
vt 0.375 0.40625
vt 0.4609375 0.40625
vt 0.4609375 0.3125
vt 0.375 0.3125
vt 0.375 0.40625
vt 0.5546875 0.40625
vt 0.5546875 0.3125
vt 0.375 0.3125
vt 0.375 0.40625
vt 0.4609375 0.40625
vt 0.4609375 0.3125
vt 0.375 0.3125
vt 0.375 0.40625
vt 0.5546875 0.40625
vt 0.5546875 0.3125
vt 0.375 0.3125
vt 0.375 0.3125
vt 0.375 0.40625
vt 0.5546875 0.40625
vt 0.5546875 0.3125
vt 0.375 0.3125
vt 0.375 0.40625
vt 0.5546875 0.40625
vt 0.5546875 0.3125
vn 0 0 -1
vn 0.7071067811865475 -0.7071067811865476 0
vn 0 0 1
vn -0.7071067811865475 0.7071067811865476 0
vn 0.7071067811865476 0.7071067811865475 0
vn -0.7071067811865476 -0.7071067811865475 0
g _
f 4/4/1 7/3/1 5/2/1 2/1/1
f 3/8/2 4/7/2 2/6/2 1/5/2
f 8/12/3 3/11/3 1/10/3 6/9/3
f 7/16/4 8/15/4 6/14/4 5/13/4
f 6/20/5 1/19/5 2/18/5 5/17/5
f 7/24/6 4/23/6 3/22/6 8/21/6
o cube
v -0.155377435582567 -0.0013325214724776713 -0.4437500000000001
v -0.155377435582567 -0.0013325214724776713 -0.8187500000000001
v -0.2879599570550447 -0.13391504294495535 -0.4437500000000001
v -0.2879599570550447 -0.13391504294495535 -0.8187500000000001
v -0.2879599570550446 0.13125 -0.8187500000000001
v -0.2879599570550446 0.13125 -0.4437500000000001
v -0.4205424785275223 -0.0013325214724776435 -0.8187500000000001
v -0.4205424785275223 -0.0013325214724776435 -0.4437500000000001
vt 0.375 0.40625
vt 0.4609375 0.40625
vt 0.4609375 0.3125
vt 0.375 0.3125
vt 0.375 0.40625
vt 0.5546875 0.40625
vt 0.5546875 0.3125
vt 0.375 0.3125
vt 0.375 0.40625
vt 0.4609375 0.40625
vt 0.4609375 0.3125
vt 0.375 0.3125
vt 0.375 0.40625
vt 0.5546875 0.40625
vt 0.5546875 0.3125
vt 0.375 0.3125
vt 0.375 0.3125
vt 0.375 0.40625
vt 0.5546875 0.40625
vt 0.5546875 0.3125
vt 0.375 0.3125
vt 0.375 0.40625
vt 0.5546875 0.40625
vt 0.5546875 0.3125
vn 0 0 -1
vn 0.7071067811865475 -0.7071067811865476 0
vn 0 0 1
vn -0.7071067811865475 0.7071067811865476 0
vn 0.7071067811865476 0.7071067811865475 0
vn -0.7071067811865476 -0.7071067811865475 0
g _
f 12/28/7 15/27/7 13/26/7 10/25/7
f 11/32/8 12/31/8 10/30/8 9/29/8
f 16/36/9 11/35/9 9/34/9 14/33/9
f 15/40/10 16/39/10 14/38/10 13/37/10
f 14/44/11 9/43/11 10/42/11 13/41/11
f 15/48/12 12/47/12 11/46/12 16/45/12
o cube
v -0.1781249999999999 -0.0013325214724776713 -0.17100243558256706
v 0.1968750000000001 -0.0013325214724776713 -0.17100243558256717
v -0.17812499999999992 -0.13391504294495535 -0.30358495705504474
v 0.19687500000000008 -0.13391504294495535 -0.30358495705504485
v 0.19687500000000008 0.13125 -0.3035849570550448
v -0.17812499999999992 0.13125 -0.3035849570550447
v 0.19687500000000005 -0.0013325214724776435 -0.4361674785275224
v -0.17812499999999995 -0.0013325214724776435 -0.43616747852752236
vt 0.375 0.40625
vt 0.4609375 0.40625
vt 0.4609375 0.3125
vt 0.375 0.3125
vt 0.375 0.40625
vt 0.5546875 0.40625
vt 0.5546875 0.3125
vt 0.375 0.3125
vt 0.375 0.40625
vt 0.4609375 0.40625
vt 0.4609375 0.3125
vt 0.375 0.3125
vt 0.375 0.40625
vt 0.5546875 0.40625
vt 0.5546875 0.3125
vt 0.375 0.3125
vt 0.375 0.3125
vt 0.375 0.40625
vt 0.5546875 0.40625
vt 0.5546875 0.3125
vt 0.375 0.3125
vt 0.375 0.40625
vt 0.5546875 0.40625
vt 0.5546875 0.3125
vn 1 0 0
vn 0 -0.7071067811865476 0.7071067811865475
vn -1 0 0
vn 0 0.7071067811865476 -0.7071067811865475
vn 0 0.7071067811865475 0.7071067811865476
vn 0 -0.7071067811865475 -0.7071067811865476
g _
f 20/52/13 23/51/13 21/50/13 18/49/13
f 19/56/14 20/55/14 18/54/14 17/53/14
f 24/60/15 19/59/15 17/58/15 22/57/15
f 23/64/16 24/63/16 22/62/16 21/61/16
f 22/68/17 17/67/17 18/66/17 21/65/17
f 23/72/18 20/71/18 19/70/18 24/69/18
o cube
v -0.17812500000000003 -0.0013325214724776713 -0.796002435582567
v 0.19687499999999997 -0.0013325214724776713 -0.7960024355825672
v -0.17812500000000006 -0.13391504294495535 -0.9285849570550447
v 0.19687499999999994 -0.13391504294495535 -0.9285849570550448
v 0.19687499999999994 0.13125 -0.9285849570550448
v -0.17812500000000006 0.13125 -0.9285849570550446
v 0.1968749999999999 -0.0013325214724776435 -1.0611674785275225
v -0.1781250000000001 -0.0013325214724776435 -1.0611674785275222
vt 0.375 0.40625
vt 0.4609375 0.40625
vt 0.4609375 0.3125
vt 0.375 0.3125
vt 0.375 0.40625
vt 0.5546875 0.40625
vt 0.5546875 0.3125
vt 0.375 0.3125
vt 0.375 0.40625
vt 0.4609375 0.40625
vt 0.4609375 0.3125
vt 0.375 0.3125
vt 0.375 0.40625
vt 0.5546875 0.40625
vt 0.5546875 0.3125
vt 0.375 0.3125
vt 0.375 0.3125
vt 0.375 0.40625
vt 0.5546875 0.40625
vt 0.5546875 0.3125
vt 0.375 0.3125
vt 0.375 0.40625
vt 0.5546875 0.40625
vt 0.5546875 0.3125
vn 1 0 0
vn 0 -0.7071067811865476 0.7071067811865475
vn -1 0 0
vn 0 0.7071067811865476 -0.7071067811865475
vn 0 0.7071067811865475 0.7071067811865476
vn 0 -0.7071067811865475 -0.7071067811865476
g _
f 28/76/19 31/75/19 29/74/19 26/73/19
f 27/80/20 28/79/20 26/78/20 25/77/20
f 32/84/21 27/83/21 25/82/21 30/81/21
f 31/88/22 32/87/22 30/86/22 29/85/22
f 30/92/23 25/91/23 26/90/23 29/89/23
f 31/96/24 28/95/24 27/94/24 32/93/24
o cube
v 0.3406249999999986 -0.0013325229908488292 -0.1732075228638077
v -0.2531250000000013 -0.0013325229908486558 -0.17320752286380936
v 0.34062499999999785 0.010935429705652366 0.10777478945608979
v -0.2531250000000021 0.01093542970565254 0.10777478945608815
v -0.2531250000000013 -0.0013325229908486558 -0.17320752286380936
v 0.3406249999999986 -0.0013325229908488292 -0.1732075228638077
v -0.2531250000000021 0.01093542970565254 0.10777478945608815
v 0.34062499999999785 0.010935429705652366 0.10777478945608979
vt 0 1
vt 0.0859375 1
vt 0.0859375 0.90625
vt 0 0.90625
vt 0.25 0.40625
vt 0.75 0.40625
vt 0.75 0.65625
vt 0.25 0.65625
vt 0 1
vt 0.0859375 1
vt 0.0859375 0.90625
vt 0 0.90625
vt 0 0.875
vt 0.1796875 0.875
vt 0.1796875 0.90625
vt 0 0.90625
vt 0 0.90625
vt 0 1
vt 0.1796875 1
vt 0.1796875 0.90625
vt 0 0.90625
vt 0 1
vt 0.1796875 1
vt 0.1796875 0.90625
vn -1 0 0
vn 0 -0.9990482215818577 0.04361938736533756
vn 1 0 0
vn 0 0.9990482215818577 -0.04361938736533756
vn 0 -0.04361938736533756 -0.9990482215818577
vn 0 0.04361938736533756 0.9990482215818577
g _
f 36/100/25 39/99/25 37/98/25 34/97/25
f 35/104/26 36/103/26 34/102/26 33/101/26
f 40/108/27 35/107/27 33/106/27 38/105/27
f 39/112/28 40/111/28 38/110/28 37/109/28
f 38/116/29 33/115/29 34/114/29 37/113/29
f 39/120/30 36/119/30 35/118/30 40/117/30
o cube
v 0.340624999999999 0.13124999794252992 -0.30579004285512346
v -0.25312500000000093 0.13124999794253012 -0.3057900428551252
v 0.34062499999999857 0.3386092489203782 -0.11578029696321993
v -0.2531250000000015 0.3386092489203784 -0.11578029696322165
v -0.25312500000000093 0.13124999794253012 -0.3057900428551252
v 0.340624999999999 0.13124999794252992 -0.30579004285512346
v -0.2531250000000015 0.3386092489203784 -0.11578029696322165
v 0.34062499999999857 0.3386092489203782 -0.11578029696321993
vt 0 1
vt 0.0859375 1
vt 0.0859375 0.90625
vt 0 0.90625
vt 0.25 0.40625
vt 0.75 0.40625
vt 0.75 0.65625
vt 0.25 0.65625
vt 0 1
vt 0.0859375 1
vt 0.0859375 0.90625
vt 0 0.90625
vt 0 0.875
vt 0.1796875 0.875
vt 0.1796875 0.90625
vt 0 0.90625
vt 0 0.90625
vt 0 1
vt 0.1796875 1
vt 0.1796875 0.90625
vt 0 0.90625
vt 0 1
vt 0.1796875 1
vt 0.1796875 0.90625
vn -1 0 0
vn 0 -0.6755902076156569 0.7372773368101271
vn 1 0 0
vn 0 0.6755902076156569 -0.7372773368101271
vn 0 -0.7372773368101271 -0.6755902076156569
vn 0 0.7372773368101271 0.6755902076156569
g _
f 44/124/31 47/123/31 45/122/31 42/121/31
f 43/128/32 44/127/32 42/126/32 41/125/32
f 48/132/33 43/131/33 41/130/33 46/129/33
f 47/136/34 48/135/34 46/134/34 45/133/34
f 46/140/35 41/139/35 42/138/35 45/137/35
f 47/144/36 44/143/36 43/142/36 48/141/36
o cube
v 0.19999999999999915 0.1754441738241592 -0.3499842167691141
v 0.19999999999999915 0.1754441738241592 -0.3499842167691141
v 0.19999999999999854 -0.04552669529663686 -0.129013347648318
v 0.19999999999999854 -0.04552669529663686 -0.129013347648318
v 0.19999999999999868 0.36326941257683587 -0.16215897801643753
v 0.19999999999999868 0.36326941257683587 -0.16215897801643753
v 0.19999999999999804 0.14229854345603987 0.05881189110435864
v 0.19999999999999804 0.14229854345603987 0.05881189110435864
vt 0 0.96875
vt 0.1796875 0.96875
vt 0.1796875 0.875
vt 0 0.875
vt 0 1
vt 0.1796875 1
vt 0.1796875 0.90625
vt 0 0.90625
vt 0.84375 0.5
vt 0.625 0.5
vt 0.625 0.25
vt 0.84375 0.25
vt 0 1
vt 0.1796875 1
vt 0.1796875 0.90625
vt 0 0.90625
vt 0 0.90625
vt 0 1
vt 0.1796875 1
vt 0.1796875 0.90625
vt 0 0.90625
vt 0 1
vt 0.1796875 1
vt 0.1796875 0.90625
vn -1 0 0
vn 0 -0.7071067811865477 -0.7071067811865474
vn 1 0 0
vn 0 0.7071067811865477 0.7071067811865474
vn 0 0.7071067811865474 -0.7071067811865477
vn 0 -0.7071067811865474 0.7071067811865477
g _
f 52/148/37 55/147/37 53/146/37 50/145/37
f 51/152/38 52/151/38 50/150/38 49/149/38
f 56/156/39 51/155/39 49/154/39 54/153/39
f 55/160/40 56/159/40 54/158/40 53/157/40
f 54/164/41 49/163/41 50/162/41 53/161/41
f 55/168/42 52/167/42 51/166/42 56/165/42
o cube
v -0.17500000000000085 0.17544417382415925 -0.3499842167691151
v -0.17500000000000085 0.17544417382415925 -0.3499842167691151
v -0.17500000000000146 -0.045526695296636804 -0.129013347648319
v -0.17500000000000146 -0.045526695296636804 -0.129013347648319
v -0.17500000000000132 0.363269412576836 -0.16215897801643853
v -0.17500000000000132 0.363269412576836 -0.16215897801643853
v -0.17500000000000196 0.14229854345603993 0.05881189110435764
v -0.17500000000000196 0.14229854345603993 0.05881189110435764
vt 0 0.96875
vt 0.1796875 0.96875
vt 0.1796875 0.875
vt 0 0.875
vt 0 1
vt 0.1796875 1
vt 0.1796875 0.90625
vt 0 0.90625
vt 0.84375 0.5
vt 0.625 0.5
vt 0.625 0.25
vt 0.84375 0.25
vt 0 1
vt 0.1796875 1
vt 0.1796875 0.90625
vt 0 0.90625
vt 0 0.90625
vt 0 1
vt 0.1796875 1
vt 0.1796875 0.90625
vt 0 0.90625
vt 0 1
vt 0.1796875 1
vt 0.1796875 0.90625
vn -1 0 0
vn 0 -0.7071067811865477 -0.7071067811865474
vn 1 0 0
vn 0 0.7071067811865477 0.7071067811865474
vn 0 0.7071067811865474 -0.7071067811865477
vn 0 -0.7071067811865474 0.7071067811865477
g _
f 60/172/43 63/171/43 61/170/43 58/169/43
f 59/176/44 60/175/44 58/174/44 57/173/44
f 64/180/45 59/179/45 57/178/45 62/177/45
f 63/184/46 64/183/46 62/182/46 61/181/46
f 62/188/47 57/187/47 58/186/47 61/185/47
f 63/192/48 60/191/48 59/190/48 64/189/48
o cube
v 0.34062499999999885 0.198703798651555 -0.23217713671193296
v -0.25312500000000115 0.19870379865155496 -0.23217713671193474
v 0.34062499999999934 0.4218344256084636 -0.40339128862063744
v -0.25312500000000066 0.42183442560846357 -0.4033912886206392
v -0.25312500000000115 0.19870379865155496 -0.23217713671193474
v 0.34062499999999885 0.198703798651555 -0.23217713671193296
v -0.25312500000000066 0.42183442560846357 -0.4033912886206392
v 0.34062499999999934 0.4218344256084636 -0.40339128862063744
vt 0 1
vt 0.0859375 1
vt 0.0859375 0.90625
vt 0 0.90625
vt 0.25 0.40625
vt 0.75 0.40625
vt 0.75 0.65625
vt 0.25 0.65625
vt 0 1
vt 0.0859375 1
vt 0.0859375 0.90625
vt 0 0.90625
vt 0 0.875
vt 0.1796875 0.875
vt 0.1796875 0.90625
vt 0 0.90625
vt 0 0.90625
vt 0 1
vt 0.1796875 1
vt 0.1796875 0.90625
vt 0 0.90625
vt 0 1
vt 0.1796875 1
vt 0.1796875 0.90625
vn -1 0 0
vn 0 0.6087614290087269 0.7933533402912305
vn 1 0 0
vn 0 -0.6087614290087269 -0.7933533402912305
vn 0 -0.7933533402912305 0.6087614290087269
vn 0 0.7933533402912305 -0.6087614290087269
g _
f 68/196/49 71/195/49 69/194/49 66/193/49
f 67/200/50 68/199/50 66/198/50 65/197/50
f 72/204/51 67/203/51 65/202/51 70/201/51
f 71/208/52 72/207/52 70/206/52 69/205/52
f 70/212/53 65/211/53 66/210/53 69/209/53
f 71/216/54 68/215/54 67/214/54 72/213/54
o cube
v 0.554766976010449 -0.0013325229908491484 -0.5285580143783892
v 0.13492232468093535 -0.001332522990848399 -0.10871336304887774
v 0.7534514744453243 0.010935429705652026 -0.3298735159435127
v 0.3336068231158107 0.010935429705652776 0.08997113538599866
v 0.13492232468093535 -0.001332522990848399 -0.10871336304887774
v 0.554766976010449 -0.0013325229908491484 -0.5285580143783892
v 0.3336068231158107 0.010935429705652776 0.08997113538599866
v 0.7534514744453243 0.010935429705652026 -0.3298735159435127
vt 0 1
vt 0.0859375 1
vt 0.0859375 0.90625
vt 0 0.90625
vt 0.25 0.40625
vt 0.75 0.40625
vt 0.75 0.65625
vt 0.25 0.65625
vt 0 1
vt 0.0859375 1
vt 0.0859375 0.90625
vt 0 0.90625
vt 0 0.875
vt 0.1796875 0.875
vt 0.1796875 0.90625
vt 0 0.90625
vt 0 0.90625
vt 0 1
vt 0.1796875 1
vt 0.1796875 0.90625
vt 0 0.90625
vt 0 1
vt 0.1796875 1
vt 0.1796875 0.90625
vn -0.7071067811865495 0 0.7071067811865456
vn 0.030843564597232004 -0.9990482215818578 0.03084356459723395
vn 0.7071067811865495 0 -0.7071067811865456
vn -0.030843564597232004 0.9990482215818578 -0.03084356459723395
vn -0.7064337722128902 -0.04361938736533752 -0.7064337722128939
vn 0.7064337722128902 0.04361938736533752 0.7064337722128939
g _
f 76/220/55 79/219/55 77/218/55 74/217/55
f 75/224/56 76/223/56 74/222/56 73/221/56
f 80/228/57 75/227/57 73/226/57 78/225/57
f 79/232/58 80/231/58 78/230/58 77/229/58
f 78/236/59 73/235/59 74/234/59 77/233/59
f 79/240/60 76/239/60 75/238/60 80/237/60
o cube
v 0.461016977057789 0.13124999794252962 -0.6223080133310499
v 0.04117232572827523 0.1312499979425304 -0.20246336200153847
v 0.5953741568694865 0.3386092489203779 -0.48795083351935187
v 0.17552950553997274 0.3386092489203787 -0.06810618218984055
v 0.04117232572827523 0.1312499979425304 -0.20246336200153847
v 0.461016977057789 0.13124999794252962 -0.6223080133310499
v 0.17552950553997274 0.3386092489203787 -0.06810618218984055
v 0.5953741568694865 0.3386092489203779 -0.48795083351935187
vt 0 1
vt 0.0859375 1
vt 0.0859375 0.90625
vt 0 0.90625
vt 0.25 0.40625
vt 0.75 0.40625
vt 0.75 0.65625
vt 0.25 0.65625
vt 0 1
vt 0.0859375 1
vt 0.0859375 0.90625
vt 0 0.90625
vt 0 0.875
vt 0.1796875 0.875
vt 0.1796875 0.90625
vt 0 0.90625
vt 0 0.90625
vt 0 1
vt 0.1796875 1
vt 0.1796875 0.90625
vt 0 0.90625
vt 0 1
vt 0.1796875 1
vt 0.1796875 0.90625
vn -0.7071067811865496 0 0.7071067811865456
vn 0.5213338044735969 -0.6755902076156569 0.5213338044736012
vn 0.7071067811865496 0 -0.7071067811865456
vn -0.5213338044735969 0.6755902076156569 -0.5213338044736012
vn -0.477714417108258 -0.7372773368101271 -0.47771441710825935
vn 0.477714417108258 0.7372773368101271 0.47771441710825935
g _
f 84/244/61 87/243/61 85/242/61 82/241/61
f 83/248/62 84/247/62 82/246/62 81/245/62
f 88/252/63 83/251/63 81/250/63 86/249/63
f 87/256/64 88/255/64 86/254/64 85/253/64
f 86/260/65 81/259/65 82/258/65 85/257/65
f 87/264/66 84/263/66 83/262/66 88/261/66
o cube
v 0.3303300858899105 0.175444173824159 -0.5541211222902122
v 0.3303300858899105 0.175444173824159 -0.5541211222902122
v 0.48658008588990986 -0.045526695296637054 -0.3978711222902116
v 0.48658008588990986 -0.045526695296637054 -0.3978711222902116
v 0.4631425858899102 0.3632694125768357 -0.421308622290212
v 0.4631425858899102 0.3632694125768357 -0.421308622290212
v 0.6193925858899096 0.14229854345603968 -0.2650586222902114
v 0.6193925858899096 0.14229854345603968 -0.2650586222902114
vt 0 0.96875
vt 0.1796875 0.96875
vt 0.1796875 0.875
vt 0 0.875
vt 0 1
vt 0.1796875 1
vt 0.1796875 0.90625
vt 0 0.90625
vt 0.84375 0.5
vt 0.625 0.5
vt 0.625 0.25
vt 0.84375 0.25
vt 0 1
vt 0.1796875 1
vt 0.1796875 0.90625
vt 0 0.90625
vt 0 0.90625
vt 0 1
vt 0.1796875 1
vt 0.1796875 0.90625
vt 0 0.90625
vt 0 1
vt 0.1796875 1
vt 0.1796875 0.90625
vn -0.7071067811865493 0 0.7071067811865457
vn -0.49999999999999917 -0.7071067811865476 -0.5000000000000008
vn 0.7071067811865493 0 -0.7071067811865457
vn 0.49999999999999917 0.7071067811865476 0.5000000000000008
vn -0.4999999999999983 0.7071067811865474 -0.5000000000000021
vn 0.4999999999999983 -0.7071067811865474 0.5000000000000021
g _
f 92/268/67 95/267/67 93/266/67 90/265/67
f 91/272/68 92/271/68 90/270/68 89/269/68
f 96/276/69 91/275/69 89/274/69 94/273/69
f 95/280/70 96/279/70 94/278/70 93/277/70
f 94/284/71 89/283/71 90/282/71 93/281/71
f 95/288/72 92/287/72 91/286/72 96/285/72
o cube
v 0.06516504294495445 0.1754441738241594 -0.2889560793452576
v 0.06516504294495445 0.1754441738241594 -0.2889560793452576
v 0.22141504294495387 -0.045526695296636666 -0.13270607934525702
v 0.22141504294495387 -0.045526695296636666 -0.13270607934525702
v 0.19797754294495418 0.3632694125768361 -0.1561435793452574
v 0.19797754294495418 0.3632694125768361 -0.1561435793452574
v 0.3542275429449536 0.14229854345604007 0.0001064206547431723
v 0.3542275429449536 0.14229854345604007 0.0001064206547431723
vt 0 0.96875
vt 0.1796875 0.96875
vt 0.1796875 0.875
vt 0 0.875
vt 0 1
vt 0.1796875 1
vt 0.1796875 0.90625
vt 0 0.90625
vt 0.84375 0.5
vt 0.625 0.5
vt 0.625 0.25
vt 0.84375 0.25
vt 0 1
vt 0.1796875 1
vt 0.1796875 0.90625
vt 0 0.90625
vt 0 0.90625
vt 0 1
vt 0.1796875 1
vt 0.1796875 0.90625
vt 0 0.90625
vt 0 1
vt 0.1796875 1
vt 0.1796875 0.90625
vn -0.7071067811865493 0 0.7071067811865457
vn -0.49999999999999917 -0.7071067811865476 -0.5000000000000008
vn 0.7071067811865493 0 -0.7071067811865457
vn 0.49999999999999917 0.7071067811865476 0.5000000000000008
vn -0.4999999999999983 0.7071067811865474 -0.5000000000000021
vn 0.4999999999999983 -0.7071067811865474 0.5000000000000021
g _
f 100/292/73 103/291/73 101/290/73 98/289/73
f 99/296/74 100/295/74 98/294/74 97/293/74
f 104/300/75 99/299/75 97/298/75 102/297/75
f 103/304/76 104/303/76 102/302/76 101/301/76
f 102/308/77 97/307/77 98/306/77 101/305/77
f 103/312/78 100/311/78 99/310/78 104/309/78
o cube
v 0.5122372252962839 0.19203132906427423 -0.5710877650925548
v 0.09239257396677011 0.19203132906427478 -0.15124311376304342
v 0.40538242000508806 0.42923517319914706 -0.6779425703837515
v -0.014462231324425728 0.4292351731991476 -0.2580979190542402
v 0.09239257396677011 0.19203132906427478 -0.15124311376304342
v 0.5122372252962839 0.19203132906427423 -0.5710877650925548
v -0.014462231324425728 0.4292351731991476 -0.2580979190542402
v 0.40538242000508806 0.42923517319914706 -0.6779425703837515
vt 0 1
vt 0.0859375 1
vt 0.0859375 0.90625
vt 0 0.90625
vt 0.25 0.40625
vt 0.75 0.40625
vt 0.75 0.65625
vt 0.25 0.65625
vt 0 1
vt 0.0859375 1
vt 0.0859375 0.90625
vt 0 0.90625
vt 0 0.875
vt 0.1796875 0.875
vt 0.1796875 0.90625
vt 0 0.90625
vt 0 0.90625
vt 0 1
vt 0.1796875 1
vt 0.1796875 0.90625
vt 0 0.90625
vt 0 1
vt 0.1796875 1
vt 0.1796875 0.90625
vn -0.7071067811865497 0 0.7071067811865456
vn 0.5963678105290134 0.537299608346831 0.5963678105290163
vn 0.7071067811865497 0 -0.7071067811865456
vn -0.5963678105290134 -0.537299608346831 -0.5963678105290163
vn 0.37992819659091875 -0.8433914458128812 0.37992819659092214
vn -0.37992819659091875 0.8433914458128812 -0.37992819659092214
g _
f 108/316/79 111/315/79 109/314/79 106/313/79
f 107/320/80 108/319/80 106/318/80 105/317/80
f 112/324/81 107/323/81 105/322/81 110/321/81
f 111/328/82 112/327/82 110/326/82 109/325/82
f 110/332/83 105/331/83 106/330/83 109/329/83
f 111/336/84 108/335/84 107/334/84 112/333/84
o cube
v -0.41741747713619165 -0.0013325229908488431 -0.3031250000000002
v -0.4174174771361916 -0.001332522990848746 -0.8968750000000002
v -0.6983997894560892 0.010935429705652311 -0.3031250000000002
v -0.698399789456089 0.010935429705652408 -0.8968750000000002
v -0.4174174771361916 -0.001332522990848746 -0.8968750000000002
v -0.41741747713619165 -0.0013325229908488431 -0.3031250000000002
v -0.698399789456089 0.010935429705652408 -0.8968750000000002
v -0.6983997894560892 0.010935429705652311 -0.3031250000000002
vt 0 1
vt 0.0859375 1
vt 0.0859375 0.90625
vt 0 0.90625
vt 0.25 0.40625
vt 0.75 0.40625
vt 0.75 0.65625
vt 0.25 0.65625
vt 0 1
vt 0.0859375 1
vt 0.0859375 0.90625
vt 0 0.90625
vt 0 0.875
vt 0.1796875 0.875
vt 0.1796875 0.90625
vt 0 0.90625
vt 0 0.90625
vt 0 1
vt 0.1796875 1
vt 0.1796875 0.90625
vt 0 0.90625
vt 0 1
vt 0.1796875 1
vt 0.1796875 0.90625
vn 0 0 -1
vn -0.043619387365337436 -0.9990482215818577 0
vn 0 0 1
vn 0.043619387365337436 0.9990482215818577 0
vn 0.9990482215818577 -0.043619387365337436 0
vn -0.9990482215818577 0.043619387365337436 0
g _
f 116/340/85 119/339/85 117/338/85 114/337/85
f 115/344/86 116/343/86 114/342/86 113/341/86
f 120/348/87 115/347/87 113/346/87 118/345/87
f 119/352/88 120/351/88 118/350/88 117/349/88
f 118/356/89 113/355/89 114/354/89 117/353/89
f 119/360/90 116/359/90 115/358/90 120/357/90
o cube
v -0.28483495714487583 0.13124999794252995 -0.3031250000000002
v -0.2848349571448757 0.13124999794253006 -0.8968750000000002
v -0.4748447030367794 0.33860924892037814 -0.3031250000000002
v -0.4748447030367793 0.33860924892037825 -0.8968750000000002
v -0.2848349571448757 0.13124999794253006 -0.8968750000000002
v -0.28483495714487583 0.13124999794252995 -0.3031250000000002
v -0.4748447030367793 0.33860924892037825 -0.8968750000000002
v -0.4748447030367794 0.33860924892037814 -0.3031250000000002
vt 0 1
vt 0.0859375 1
vt 0.0859375 0.90625
vt 0 0.90625
vt 0.25 0.40625
vt 0.75 0.40625
vt 0.75 0.65625
vt 0.25 0.65625
vt 0 1
vt 0.0859375 1
vt 0.0859375 0.90625
vt 0 0.90625
vt 0 0.875
vt 0.1796875 0.875
vt 0.1796875 0.90625
vt 0 0.90625
vt 0 0.90625
vt 0 1
vt 0.1796875 1
vt 0.1796875 0.90625
vt 0 0.90625
vt 0 1
vt 0.1796875 1
vt 0.1796875 0.90625
vn 0 0 -1
vn -0.7372773368101271 -0.6755902076156571 0
vn 0 0 1
vn 0.7372773368101271 0.6755902076156571 0
vn 0.6755902076156571 -0.7372773368101271 0
vn -0.6755902076156571 0.7372773368101271 0
g _
f 124/364/91 127/363/91 125/362/91 122/361/91
f 123/368/92 124/367/92 122/366/92 121/365/92
f 128/372/93 123/371/93 121/370/93 126/369/93
f 127/376/94 128/375/94 126/374/94 125/373/94
f 126/380/95 121/379/95 122/378/95 125/377/95
f 127/384/96 124/383/96 123/382/96 128/381/96
o cube
v -0.24064078323088556 0.17544417382415917 -0.4437500000000002
v -0.24064078323088556 0.17544417382415917 -0.4437500000000002
v -0.46161165235168167 -0.045526695296636915 -0.4437500000000002
v -0.46161165235168167 -0.045526695296636915 -0.4437500000000002
v -0.4284660219835622 0.36326941257683587 -0.4437500000000002
v -0.4284660219835622 0.36326941257683587 -0.4437500000000002
v -0.6494368911043583 0.1422985434560398 -0.4437500000000002
v -0.6494368911043583 0.1422985434560398 -0.4437500000000002
vt 0 1
vt 0.0859375 1
vt 0.0859375 0.90625
vt 0 0.90625
vt 0 1
vt 0.1796875 1
vt 0.1796875 0.90625
vt 0 0.90625
vt 0.8125 0.46875
vt 0.625 0.46875
vt 0.625 0.25
vt 0.8125 0.25
vt 0 1
vt 0.1796875 1
vt 0.1796875 0.90625
vt 0 0.90625
vt 0 0.90625
vt 0 1
vt 0.1796875 1
vt 0.1796875 0.90625
vt 0 0.90625
vt 0 1
vt 0.1796875 1
vt 0.1796875 0.90625
vn 0 0 -1
vn 0.7071067811865475 -0.7071067811865476 0
vn 0 0 1
vn -0.7071067811865475 0.7071067811865476 0
vn 0.7071067811865476 0.7071067811865475 0
vn -0.7071067811865476 -0.7071067811865475 0
g _
f 132/388/97 135/387/97 133/386/97 130/385/97
f 131/392/98 132/391/98 130/390/98 129/389/98
f 136/396/99 131/395/99 129/394/99 134/393/99
f 135/400/100 136/399/100 134/398/100 133/397/100
f 134/404/101 129/403/101 130/402/101 133/401/101
f 135/408/102 132/407/102 131/406/102 136/405/102
o cube
v -0.24064078323088556 0.17544417382415917 -0.8187500000000002
v -0.24064078323088556 0.17544417382415917 -0.8187500000000002
v -0.46161165235168167 -0.045526695296636915 -0.8187500000000002
v -0.46161165235168167 -0.045526695296636915 -0.8187500000000002
v -0.4284660219835622 0.36326941257683587 -0.8187500000000002
v -0.4284660219835622 0.36326941257683587 -0.8187500000000002
v -0.6494368911043583 0.1422985434560398 -0.8187500000000002
v -0.6494368911043583 0.1422985434560398 -0.8187500000000002
vt 0 1
vt 0.0859375 1
vt 0.0859375 0.90625
vt 0 0.90625
vt 0 1
vt 0.1796875 1
vt 0.1796875 0.90625
vt 0 0.90625
vt 0.8125 0.46875
vt 0.625 0.46875
vt 0.625 0.25
vt 0.8125 0.25
vt 0 1
vt 0.1796875 1
vt 0.1796875 0.90625
vt 0 0.90625
vt 0 0.90625
vt 0 1
vt 0.1796875 1
vt 0.1796875 0.90625
vt 0 0.90625
vt 0 1
vt 0.1796875 1
vt 0.1796875 0.90625
vn 0 0 -1
vn 0.7071067811865475 -0.7071067811865476 0
vn 0 0 1
vn -0.7071067811865475 0.7071067811865476 0
vn 0.7071067811865476 0.7071067811865475 0
vn -0.7071067811865476 -0.7071067811865475 0
g _
f 140/412/103 143/411/103 141/410/103 138/409/103
f 139/416/104 140/415/104 138/414/104 137/413/104
f 144/420/105 139/419/105 137/418/105 142/417/105
f 143/424/106 144/423/106 142/422/106 141/421/106
f 142/428/107 137/427/107 138/426/107 141/425/107
f 143/432/108 140/431/108 139/430/108 144/429/108
o cube
v -0.3544285233003094 0.18227811185633896 -0.3031250000000002
v -0.3544285233003092 0.18227811185633888 -0.8968750000000002
v -0.23556713718573563 0.4371771769603958 -0.3031250000000002
v -0.23556713718573544 0.4371771769603957 -0.8968750000000002
v -0.3544285233003092 0.18227811185633888 -0.8968750000000002
v -0.3544285233003094 0.18227811185633896 -0.3031250000000002
v -0.23556713718573544 0.4371771769603957 -0.8968750000000002
v -0.23556713718573563 0.4371771769603958 -0.3031250000000002
vt 0 1
vt 0.0859375 1
vt 0.0859375 0.90625
vt 0 0.90625
vt 0.25 0.40625
vt 0.75 0.40625
vt 0.75 0.65625
vt 0.25 0.65625
vt 0 1
vt 0.0859375 1
vt 0.0859375 0.90625
vt 0 0.90625
vt 0 0.875
vt 0.1796875 0.875
vt 0.1796875 0.90625
vt 0 0.90625
vt 0 0.90625
vt 0 1
vt 0.1796875 1
vt 0.1796875 0.90625
vt 0 0.90625
vt 0 1
vt 0.1796875 1
vt 0.1796875 0.90625
vn 0 0 -1
vn -0.9063077870366465 0.4226182617407067 0
vn 0 0 1
vn 0.9063077870366465 -0.4226182617407067 0
vn -0.4226182617407067 -0.9063077870366465 0
vn 0.4226182617407067 0.9063077870366465 0
g _
f 148/436/109 151/435/109 149/434/109 146/433/109
f 147/440/110 148/439/110 146/438/110 145/437/110
f 152/444/111 147/443/111 145/442/111 150/441/111
f 151/448/112 152/447/112 150/446/112 149/445/112
f 150/452/113 145/451/113 146/450/113 149/449/113
f 151/456/114 148/455/114 147/454/114 152/453/114
o cube
v -0.3016689206547427 0.1754441738241592 -0.5785849570550454
v -0.3016689206547427 0.1754441738241592 -0.5785849570550454
v -0.4579189206547431 -0.04552669529663686 -0.4223349570550458
v -0.4579189206547431 -0.04552669529663686 -0.4223349570550458
v -0.43448142065474293 0.36326941257683587 -0.44577245705504576
v -0.43448142065474293 0.36326941257683587 -0.44577245705504576
v -0.5907314206547434 0.14229854345603987 -0.2895224570550461
v -0.5907314206547434 0.14229854345603987 -0.2895224570550461
vt 0 1
vt 0.0859375 1
vt 0.0859375 0.90625
vt 0 0.90625
vt 0 1
vt 0.1796875 1
vt 0.1796875 0.90625
vt 0 0.90625
vt 0.8125 0.46875
vt 0.625 0.46875
vt 0.625 0.25
vt 0.8125 0.25
vt 0 1
vt 0.1796875 1
vt 0.1796875 0.90625
vt 0 0.90625
vt 0 0.90625
vt 0 1
vt 0.1796875 1
vt 0.1796875 0.90625
vt 0 0.90625
vt 0 1
vt 0.1796875 1
vt 0.1796875 0.90625
vn -0.7071067811865459 0 -0.7071067811865491
vn 0.500000000000001 -0.7071067811865478 -0.49999999999999883
vn 0.7071067811865459 0 0.7071067811865491
vn -0.500000000000001 0.7071067811865478 0.49999999999999883
vn 0.5000000000000012 0.7071067811865475 -0.49999999999999906
vn -0.5000000000000012 -0.7071067811865475 0.49999999999999906
g _
f 156/460/115 159/459/115 157/458/115 154/457/115
f 155/464/116 156/463/116 154/462/116 153/461/116
f 160/468/117 155/467/117 153/466/117 158/465/117
f 159/472/118 160/471/118 158/470/118 157/469/118
f 158/476/119 153/475/119 154/474/119 157/473/119
f 159/480/120 156/479/120 155/478/120 160/477/120
o cube
v -0.06206698562161084 -0.0013325229908488084 -0.08898302398955094
v -0.48191163695112255 -0.0013325229908486905 -0.5088276753190644
v -0.2607514840564872 0.010935429705652366 0.10970147444532458
v -0.6805961353859988 0.010935429705652484 -0.3101431768841889
v -0.48191163695112255 -0.0013325229908486905 -0.5088276753190644
v -0.06206698562161084 -0.0013325229908488084 -0.08898302398955094
v -0.6805961353859988 0.010935429705652484 -0.3101431768841889
v -0.2607514840564872 0.010935429705652366 0.10970147444532458
vt 0 1
vt 0.0859375 1
vt 0.0859375 0.90625
vt 0 0.90625
vt 0.25 0.40625
vt 0.75 0.40625
vt 0.75 0.65625
vt 0.25 0.65625
vt 0 1
vt 0.0859375 1
vt 0.0859375 0.90625
vt 0 0.90625
vt 0 0.875
vt 0.1796875 0.875
vt 0.1796875 0.90625
vt 0 0.90625
vt 0 0.90625
vt 0 1
vt 0.1796875 1
vt 0.1796875 0.90625
vt 0 0.90625
vt 0 1
vt 0.1796875 1
vt 0.1796875 0.90625
vn -0.707106781186546 0 -0.7071067811865491
vn -0.03084356459723318 -0.9990482215818577 0.030843564597232757
vn 0.707106781186546 0 0.7071067811865491
vn 0.03084356459723318 0.9990482215818577 -0.030843564597232757
vn 0.7064337722128937 -0.043619387365337534 -0.7064337722128906
vn -0.7064337722128937 0.043619387365337534 0.7064337722128906
g _
f 164/484/121 167/483/121 165/482/121 162/481/121
f 163/488/122 164/487/122 162/486/122 161/485/122
f 168/492/123 163/491/123 161/490/123 166/489/123
f 167/496/124 168/495/124 166/494/124 165/493/124
f 166/500/125 161/499/125 162/498/125 165/497/125
f 167/504/126 164/503/126 163/502/126 168/501/126
o cube
v 0.031683013331049836 0.13124999794252995 -0.18273302294221105
v -0.3881616379984618 0.1312499979425301 -0.6025776742717246
v -0.10267416648064823 0.33860924892037825 -0.048375843130513574
v -0.5225188178101599 0.33860924892037836 -0.4682204944600271
v -0.3881616379984618 0.1312499979425301 -0.6025776742717246
v 0.031683013331049836 0.13124999794252995 -0.18273302294221105
v -0.5225188178101599 0.33860924892037836 -0.4682204944600271
v -0.10267416648064823 0.33860924892037825 -0.048375843130513574
vt 0 1
vt 0.0859375 1
vt 0.0859375 0.90625
vt 0 0.90625
vt 0.25 0.40625
vt 0.75 0.40625
vt 0.75 0.65625
vt 0.25 0.65625
vt 0 1
vt 0.0859375 1
vt 0.0859375 0.90625
vt 0 0.90625
vt 0 0.875
vt 0.1796875 0.875
vt 0.1796875 0.90625
vt 0 0.90625
vt 0 0.90625
vt 0 1
vt 0.1796875 1
vt 0.1796875 0.90625
vt 0 0.90625
vt 0 1
vt 0.1796875 1
vt 0.1796875 0.90625
vn -0.7071067811865458 0 -0.7071067811865492
vn -0.5213338044736003 -0.675590207615657 0.5213338044735977
vn 0.7071067811865458 0 0.7071067811865492
vn 0.5213338044736003 0.675590207615657 -0.5213338044735977
vn 0.4777144171082595 -0.7372773368101271 -0.4777144171082575
vn -0.4777144171082595 0.7372773368101271 0.4777144171082575
g _
f 172/508/127 175/507/127 173/506/127 170/505/127
f 171/512/128 172/511/128 170/510/128 169/509/128
f 176/516/129 171/515/129 169/514/129 174/513/129
f 175/520/130 176/519/130 174/518/130 173/517/130
f 174/524/131 169/523/131 170/522/131 173/521/131
f 175/528/132 172/527/132 171/526/132 176/525/132
o cube
v -0.03650387770978797 0.1754441738241592 -0.31341991411008957
v -0.03650387770978797 0.1754441738241592 -0.31341991411008957
v -0.19275387770978836 -0.04552669529663686 -0.1571699141100899
v -0.19275387770978836 -0.04552669529663686 -0.1571699141100899
v -0.16931637770978822 0.36326941257683587 -0.18060741411008988
v -0.16931637770978822 0.36326941257683587 -0.18060741411008988
v -0.3255663777097886 0.14229854345603987 -0.02435741411009021
v -0.3255663777097886 0.14229854345603987 -0.02435741411009021
vt 0 1
vt 0.0859375 1
vt 0.0859375 0.90625
vt 0 0.90625
vt 0 1
vt 0.1796875 1
vt 0.1796875 0.90625
vt 0 0.90625
vt 0.8125 0.46875
vt 0.625 0.46875
vt 0.625 0.25
vt 0.8125 0.25
vt 0 1
vt 0.1796875 1
vt 0.1796875 0.90625
vt 0 0.90625
vt 0 0.90625
vt 0 1
vt 0.1796875 1
vt 0.1796875 0.90625
vt 0 0.90625
vt 0 1
vt 0.1796875 1
vt 0.1796875 0.90625
vn -0.7071067811865459 0 -0.7071067811865491
vn 0.500000000000001 -0.7071067811865478 -0.49999999999999883
vn 0.7071067811865459 0 0.7071067811865491
vn -0.500000000000001 0.7071067811865478 0.49999999999999883
vn 0.5000000000000012 0.7071067811865475 -0.49999999999999906
vn -0.5000000000000012 -0.7071067811865475 0.49999999999999906
g _
f 180/532/133 183/531/133 181/530/133 178/529/133
f 179/536/134 180/535/134 178/534/134 177/533/134
f 184/540/135 179/539/135 177/538/135 182/537/135
f 183/544/136 184/543/136 182/542/136 181/541/136
f 182/548/137 177/547/137 178/546/137 181/545/137
f 183/552/138 180/551/138 179/550/138 184/549/138
o cube
v -0.020838998427452793 0.20884112097576688 -0.13021101118370865
v -0.44068364975696445 0.20884112097576676 -0.5500556625132222
v 0.1197860015725487 0.40771490318448167 -0.2708360111837095
v -0.30005864975696295 0.40771490318448156 -0.6906806625132231
v -0.44068364975696445 0.20884112097576676 -0.5500556625132222
v -0.020838998427452793 0.20884112097576688 -0.13021101118370865
v -0.30005864975696295 0.40771490318448156 -0.6906806625132231
v 0.1197860015725487 0.40771490318448167 -0.2708360111837095
vt 0 1
vt 0.0859375 1
vt 0.0859375 0.90625
vt 0 0.90625
vt 0.25 0.40625
vt 0.75 0.40625
vt 0.75 0.65625
vt 0.25 0.65625
vt 0 1
vt 0.0859375 1
vt 0.0859375 0.90625
vt 0 0.90625
vt 0 0.875
vt 0.1796875 0.875
vt 0.1796875 0.90625
vt 0 0.90625
vt 0 0.90625
vt 0 1
vt 0.1796875 1
vt 0.1796875 0.90625
vt 0 0.90625
vt 0 1
vt 0.1796875 1
vt 0.1796875 0.90625
vn -0.7071067811865458 0 -0.7071067811865493
vn -0.4999999999999971 0.7071067811865535 0.49999999999999456
vn 0.7071067811865458 0 0.7071067811865493
vn 0.4999999999999971 -0.7071067811865535 -0.49999999999999456
vn -0.5000000000000052 -0.7071067811865417 0.5000000000000031
vn 0.5000000000000052 0.7071067811865417 -0.5000000000000031
g _
f 188/556/139 191/555/139 189/554/139 186/553/139
f 187/560/140 188/559/140 186/558/140 185/557/140
f 192/564/141 187/563/141 185/562/141 190/561/141
f 191/568/142 192/567/142 190/566/142 189/565/142
f 190/572/143 185/571/143 186/570/143 189/569/143
f 191/576/144 188/575/144 187/574/144 192/573/144
o cube
v -0.3187500000000001 -0.0013325229908488431 -1.0611674771361916
v 0.2749999999999999 -0.001332522990848746 -1.0611674771361916
v -0.3187500000000001 0.010935429705652311 -1.3421497894560892
v 0.27499999999999986 0.010935429705652408 -1.3421497894560892
v 0.2749999999999999 -0.001332522990848746 -1.0611674771361916
v -0.3187500000000001 -0.0013325229908488431 -1.0611674771361916
v 0.27499999999999986 0.010935429705652408 -1.3421497894560892
v -0.3187500000000001 0.010935429705652311 -1.3421497894560892
vt 0 1
vt 0.0859375 1
vt 0.0859375 0.90625
vt 0 0.90625
vt 0.25 0.40625
vt 0.75 0.40625
vt 0.75 0.65625
vt 0.25 0.65625
vt 0 1
vt 0.0859375 1
vt 0.0859375 0.90625
vt 0 0.90625
vt 0 0.875
vt 0.1796875 0.875
vt 0.1796875 0.90625
vt 0 0.90625
vt 0 0.90625
vt 0 1
vt 0.1796875 1
vt 0.1796875 0.90625
vt 0 0.90625
vt 0 1
vt 0.1796875 1
vt 0.1796875 0.90625
vn 1 0 0
vn 0 -0.9990482215818577 -0.043619387365337436
vn -1 0 0
vn 0 0.9990482215818577 0.043619387365337436
vn 0 -0.043619387365337436 0.9990482215818577
vn 0 0.043619387365337436 -0.9990482215818577
g _
f 196/580/145 199/579/145 197/578/145 194/577/145
f 195/584/146 196/583/146 194/582/146 193/581/146
f 200/588/147 195/587/147 193/586/147 198/585/147
f 199/592/148 200/591/148 198/590/148 197/589/148
f 198/596/149 193/595/149 194/594/149 197/593/149
f 199/600/150 196/599/150 195/598/150 200/597/150
o cube
v -0.3187500000000001 0.13124999794252995 -0.9285849571448758
v 0.27499999999999997 0.13124999794253006 -0.9285849571448758
v -0.3187500000000001 0.33860924892037814 -1.1185947030367793
v 0.2749999999999999 0.33860924892037825 -1.1185947030367793
v 0.27499999999999997 0.13124999794253006 -0.9285849571448758
v -0.3187500000000001 0.13124999794252995 -0.9285849571448758
v 0.2749999999999999 0.33860924892037825 -1.1185947030367793
v -0.3187500000000001 0.33860924892037814 -1.1185947030367793
vt 0 1
vt 0.0859375 1
vt 0.0859375 0.90625
vt 0 0.90625
vt 0.25 0.40625
vt 0.75 0.40625
vt 0.75 0.65625
vt 0.25 0.65625
vt 0 1
vt 0.0859375 1
vt 0.0859375 0.90625
vt 0 0.90625
vt 0 1
vt 0.1796875 1
vt 0.1796875 0.90625
vt 0 0.90625
vt 0 0.90625
vt 0 1
vt 0.1796875 1
vt 0.1796875 0.90625
vt 0 0.90625
vt 0 1
vt 0.1796875 1
vt 0.1796875 0.90625
vn 1 0 0
vn 0 -0.6755902076156571 -0.7372773368101271
vn -1 0 0
vn 0 0.6755902076156571 0.7372773368101271
vn 0 -0.7372773368101271 0.6755902076156571
vn 0 0.7372773368101271 -0.6755902076156571
g _
f 204/604/151 207/603/151 205/602/151 202/601/151
f 203/608/152 204/607/152 202/606/152 201/605/152
f 208/612/153 203/611/153 201/610/153 206/609/153
f 207/616/154 208/615/154 206/614/154 205/613/154
f 206/620/155 201/619/155 202/618/155 205/617/155
f 207/624/156 204/623/156 203/622/156 208/621/156
o cube
v -0.17812500000000006 0.17544417382415917 -0.8843907832308855
v -0.17812500000000006 0.17544417382415917 -0.8843907832308855
v -0.1781250000000001 -0.045526695296636915 -1.1053616523516816
v -0.1781250000000001 -0.045526695296636915 -1.1053616523516816
v -0.1781250000000001 0.36326941257683587 -1.0722160219835621
v -0.1781250000000001 0.36326941257683587 -1.0722160219835621
v -0.17812500000000014 0.1422985434560398 -1.2931868911043582
v -0.17812500000000014 0.1422985434560398 -1.2931868911043582
vt 0 0.96875
vt 0.1796875 0.96875
vt 0.1796875 0.875
vt 0 0.875
vt 0 1
vt 0.1796875 1
vt 0.1796875 0.90625
vt 0 0.90625
vt 0.84375 0.5
vt 0.625 0.5
vt 0.625 0.25
vt 0.84375 0.25
vt 0 1
vt 0.1796875 1
vt 0.1796875 0.90625
vt 0 0.90625
vt 0 0.90625
vt 0 1
vt 0.1796875 1
vt 0.1796875 0.90625
vt 0 0.90625
vt 0 1
vt 0.1796875 1
vt 0.1796875 0.90625
vn 1 0 0
vn 0 -0.7071067811865476 0.7071067811865475
vn -1 0 0
vn 0 0.7071067811865476 -0.7071067811865475
vn 0 0.7071067811865475 0.7071067811865476
vn 0 -0.7071067811865475 -0.7071067811865476
g _
f 212/628/157 215/627/157 213/626/157 210/625/157
f 211/632/158 212/631/158 210/630/158 209/629/158
f 216/636/159 211/635/159 209/634/159 214/633/159
f 215/640/160 216/639/160 214/638/160 213/637/160
f 214/644/161 209/643/161 210/642/161 213/641/161
f 215/648/162 212/647/162 211/646/162 216/645/162
o cube
v 0.19687499999999994 0.17544417382415917 -0.8843907832308857
v 0.19687499999999994 0.17544417382415917 -0.8843907832308857
v 0.1968749999999999 -0.045526695296636915 -1.1053616523516818
v 0.1968749999999999 -0.045526695296636915 -1.1053616523516818
v 0.1968749999999999 0.36326941257683587 -1.0722160219835624
v 0.1968749999999999 0.36326941257683587 -1.0722160219835624
v 0.19687499999999986 0.1422985434560398 -1.2931868911043585
v 0.19687499999999986 0.1422985434560398 -1.2931868911043585
vt 0 0.96875
vt 0.1796875 0.96875
vt 0.1796875 0.875
vt 0 0.875
vt 0 1
vt 0.1796875 1
vt 0.1796875 0.90625
vt 0 0.90625
vt 0.84375 0.5
vt 0.625 0.5
vt 0.625 0.25
vt 0.84375 0.25
vt 0 1
vt 0.1796875 1
vt 0.1796875 0.90625
vt 0 0.90625
vt 0 0.90625
vt 0 1
vt 0.1796875 1
vt 0.1796875 0.90625
vt 0 0.90625
vt 0 1
vt 0.1796875 1
vt 0.1796875 0.90625
vn 1 0 0
vn 0 -0.7071067811865476 0.7071067811865475
vn -1 0 0
vn 0 0.7071067811865476 -0.7071067811865475
vn 0 0.7071067811865475 0.7071067811865476
vn 0 -0.7071067811865475 -0.7071067811865476
g _
f 220/652/163 223/651/163 221/650/163 218/649/163
f 219/656/164 220/655/164 218/654/164 217/653/164
f 224/660/165 219/659/165 217/658/165 222/657/165
f 223/664/166 224/663/166 222/662/166 221/661/166
f 222/668/167 217/667/167 218/666/167 221/665/167
f 223/672/168 220/671/168 219/670/168 224/669/168
o cube
v -0.3187500000000001 0.1791199957668092 -0.9969503991203685
v 0.2749999999999999 0.17911999576680912 -0.9969503991203684
v -0.3187500000000001 0.4389611142856077 -0.8893206837676849
v 0.27499999999999997 0.43896111428560763 -0.8893206837676848
v 0.2749999999999999 0.17911999576680912 -0.9969503991203684
v -0.3187500000000001 0.1791199957668092 -0.9969503991203685
v 0.27499999999999997 0.43896111428560763 -0.8893206837676848
v -0.3187500000000001 0.4389611142856077 -0.8893206837676849
vt 0 1
vt 0.0859375 1
vt 0.0859375 0.90625
vt 0 0.90625
vt 0.25 0.40625
vt 0.75 0.40625
vt 0.75 0.65625
vt 0.25 0.65625
vt 0 1
vt 0.0859375 1
vt 0.0859375 0.90625
vt 0 0.90625
vt 0 1
vt 0.1796875 1
vt 0.1796875 0.90625
vt 0 0.90625
vt 0 0.90625
vt 0 1
vt 0.1796875 1
vt 0.1796875 0.90625
vt 0 0.90625
vt 0 1
vt 0.1796875 1
vt 0.1796875 0.90625
vn 1 0 0
vn 0 0.3826834323650973 -0.9238795325112836
vn -1 0 0
vn 0 -0.3826834323650973 0.9238795325112836
vn 0 -0.9238795325112836 -0.3826834323650973
vn 0 0.9238795325112836 0.3826834323650973
g _
f 228/676/169 231/675/169 229/674/169 226/673/169
