# Made in Blockbench 4.12.3

o cube
v 0.15093749999999997 0.4229242542728409 0.1033617577257683
v 0.15093749999999997 0.21727903676775456 0.03852206970765938
v 0.15093749999999997 0.4229242542728409 0.1033617577257683
v 0.15093749999999997 0.21727903676775456 0.03852206970765938
v -0.129375 0.21727903676775456 0.03852206970765938
v -0.129375 0.4229242542728409 0.1033617577257683
v -0.129375 0.21727903676775456 0.03852206970765938
v -0.129375 0.4229242542728409 0.1033617577257683
vt 0 1
vt 0.0625 1
vt 0.0625 1
vt 0 1
vt 0 1
vt 0.0625 1
vt 0.0625 1
vt 0 1
vt 0 1
vt 0.0625 1
vt 0.0625 1
vt 0 1
vt 0 1
vt 0.0625 1
vt 0.0625 1
vt 0 1
vt 0 1
vt 0.0625 1
vt 0.0625 1
vt 0 1
vt 0.0625 0.5625
vt 0.40625 0.5625
vt 0.40625 0.28125
vt 0.0625 0.28125
vn 0 -0.9537169507482269 -0.3007057995042734
vn 1 0 0
vn 0 0.9537169507482269 0.3007057995042734
vn -1 0 0
vn 0 0.3007057995042734 -0.9537169507482269
vn 0 -0.3007057995042734 0.9537169507482269
g Frond
f 4/4/1 7/3/1 5/2/1 2/1/1
f 3/8/2 4/7/2 2/6/2 1/5/2
f 8/12/3 3/11/3 1/10/3 6/9/3
f 7/16/4 8/15/4 6/14/4 5/13/4
f 6/20/5 1/19/5 2/18/5 5/17/5
f 7/24/6 4/23/6 3/22/6 8/21/6
o cube
v 0.15093749999999997 0.2172882461143897 0.03852390156060061
v 0.15093749999999997 0.002483764338357096 0.01973094453063675
v 0.15093749999999997 0.2172882461143897 0.03852390156060061
v 0.15093749999999997 0.002483764338357096 0.01973094453063675
v -0.129375 0.002483764338357096 0.01973094453063675
v -0.129375 0.2172882461143897 0.03852390156060061
v -0.129375 0.002483764338357096 0.01973094453063675
v -0.129375 0.2172882461143897 0.03852390156060061
vt 0 1
vt 0.0625 1
vt 0.0625 1
vt 0 1
vt 0 1
vt 0.0625 1
vt 0.0625 1
vt 0 1
vt 0 1
vt 0.0625 1
vt 0.0625 1
vt 0 1
vt 0 1
vt 0.0625 1
vt 0.0625 1
vt 0 1
vt 0 1
vt 0.0625 1
vt 0.0625 1
vt 0 1
vt 0.0625 0.28125
vt 0.40625 0.28125
vt 0.40625 0
vt 0.0625 0
vn 0 -0.9961946980917457 -0.08715574274765849
vn 1 0 0
vn 0 0.9961946980917457 0.08715574274765849
vn -1 0 0
vn 0 0.08715574274765849 -0.9961946980917457
vn 0 -0.08715574274765849 0.9961946980917457
g Frond
f 12/28/7 15/27/7 13/26/7 10/25/7
f 11/32/8 12/31/8 10/30/8 9/29/8
f 16/36/9 11/35/9 9/34/9 14/33/9
f 15/40/10 16/39/10 14/38/10 13/37/10
f 14/44/11 9/43/11 10/42/11 13/41/11
f 15/48/12 12/47/12 11/46/12 16/45/12
o cube
v 0.15093749999999997 0.5792170495002589 0.3741016521974105
v 0.15093749999999997 0.42288892450025894 0.10333339704543221
v 0.15093749999999997 0.5792170495002589 0.3741016521974105
v 0.15093749999999997 0.42288892450025894 0.10333339704543221
v -0.129375 0.42288892450025894 0.10333339704543221
v -0.129375 0.5792170495002589 0.3741016521974105
v -0.129375 0.42288892450025894 0.10333339704543221
v -0.129375 0.5792170495002589 0.3741016521974105
vt 0 1
vt 0.0625 1
vt 0.0625 1
vt 0 1
vt 0 1
vt 0.0625 1
vt 0.0625 1
vt 0 1
vt 0 1
vt 0.0625 1
vt 0.0625 1
vt 0 1
vt 0 1
vt 0.0625 1
vt 0.0625 1
vt 0 1
vt 0 1
vt 0.0625 1
vt 0.0625 0.90625
vt 0 0.90625
vt 0.0625 1
vt 0.40625 1
vt 0.40625 0.5625
vt 0.0625 0.5625
vn 0 -0.49999999999999994 -0.8660254037844388
vn 1 0 0
vn 0 0.49999999999999994 0.8660254037844388
vn -1 0 0
vn 0 0.8660254037844388 -0.49999999999999994
vn 0 -0.8660254037844388 0.49999999999999994
g Frond
f 20/52/13 23/51/13 21/50/13 18/49/13
f 19/56/14 20/55/14 18/54/14 17/53/14
f 24/60/15 19/59/15 17/58/15 22/57/15
f 23/64/16 24/63/16 22/62/16 21/61/16
f 22/68/17 17/67/17 18/66/17 21/65/17
f 23/72/18 20/71/18 19/70/18 24/69/18
o cube
v -0.13926875050879592 0.41015572348481033 0.18320627354936447
v -0.04206428303935052 0.21889401258075625 0.16165656192633943
v -0.13926875050879592 0.41015572348481033 0.18320627354936447
v -0.04206428303935052 0.21889401258075625 0.16165656192633943
v -0.10273501232137408 0.2188940125807563 -0.11201141256946703
v -0.1999394797908195 0.41015572348481033 -0.09046170094644199
v -0.10273501232137408 0.2188940125807563 -0.11201141256946703
v -0.1999394797908195 0.41015572348481033 -0.09046170094644199
vt 0 1
vt 0.0625 1
vt 0.0625 1
vt 0 1
vt 0 1
vt 0.0625 1
vt 0.0625 1
vt 0 1
vt 0 1
vt 0.0625 1
vt 0.0625 1
vt 0 1
vt 0 1
vt 0.0625 1
vt 0.0625 1
vt 0 1
vt 0 1
vt 0.0625 1
vt 0.0625 1
vt 0 1
vt 0.0625 0.5625
vt 0.40625 0.5625
vt 0.40625 0.28125
vt 0.0625 0.28125
vn 0.45080332739452966 -0.887010833178222 -0.09994069158504362
vn 0.21643961393809968 0 0.9762960071199341
vn -0.45080332739452966 0.887010833178222 0.09994069158504362
vn -0.21643961393809968 0 -0.9762960071199341
vn 0.8659851347040244 0.4617486132350333 -0.1919842822920066
vn -0.8659851347040244 -0.4617486132350333 0.1919842822920066
g Frond
f 28/76/19 31/75/19 29/74/19 26/73/19
f 27/80/20 28/79/20 26/78/20 25/77/20
f 32/84/21 27/83/21 25/82/21 30/81/21
f 31/88/22 32/87/22 30/86/22 29/85/22
f 30/92/23 25/91/23 26/90/23 29/89/23
f 31/96/24 28/95/24 27/94/24 32/93/24
o cube
v -0.04206760557894247 0.2189027639187976 0.16165729851563337
v 0.012417381985784754 0.010625007625217286 0.14957826757836654
v -0.04206760557894247 0.2189027639187976 0.16165729851563337
v 0.012417381985784754 0.010625007625217286 0.14957826757836654
v -0.04825334729623882 0.010625007625217318 -0.12408970691743992
v -0.10273833486096605 0.21890276391879765 -0.11201067598017309
v -0.04825334729623882 0.010625007625217318 -0.12408970691743992
v -0.10273833486096605 0.21890276391879765 -0.11201067598017309
vt 0 1
vt 0.0625 1
vt 0.0625 1
vt 0 1
vt 0 1
vt 0.0625 1
vt 0.0625 1
vt 0 1
vt 0 1
vt 0.0625 1
vt 0.0625 1
vt 0 1
vt 0 1
vt 0.0625 1
vt 0.0625 1
vt 0 1
vt 0 1
vt 0.0625 1
vt 0.0625 1
vt 0 1
vt 0.0625 0.28125
vt 0.40625 0.28125
vt 0.40625 0
vt 0.0625 0
vn 0.2526840003001845 -0.9659258262890685 -0.05601869420181719
vn 0.21643961393809966 0 0.976296007119934
vn -0.2526840003001845 0.9659258262890685 0.05601869420181719
vn -0.21643961393809966 0 -0.976296007119934
vn 0.9430295273800408 0.25881904510251996 -0.209064612934846
vn -0.9430295273800408 -0.25881904510251996 0.209064612934846
g Frond
f 36/100/25 39/99/25 37/98/25 34/97/25
f 35/104/26 36/103/26 34/102/26 33/101/26
f 40/108/27 35/107/27 33/106/27 38/105/27
f 39/112/28 40/111/28 38/110/28 37/109/28
f 38/116/29 33/115/29 34/114/29 37/113/29
f 39/120/30 36/119/30 35/118/30 40/117/30
o cube
v -0.38142421425474615 0.6004744885687847 0.23689084739166683
v -0.13925703543887896 0.4101414230302768 0.1832036763808914
v -0.38142421425474615 0.6004744885687847 0.23689084739166683
v -0.13925703543887896 0.4101414230302768 0.1832036763808914
v -0.1999277647209025 0.4101414230302768 -0.09046429811491505
v -0.4420949435367698 0.6004744885687847 -0.036777127104139634
v -0.1999277647209025 0.4101414230302768 -0.09046429811491505
v -0.4420949435367698 0.6004744885687847 -0.036777127104139634
vt 0 1
vt 0.0625 1
vt 0.0625 1
vt 0 1
vt 0 1
vt 0.0625 1
vt 0.0625 1
vt 0 1
vt 0 1
vt 0.0625 1
vt 0.0625 1
vt 0 1
vt 0 1
vt 0.0625 1
vt 0.0625 1
vt 0 1
vt 0 1
vt 0.0625 1
vt 0.0625 0.90625
vt 0 0.90625
vt 0.0625 1
vt 0.40625 1
vt 0.40625 0.5625
vt 0.0625 0.5625
vn 0.7745476983615948 -0.6087614290087212 -0.17171309068913676
vn 0.21643961393809974 0 0.9762960071199341
vn -0.7745476983615948 0.6087614290087212 0.17171309068913676
vn -0.21643961393809974 0 -0.9762960071199341
vn 0.5943313524298397 0.7933533402912348 -0.13176008867505346
vn -0.5943313524298397 -0.7933533402912348 0.13176008867505346
g Frond
f 44/124/31 47/123/31 45/122/31 42/121/31
f 43/128/32 44/127/32 42/126/32 41/125/32
f 48/132/33 43/131/33 41/130/33 46/129/33
f 47/136/34 48/135/34 46/134/34 45/133/34
f 46/140/35 41/139/35 42/138/35 45/137/35
f 47/144/36 44/143/36 43/142/36 48/141/36
o cube
v -0.16394667082659445 0.44176945133490436 -0.003654635496660036
v -0.1460869147298725 0.2312556247996691 0.03946262989272265
v -0.16394667082659445 0.44176945133490436 -0.003654635496660036
v -0.1460869147298725 0.2312556247996691 0.03946262989272265
v 0.11288806672719795 0.23125562479966885 -0.06780831974211529
v 0.09502831063047601 0.4417694513349041 -0.11092558513149797
v 0.11288806672719795 0.23125562479966885 -0.06780831974211529
v 0.09502831063047601 0.4417694513349041 -0.11092558513149797
vt 0 1
vt 0.0625 1
vt 0.0625 1
vt 0 1
vt 0 1
vt 0.0625 1
vt 0.0625 1
vt 0 1
vt 0 1
vt 0.0625 1
vt 0.0625 1
vt 0 1
vt 0 1
vt 0.0625 1
vt 0.0625 1
vt 0 1
vt 0 1
vt 0.0625 1
vt 0.0625 1
vt 0 1
vt 0.0625 0.5625
vt 0.40625 0.5625
vt 0.40625 0.28125
vt 0.0625 0.28125
vn 0.08282785436160908 -0.9762960071199318 0.1999641293420652
vn -0.9238795325112886 0 0.3826834323650854
vn -0.08282785436160908 0.9762960071199318 -0.1999641293420652
vn 0.9238795325112886 0 -0.3826834323650854
vn 0.37361230700898357 0.2164396139381096 0.9019798986506002
vn -0.37361230700898357 -0.2164396139381096 -0.9019798986506002
g Frond
f 52/148/37 55/147/37 53/146/37 50/145/37
f 51/152/38 52/151/38 50/150/38 49/149/38
f 56/156/39 51/155/39 49/154/39 54/153/39
f 55/160/40 56/159/40 54/158/40 53/157/40
f 54/164/41 49/163/41 50/162/41 53/161/41
f 55/168/42 52/167/42 51/166/42 56/165/42
o cube
v -0.1460873059221721 0.23126495875846348 0.039461685470967546
v -0.14608730592217167 0.015639958758463596 0.03946168547096898
v -0.1460873059221721 0.23126495875846348 0.039461685470967546
v -0.14608730592217167 0.015639958758463596 0.03946168547096898
v 0.11288767553489878 0.01563995875846333 -0.06780926416386898
v 0.11288767553489838 0.23126495875846323 -0.06780926416387041
v 0.11288767553489878 0.01563995875846333 -0.06780926416386898
v 0.11288767553489838 0.23126495875846323 -0.06780926416387041
vt 0 1
vt 0.0625 1
vt 0.0625 1
vt 0 1
vt 0 1
vt 0.0625 1
vt 0.0625 1
vt 0 1
vt 0 1
vt 0.0625 1
vt 0.0625 1
vt 0 1
vt 0 1
vt 0.0625 1
vt 0.0625 1
vt 0 1
vt 0 1
vt 0.0625 1
vt 0.0625 1
vt 0 1
vt 0.0625 0.28125
vt 0.40625 0.28125
vt 0.40625 0
vt 0.0625 0
vn 0 -1 0
vn -0.9238795325112886 0 0.3826834323650854
vn 0 1 0
vn 0.9238795325112886 0 -0.3826834323650854
vn 0.3826834323650854 0 0.9238795325112886
vn -0.3826834323650854 0 -0.9238795325112886
g Frond
f 60/172/43 63/171/43 61/170/43 58/169/43
f 59/176/44 60/175/44 58/174/44 57/173/44
f 64/180/45 59/179/45 57/178/45 62/177/45
f 63/184/46 64/183/46 62/182/46 61/181/46
f 62/188/47 57/187/47 58/186/47 61/185/47
f 63/192/48 60/191/48 59/190/48 64/189/48
o cube
v -0.23678096249566577 0.6897994127562557 -0.17949217024997258
v -0.16394365168282038 0.4417525324558258 -0.0036473466388139697
v -0.23678096249566577 0.6897994127562557 -0.17949217024997258
v -0.16394365168282038 0.4417525324558258 -0.0036473466388139697
v 0.09503132977425006 0.44175253245582546 -0.11091829627365193
v 0.022194018961404702 0.6897994127562554 -0.2867631198848105
v 0.09503132977425006 0.44175253245582546 -0.11091829627365193
v 0.022194018961404702 0.6897994127562554 -0.2867631198848105
vt 0 1
vt 0.0625 1
vt 0.0625 1
vt 0 1
vt 0 1
vt 0.0625 1
vt 0.0625 1
vt 0 1
vt 0 1
vt 0.0625 1
vt 0.0625 1
vt 0 1
vt 0 1
vt 0.0625 1
vt 0.0625 1
vt 0 1
vt 0 1
vt 0.0625 1
vt 0.0625 0.90625
vt 0 0.90625
vt 0.0625 1
vt 0.40625 1
vt 0.40625 0.5625
vt 0.0625 0.5625
vn 0.23296291314453296 -0.7933533402912308 0.5624222244434864
vn -0.9238795325112886 0 0.3826834323650854
vn -0.23296291314453296 0.7933533402912308 -0.5624222244434864
vn 0.9238795325112886 0 -0.3826834323650854
vn 0.3036031793409544 0.6087614290087262 0.7329629131445314
vn -0.3036031793409544 -0.6087614290087262 -0.7329629131445314
g Frond
f 68/196/49 71/195/49 69/194/49 66/193/49
f 67/200/50 68/199/50 66/198/50 65/197/50
f 72/204/51 67/203/51 65/202/51 70/201/51
f 71/208/52 72/207/52 70/206/52 69/205/52
f 70/212/53 65/211/53 66/210/53 69/209/53
f 71/216/54 68/215/54 67/214/54 72/213/54
o cube
v 0.2673514112730824 0.3623214937474639 0.13646791392918464
v 0.1928811061652728 0.1971431606999344 0.019572950077917158
v 0.2673514112730824 0.3623214937474639 0.13646791392918464
v 0.1928811061652728 0.1971431606999344 0.019572950077917158
v -0.04353205848915171 0.19714316069993457 0.17018474654263618
v 0.03093824661865787 0.3623214937474641 0.2870797103939036
v -0.04353205848915171 0.19714316069993457 0.17018474654263618
v 0.03093824661865787 0.3623214937474641 0.2870797103939036
vt 0 1
vt 0.0625 1
vt 0.0625 1
vt 0 1
vt 0 1
vt 0.0625 1
vt 0.0625 1
vt 0 1
vt 0 1
vt 0.0625 1
vt 0.0625 1
vt 0 1
vt 0 1
vt 0.0625 1
vt 0.0625 1
vt 0 1
vt 0 1
vt 0.0625 1
vt 0.0625 1
vt 0 1
vt 0.0625 0.5625
vt 0.40625 0.5625
vt 0.40625 0.28125
vt 0.0625 0.28125
vn -0.3453695309347692 -0.7660444431189779 -0.5421215714841393
vn 0.8433914458128857 0 -0.5372996083468239
vn 0.3453695309347692 0.7660444431189779 0.5421215714841393
vn -0.8433914458128857 0 0.5372996083468239
vn -0.41159537926408724 0.6427876096865397 -0.6460753304390419
vn 0.41159537926408724 -0.6427876096865397 0.6460753304390419
g Frond
f 76/220/55 79/219/55 77/218/55 74/217/55
f 75/224/56 76/223/56 74/222/56 73/221/56
f 80/228/57 75/227/57 73/226/57 78/225/57
f 79/232/58 80/231/58 78/230/58 77/229/58
f 78/236/59 73/235/59 74/234/59 77/233/59
f 79/240/60 76/239/60 75/238/60 80/237/60
o cube
v 0.19288390908314723 0.1971509680070272 0.019577349777678554
v 0.1393879181951308 0.005889257102973211 -0.06439453555284932
v 0.19288390908314723 0.1971509680070272 0.019577349777678554
v 0.1393879181951308 0.005889257102973211 -0.06439453555284932
v -0.0970252464592937 0.005889257102973382 0.0862172609118697
v -0.04352925557127725 0.19715096800702736 0.17018914624239756
v -0.0970252464592937 0.005889257102973382 0.0862172609118697
v -0.04352925557127725 0.19715096800702736 0.17018914624239756
vt 0 1
vt 0.0625 1
vt 0.0625 1
vt 0 1
vt 0 1
vt 0.0625 1
vt 0.0625 1
vt 0 1
vt 0 1
vt 0.0625 1
vt 0.0625 1
vt 0 1
vt 0 1
vt 0.0625 1
vt 0.0625 1
vt 0 1
vt 0 1
vt 0.0625 1
vt 0.0625 1
vt 0 1
vt 0.0625 0.28125
vt 0.40625 0.28125
vt 0.40625 0
vt 0.0625 0
vn -0.2480973490458734 -0.8870108331782216 -0.38943483051839034
vn 0.8433914458128857 0 -0.5372996083468238
vn 0.2480973490458734 0.8870108331782216 0.38943483051839034
vn -0.8433914458128857 0 0.5372996083468238
vn -0.47659057326604815 0.46174861323503436 -0.7480973490458729
vn 0.47659057326604815 -0.46174861323503436 0.7480973490458729
g Frond
f 84/244/61 87/243/61 85/242/61 82/241/61
f 83/248/62 84/247/62 82/246/62 81/245/62
f 88/252/63 83/251/63 81/250/63 86/249/63
f 87/256/64 88/255/64 86/254/64 85/253/64
f 86/260/65 81/259/65 82/258/65 85/257/65
f 87/264/66 84/263/66 83/262/66 88/261/66
o cube
v 0.43134099879642135 0.4299718507928692 0.3938800042620162
v 0.26733295380041017 0.3623006527475344 0.1364389415005411
v 0.43134099879642135 0.4299718507928692 0.3938800042620162
v 0.26733295380041017 0.3623006527475344 0.1364389415005411
v 0.03091978914598567 0.36230065274753465 0.2870507379652601
v 0.19492783414199694 0.42997185079286937 0.5444918007267353
v 0.03091978914598567 0.36230065274753465 0.2870507379652601
v 0.19492783414199694 0.42997185079286937 0.5444918007267353
vt 0 1
vt 0.0625 1
vt 0.0625 1
vt 0 1
vt 0 1
vt 0.0625 1
vt 0.0625 1
vt 0 1
vt 0 1
vt 0.0625 1
vt 0.0625 1
vt 0 1
vt 0 1
vt 0.0625 1
vt 0.0625 1
vt 0 1
vt 0 1
vt 0.0625 1
vt 0.0625 0.90625
vt 0 0.90625
vt 0.0625 1
vt 0.40625 1
vt 0.40625 0.5625
vt 0.0625 0.5625
vn -0.5245634622561083 -0.2164396139381025 -0.823399700986228
vn 0.8433914458128856 0 -0.5372996083468238
vn 0.5245634622561083 0.2164396139381025 0.823399700986228
vn -0.8433914458128856 0 0.5372996083468238
vn -0.11629291979967964 0.9762960071199336 -0.1825433189304393
vn 0.11629291979967964 -0.9762960071199336 0.1825433189304393
g Frond
f 92/268/67 95/267/67 93/266/67 90/265/67
f 91/272/68 92/271/68 90/270/68 89/269/68
f 96/276/69 91/275/69 89/274/69 94/273/69
f 95/280/70 96/279/70 94/278/70 93/277/70
f 94/284/71 89/283/71 90/282/71 93/281/71
f 95/288/72 92/287/72 91/286/72 96/285/72
o cube
v -0.010914877403654918 0.43855679230332983 -0.1742824511060971
v -0.05798274626944125 0.23027903600974925 -0.14429691161211813
v -0.010914877403654918 0.43855679230332983 -0.1742824511060971
v -0.05798274626944125 0.23027903600974925 -0.14429691161211813
v 0.09262905019527722 0.2302790360097489 0.09211625304230678
v 0.13969691906106352 0.4385567923033295 0.06213071354832783
v 0.09262905019527722 0.2302790360097489 0.09211625304230678
v 0.13969691906106352 0.4385567923033295 0.06213071354832783
vt 0 1
vt 0.0625 1
vt 0.0625 1
vt 0 1
vt 0 1
vt 0.0625 1
vt 0.0625 1
vt 0 1
vt 0 1
vt 0.0625 1
vt 0.0625 1
vt 0 1
vt 0 1
vt 0.0625 1
vt 0.0625 1
vt 0 1
vt 0 1
vt 0.0625 1
vt 0.0625 1
vt 0 1
vt 0.0625 0.5625
vt 0.40625 0.5625
vt 0.40625 0.28125
vt 0.0625 0.28125
vn -0.21828576865292215 -0.9659258262890698 0.13906337156627901
vn -0.5372996083468216 0 -0.8433914458128873
vn 0.21828576865292215 0.9659258262890698 -0.13906337156627901
vn 0.5372996083468216 0 0.8433914458128873
vn -0.814653579181946 0.25881904510251574 0.5189915681571975
vn 0.814653579181946 -0.25881904510251574 -0.5189915681571975
g Frond
f 100/292/73 103/291/73 101/290/73 98/289/73
f 99/296/74 100/295/74 98/294/74 97/293/74
f 104/300/75 99/299/75 97/298/75 102/297/75
f 103/304/76 104/303/76 102/302/76 101/301/76
f 102/308/77 97/307/77 98/306/77 101/305/77
f 103/312/78 100/311/78 99/310/78 104/309/78
o cube
v -0.05798154156626216 0.23028831649542997 -0.14429767909268665
v -0.06591400111035851 0.014868543716841832 -0.1392441450220846
v -0.05798154156626216 0.23028831649542997 -0.14429767909268665
v -0.06591400111035851 0.014868543716841832 -0.1392441450220846
v 0.08469779535435995 0.01486854371684149 0.09716901963234034
v 0.0926302548984563 0.2302883164954296 0.09211548556173829
v 0.08469779535435995 0.01486854371684149 0.09716901963234034
v 0.0926302548984563 0.2302883164954296 0.09211548556173829
vt 0 1
vt 0.0625 1
vt 0.0625 1
vt 0 1
vt 0 1
vt 0.0625 1
vt 0.0625 1
vt 0 1
vt 0 1
vt 0.0625 1
vt 0.0625 1
vt 0 1
vt 0 1
vt 0.0625 1
vt 0.0625 1
vt 0 1
vt 0 1
vt 0.0625 1
vt 0.0625 1
vt 0 1
vt 0.0625 0.28125
vt 0.40625 0.28125
vt 0.40625 0
vt 0.0625 0
vn -0.03678821817551926 -0.9990482215818581 0.023436679747719433
vn -0.5372996083468216 0 -0.8433914458128873
vn 0.03678821817551926 0.9990482215818581 -0.023436679747719433
vn 0.5372996083468216 0 0.8433914458128873
vn -0.8425887240367168 0.04361938736533082 0.536788218175521
vn 0.8425887240367168 -0.04361938736533082 -0.536788218175521
g Frond
f 108/316/79 111/315/79 109/314/79 106/313/79
f 107/320/80 108/319/80 106/318/80 105/317/80
f 112/324/81 107/323/81 105/322/81 110/321/81
f 111/328/82 112/327/82 110/326/82 109/325/82
f 110/332/83 105/331/83 106/330/83 109/329/83
f 111/336/84 108/335/84 107/334/84 112/333/84
o cube
v 0.23267365375155807 0.5581635963976872 -0.3294654601788618
v -0.01094562460124432 0.43851522949728816 -0.17426286298090984
v 0.23267365375155807 0.5581635963976872 -0.3294654601788618
v -0.01094562460124432 0.43851522949728816 -0.17426286298090984
v 0.13966617186347413 0.43851522949728783 0.062150301673515124
v 0.3832854502162765 0.5581635963976869 -0.09305229552443686
v 0.13966617186347413 0.43851522949728783 0.062150301673515124
v 0.3832854502162765 0.5581635963976869 -0.09305229552443686
vt 0 1
vt 0.0625 1
vt 0.0625 1
vt 0 1
vt 0 1
vt 0.0625 1
vt 0.0625 1
vt 0 1
vt 0 1
vt 0.0625 1
vt 0.0625 1
vt 0 1
vt 0 1
vt 0.0625 1
vt 0.0625 1
vt 0 1
vt 0 1
vt 0.0625 1
vt 0.0625 0.90625
vt 0 0.90625
vt 0.0625 1
vt 0.40625 1
vt 0.40625 0.5625
vt 0.0625 0.5625
vn -0.7791920946816271 -0.3826834323650945 0.49640011097795766
vn -0.5372996083468217 0 -0.8433914458128872
vn 0.7791920946816271 0.3826834323650945 -0.49640011097795766
vn 0.5372996083468217 0 0.8433914458128872
vn -0.32275193331103463 0.923879532511285 0.20561565833058368
vn 0.32275193331103463 -0.923879532511285 -0.20561565833058368
g Frond
f 116/340/85 119/339/85 117/338/85 114/337/85
f 115/344/86 116/343/86 114/342/86 113/341/86
f 120/348/87 115/347/87 113/346/87 118/345/87
f 119/352/88 120/351/88 118/350/88 117/349/88
f 118/356/89 113/355/89 114/354/89 117/353/89
f 119/360/90 116/359/90 115/358/90 120/357/90
o cube
v -0.06624163132357808 0.37334666360125346 0.27742843659103467
v 0.02657616269456143 0.20227984960095588 0.18461064257289514
v -0.06624163132357808 0.37334666360125346 0.27742843659103467
v 0.02657616269456143 0.20227984960095588 0.18461064257289514
v -0.17163470690679272 0.20227984960095594 -0.0136002270284589
v -0.2644525009249322 0.37334666360125357 0.07921756698968069
v -0.17163470690679272 0.20227984960095594 -0.0136002270284589
v -0.2644525009249322 0.37334666360125357 0.07921756698968069
vt 0 1
vt 0.0625 1
vt 0.0625 1
vt 0 1
vt 0 1
vt 0.0625 1
vt 0.0625 1
vt 0 1
vt 0 1
vt 0.0625 1
vt 0.0625 1
vt 0 1
vt 0 1
vt 0.0625 1
vt 0.0625 1
vt 0 1
vt 0 1
vt 0.0625 1
vt 0.0625 1
vt 0 1
vt 0.0625 0.5625
vt 0.40625 0.5625
vt 0.40625 0.28125
vt 0.0625 0.28125
vn 0.43045933457687907 -0.7933533402912355 -0.4304593345768795
vn 0.7071067811865477 0 0.7071067811865475
vn -0.43045933457687907 0.7933533402912355 0.4304593345768795
vn -0.7071067811865477 0 -0.7071067811865475
vn 0.5609855267969313 0.6087614290087202 -0.5609855267969313
vn -0.5609855267969313 -0.6087614290087202 0.5609855267969313
g Frond
f 124/364/91 127/363/91 125/362/91 122/361/91
f 123/368/92 124/367/92 122/366/92 121/365/92
f 128/372/93 123/371/93 121/370/93 126/369/93
f 127/376/94 128/375/94 126/374/94 125/373/94
f 126/380/95 121/379/95 122/378/95 125/377/95
f 127/384/96 124/383/96 123/382/96 128/381/96
o cube
v 0.026572718263764804 0.20228787702542556 0.18461408700369178
v 0.09100928223994678 0.006865260445647898 0.12017752302750971
v 0.026572718263764804 0.20228787702542556 0.18461408700369178
v 0.09100928223994678 0.006865260445647898 0.12017752302750971
v -0.10720158736140734 0.00686526044564796 -0.07803334657384431
v -0.1716381513375893 0.2022878770254256 -0.013596782597662246
v -0.10720158736140734 0.00686526044564796 -0.07803334657384431
v -0.1716381513375893 0.2022878770254256 -0.013596782597662246
vt 0 1
vt 0.0625 1
vt 0.0625 1
vt 0 1
vt 0 1
vt 0.0625 1
vt 0.0625 1
vt 0 1
vt 0 1
vt 0.0625 1
vt 0.0625 1
vt 0 1
vt 0 1
vt 0.0625 1
vt 0.0625 1
vt 0 1
vt 0 1
vt 0.0625 1
vt 0.0625 1
vt 0 1
vt 0.0625 0.28125
vt 0.40625 0.28125
vt 0.40625 0
vt 0.0625 0
vn 0.2988362387301194 -0.9063077870366503 -0.29883623873011983
vn 0.7071067811865477 0 0.7071067811865475
vn -0.2988362387301194 0.9063077870366503 0.29883623873011983
vn -0.7071067811865477 0 -0.7071067811865475
vn 0.6408563820557887 0.4226182617406991 -0.6408563820557888
vn -0.6408563820557887 -0.4226182617406991 0.6408563820557888
g Frond
f 132/388/97 135/387/97 133/386/97 130/385/97
f 131/392/98 132/391/98 130/390/98 129/389/98
f 136/396/99 131/395/99 129/394/99 134/393/99
f 135/400/100 136/399/100 134/398/100 133/397/100
f 134/404/101 129/403/101 130/402/101 133/401/101
f 135/408/102 132/407/102 131/406/102 136/405/102
o cube
v -0.28707942989786805 0.3869601492252651 0.49826623516532464
v -0.06620849580443111 0.3733222751443217 0.2773953010718877
v -0.28707942989786805 0.3869601492252651 0.49826623516532464
v -0.06620849580443111 0.3733222751443217 0.2773953010718877
v -0.26441936540578526 0.37332227514432176 0.0791844314705337
v -0.4852902994992222 0.3869601492252652 0.3000553655639707
v -0.26441936540578526 0.37332227514432176 0.0791844314705337
v -0.4852902994992222 0.3869601492252652 0.3000553655639707
vt 0 1
vt 0.0625 1
vt 0.0625 1
vt 0 1
vt 0 1
vt 0.0625 1
vt 0.0625 1
vt 0 1
vt 0 1
vt 0.0625 1
vt 0.0625 1
vt 0 1
vt 0 1
vt 0.0625 1
vt 0.0625 1
vt 0 1
vt 0 1
vt 0.0625 1
vt 0.0625 0.90625
vt 0 0.90625
vt 0.0625 1
vt 0.40625 1
vt 0.40625 0.5625
vt 0.0625 0.5625
vn 0.706433772212892 -0.043619387365336305 -0.7064337722128924
vn 0.7071067811865477 0 0.7071067811865474
vn -0.706433772212892 0.043619387365336305 0.7064337722128924
vn -0.7071067811865477 0 -0.7071067811865474
vn 0.030843564597232316 0.9990482215818577 -0.030843564597232018
vn -0.030843564597232316 -0.9990482215818577 0.030843564597232018
g Frond
f 140/412/103 143/411/103 141/410/103 138/409/103
f 139/416/104 140/415/104 138/414/104 137/413/104
f 144/420/105 139/419/105 137/418/105 142/417/105
f 143/424/106 144/423/106 142/422/106 141/421/106
f 142/428/107 137/427/107 138/426/107 141/425/107
f 143/432/108 140/431/108 139/430/108 144/429/108
o cube
v -0.03969816028130732 0.3623214937474663 -0.30084991237289294
v -0.09273849666944842 0.19714316069993565 -0.17279921291181288
v -0.03969816028130732 0.3623214937474663 -0.30084991237289294
v -0.09273849666944842 0.19714316069993565 -0.17279921291181288
v 0.16623648478762137 0.1971431606999354 -0.06552826327697298
v 0.21927682117576247 0.3623214937474661 -0.19357896273805306
v 0.16623648478762137 0.1971431606999354 -0.06552826327697298
v 0.21927682117576247 0.3623214937474661 -0.19357896273805306
vt 0 1
vt 0.0625 1
vt 0.0625 1
vt 0 1
vt 0 1
vt 0.0625 1
vt 0.0625 1
vt 0 1
vt 0 1
vt 0.0625 1
vt 0.0625 1
vt 0 1
vt 0 1
vt 0.0625 1
vt 0.0625 1
vt 0 1
vt 0 1
vt 0.0625 1
vt 0.0625 1
vt 0 1
vt 0.0625 0.5625
vt 0.40625 0.5625
vt 0.40625 0.28125
vt 0.0625 0.28125
vn -0.2459841687565964 -0.7660444431189833 0.593858316341241
vn -0.923879532511286 0 -0.3826834323650922
vn 0.2459841687565964 0.7660444431189833 -0.593858316341241
vn 0.923879532511286 0 0.3826834323650922
vn -0.2931525168369775 0.6427876096865333 0.7077327819916346
vn 0.2931525168369775 -0.6427876096865333 -0.7077327819916346
g Frond
f 148/436/109 151/435/109 149/434/109 146/433/109
f 147/440/110 148/439/110 146/438/110 145/437/110
f 152/444/111 147/443/111 145/442/111 150/441/111
f 151/448/112 152/447/112 150/446/112 149/445/112
f 150/452/113 145/451/113 146/450/113 149/449/113
f 151/456/114 148/455/114 147/454/114 152/453/114
o cube
v -0.09273650033404042 0.19715096800702844 -0.17280403249182988
v -0.13083820205272656 0.005889257102973632 -0.08081838745308473
v -0.09273650033404042 0.19715096800702844 -0.17280403249182988
v -0.13083820205272656 0.005889257102973632 -0.08081838745308473
v 0.12813677940434323 0.005889257102973376 0.026452562181755172
v 0.16623848112302936 0.1971509680070282 -0.06553308285698997
v 0.12813677940434323 0.005889257102973376 0.026452562181755172
v 0.16623848112302936 0.1971509680070282 -0.06553308285698997
vt 0 1
vt 0.0625 1
vt 0.0625 1
vt 0 1
vt 0 1
vt 0.0625 1
vt 0.0625 1
vt 0 1
vt 0 1
vt 0.0625 1
vt 0.0625 1
vt 0 1
vt 0 1
vt 0.0625 1
vt 0.0625 1
vt 0 1
vt 0 1
vt 0.0625 1
vt 0.0625 1
vt 0 1
vt 0.0625 0.28125
vt 0.40625 0.28125
vt 0.40625 0
vt 0.0625 0
vn -0.1767035442026023 -0.8870108331782254 0.42660009293331075
vn -0.9238795325112859 0 -0.3826834323650922
vn 0.1767035442026023 0.8870108331782254 -0.42660009293331075
vn 0.9238795325112859 0 0.3826834323650922
vn -0.3394443501856631 0.46174861323502703 0.8194911538891452
vn 0.3394443501856631 -0.46174861323502703 -0.8194911538891452
g Frond
f 156/460/115 159/459/115 157/458/115 154/457/115
f 155/464/116 156/463/116 154/462/116 153/461/116
f 160/468/117 155/467/117 153/466/117 158/465/117
f 159/472/118 160/471/118 158/470/118 157/469/118
f 158/476/119 153/475/119 154/474/119 157/473/119
f 159/480/120 156/479/120 155/478/120 160/477/120
o cube
v 0.07710091652922023 0.4299718507928742 -0.582827827681523
v -0.039711306334059296 0.36230065274753687 -0.30081817499404734
v 0.07710091652922023 0.4299718507928742 -0.582827827681523
v -0.039711306334059296 0.36230065274753687 -0.30081817499404734
v 0.21926367512301048 0.3623006527475366 -0.19354722535920743
v 0.33607589798629 0.4299718507928739 -0.4755568780466831
v 0.21926367512301048 0.3623006527475366 -0.19354722535920743
v 0.33607589798629 0.4299718507928739 -0.4755568780466831
vt 0 1
vt 0.0625 1
vt 0.0625 1
vt 0 1
vt 0 1
vt 0.0625 1
vt 0.0625 1
vt 0 1
vt 0 1
vt 0.0625 1
vt 0.0625 1
vt 0 1
vt 0 1
vt 0.0625 1
vt 0.0625 1
vt 0 1
vt 0 1
vt 0.0625 1
vt 0.0625 0.90625
vt 0 0.90625
vt 0.0625 1
vt 0.40625 1
vt 0.40625 0.5625
vt 0.0625 0.5625
vn -0.3736123070089902 -0.21643961393811065 0.9019798986505975
vn -0.923879532511286 0 -0.3826834323650923
vn 0.3736123070089902 0.21643961393811065 -0.9019798986505975
vn 0.923879532511286 0 0.3826834323650923
vn -0.08282785436161078 0.9762960071199318 0.19996412934206512
vn 0.08282785436161078 -0.9762960071199318 -0.19996412934206512
g Frond
f 164/484/121 167/483/121 165/482/121 162/481/121
f 163/488/122 164/487/122 162/486/122 161/485/122
f 168/492/123 163/491/123 161/490/123 166/489/123
f 167/496/124 168/495/124 166/494/124 165/493/124
f 166/500/125 161/499/125 162/498/125 165/497/125
f 167/504/126 164/503/126 163/502/126 168/501/126
o cube
v 0.22189914546380246 0.4020836721117864 -0.10767938730072459
v 0.116642232196185 0.21534694442076668 -0.1310142831784261
v 0.22189914546380246 0.4020836721117864 -0.10767938730072459
v 0.116642232196185 0.21534694442076668 -0.1310142831784261
v 0.05597150291416106 0.21534694442076657 0.1426536913173803
v 0.16122841618177852 0.4020836721117863 0.16598858719508178
v 0.05597150291416106 0.21534694442076657 0.1426536913173803
v 0.16122841618177852 0.4020836721117863 0.16598858719508178
vt 0 1
vt 0.0625 1
vt 0.0625 1
vt 0 1
vt 0 1
vt 0.0625 1
vt 0.0625 1
vt 0 1
vt 0 1
vt 0.0625 1
vt 0.0625 1
vt 0 1
vt 0 1
vt 0.0625 1
vt 0.0625 1
vt 0 1
vt 0 1
vt 0.0625 1
vt 0.0625 1
vt 0 1
vt 0.0625 0.5625
vt 0.40625 0.5625
vt 0.40625 0.28125
vt 0.0625 0.28125
vn -0.4881480035599652 -0.8660254037844395 -0.10821980696905045
vn 0.2164396139381011 0 -0.9762960071199338
vn 0.4881480035599652 0.8660254037844395 0.10821980696905045
vn -0.2164396139381011 0 0.9762960071199338
vn -0.845497143779177 0.49999999999999833 -0.18744220405569212
vn 0.845497143779177 -0.49999999999999833 0.18744220405569212
g Frond
f 172/508/127 175/507/127 173/506/127 170/505/127
f 171/512/128 172/511/128 170/510/128 169/509/128
f 176/516/129 171/515/129 169/514/129 174/513/129
f 175/520/130 176/519/130 174/518/130 173/517/130
f 174/524/131 169/523/131 170/522/131 173/521/131
f 175/528/132 172/527/132 171/526/132 176/525/132
o cube
v 0.11664592425298159 0.2153555389835713 -0.1310134646691401
v 0.0533431957380001 0.009710321478484768 -0.1450473417116465
v 0.11664592425298159 0.2153555389835713 -0.1310134646691401
v 0.0533431957380001 0.009710321478484768 -0.1450473417116465
v -0.007327533544023844 0.009710321478484675 0.12862063278415986
v 0.05597519497095765 0.21535553898357118 0.14265450982666625
v -0.007327533544023844 0.009710321478484675 0.12862063278415986
v 0.05597519497095765 0.21535553898357118 0.14265450982666625
vt 0 1
vt 0.0625 1
vt 0.0625 1
vt 0 1
vt 0 1
vt 0.0625 1
vt 0.0625 1
vt 0 1
vt 0 1
vt 0.0625 1
vt 0.0625 1
vt 0 1
vt 0 1
vt 0.0625 1
vt 0.0625 1
vt 0 1
vt 0 1
vt 0.0625 1
vt 0.0625 1
vt 0 1
vt 0.0625 0.28125
vt 0.40625 0.28125
vt 0.40625 0
vt 0.0625 0
vn -0.2935778713738273 -0.9537169507482275 -0.06508464715365281
vn 0.21643961393810107 0 -0.9762960071199339
vn 0.2935778713738273 0.9537169507482275 0.06508464715365281
vn -0.21643961393810107 0 0.9762960071199339
vn -0.9311100509380931 0.3007057995042712 -0.20642212862616924
vn 0.9311100509380931 -0.3007057995042712 0.20642212862616924
g Frond
f 180/532/133 183/531/133 181/530/133 178/529/133
f 179/536/134 180/535/134 178/534/134 177/533/134
f 184/540/135 179/539/135 177/538/135 182/537/135
f 183/544/136 184/543/136 182/542/136 181/541/136
f 182/548/137 177/547/137 178/546/137 181/545/137
f 183/552/138 180/551/138 179/550/138 184/549/138
o cube
v 0.47192893802126 0.581402166357105 -0.052249116789015226
v 0.22188683255297756 0.40206990867922277 -0.1076821170073361
v 0.47192893802126 0.581402166357105 -0.052249116789015226
v 0.22188683255297756 0.40206990867922277 -0.1076821170073361
v 0.1565491240954133 0.40206990867922265 0.18703724014199385
v 0.40659122956369587 0.5814021663571048 0.24247024036031473
v 0.1565491240954133 0.40206990867922265 0.18703724014199385
v 0.40659122956369587 0.5814021663571048 0.24247024036031473
vt 0 1
vt 0.0625 1
vt 0.0625 1
vt 0 1
vt 0 1
vt 0.0625 1
vt 0.0625 1
vt 0 1
vt 0 1
vt 0.0625 1
vt 0.0625 1
vt 0 1
vt 0 1
vt 0.0625 1
vt 0.0625 1
vt 0 1
vt 0 1
vt 0.0625 1
vt 0.0625 0.90625
vt 0 0.90625
vt 0.0625 1
vt 0.40625 1
vt 0.40625 0.5625
vt 0.0625 0.5625
vn -0.7997348700634729 -0.5735764363510477 -0.17729695222251568
vn 0.2164396139381011 0 -0.9762960071199338
vn 0.7997348700634729 0.5735764363510477 0.17729695222251568
vn -0.2164396139381011 0 0.9762960071199338
vn -0.5599803845876089 0.8191520442889907 -0.12414466244781236
vn 0.5599803845876089 -0.8191520442889907 0.12414466244781236
g Frond
f 188/556/139 191/555/139 189/554/139 186/553/139
f 187/560/140 188/559/140 186/558/140 185/557/140
f 192/564/141 187/563/141 185/562/141 190/561/141
f 191/568/142 192/567/142 190/566/142 189/565/142
f 190/572/143 185/571/143 186/570/143 189/569/143
f 191/576/144 188/575/144 187/574/144 192/573/144
o cube
v -0.26394748858121725 0.3733466636012535 -0.11607563329102714
v -0.18865744620097805 0.20227984960095596 -0.008550309338158478
v -0.26394748858121725 0.3733466636012535 -0.11607563329102714
v -0.18865744620097805 0.20227984960095596 -0.008550309338158478
v 0.04096111121378021 0.2022798496009557 -0.16933095415281044
v -0.03432893116645894 0.3733466636012533 -0.27685627810567914
v 0.04096111121378021 0.2022798496009557 -0.16933095415281044
v -0.03432893116645894 0.3733466636012533 -0.27685627810567914
vt 0 1
vt 0.0625 1
vt 0.0625 1
vt 0 1
vt 0 1
vt 0.0625 1
vt 0.0625 1
vt 0 1
vt 0 1
vt 0.0625 1
vt 0.0625 1
vt 0 1
vt 0 1
vt 0.0625 1
vt 0.0625 1
vt 0 1
vt 0 1
vt 0.0625 1
vt 0.0625 1
vt 0 1
vt 0.0625 0.5625
vt 0.40625 0.5625
vt 0.40625 0.28125
vt 0.0625 0.28125
vn 0.34917121103879056 -0.7933533402912353 0.49866816905678263
vn -0.8191520442889932 0 0.573576436351044
vn -0.34917121103879056 0.7933533402912353 -0.49866816905678263
vn 0.8191520442889932 0 -0.573576436351044
vn 0.45504878169144447 0.6087614290087204 0.6498770105430663
vn -0.45504878169144447 -0.6087614290087204 -0.6498770105430663
g Frond
f 196/580/145 199/579/145 197/578/145 194/577/145
f 195/584/146 196/583/146 194/582/146 193/581/146
f 200/588/147 195/587/147 193/586/147 198/585/147
f 199/592/148 200/591/148 198/590/148 197/589/148
f 198/596/149 193/595/149 194/594/149 197/593/149
f 199/600/150 196/599/150 195/598/150 200/597/150
o cube
v -0.18866024018400035 0.20228787702542567 -0.008554299559442646
v -0.13639190431237205 0.0068652604456480555 0.06609262013135135
v -0.18866024018400035 0.20228787702542567 -0.008554299559442646
v -0.13639190431237205 0.0068652604456480555 0.06609262013135135
v 0.09322665310238623 0.006865260445647807 -0.09468802468330063
v 0.04095831723075792 0.20228787702542542 -0.16933494437409463
v 0.09322665310238623 0.006865260445647807 -0.09468802468330063
v 0.04095831723075792 0.20228787702542542 -0.16933494437409463
vt 0 1
vt 0.0625 1
vt 0.0625 1
vt 0 1
vt 0 1
vt 0.0625 1
vt 0.0625 1
vt 0 1
vt 0 1
vt 0.0625 1
vt 0.0625 1
vt 0 1
vt 0 1
vt 0.0625 1
vt 0.0625 1
vt 0 1
vt 0 1
vt 0.0625 1
vt 0.0625 1
vt 0 1
vt 0.0625 0.28125
vt 0.40625 0.28125
vt 0.40625 0
vt 0.0625 0
vn 0.2424038765061026 -0.90630778703665 0.3461886130587552
vn -0.8191520442889932 0 0.573576436351044
vn -0.2424038765061026 0.90630778703665 -0.3461886130587552
vn 0.8191520442889932 0 -0.573576436351044
vn 0.5198367907256832 0.4226182617406991 0.7424038765061052
vn -0.5198367907256832 -0.4226182617406991 -0.7424038765061052
g Frond
f 204/604/151 207/603/151 205/602/151 202/601/151
f 203/608/152 204/607/152 202/606/152 201/605/152
f 208/612/153 203/611/153 201/610/153 206/609/153
f 207/616/154 208/615/154 206/614/154 205/613/154
f 206/620/155 201/619/155 202/618/155 205/617/155
f 207/624/156 204/623/156 203/622/156 208/621/156
o cube
v -0.4430821834929235 0.3869601492252651 -0.3719064907675387
v -0.2639206103875771 0.37332227514432176 -0.11603724725235512
v -0.4430821834929235 0.3869601492252651 -0.3719064907675387
v -0.2639206103875771 0.37332227514432176 -0.11603724725235512
v -0.0343020529728188 0.37332227514432154 -0.27681789206700713
v -0.2134636260781653 0.3869601492252649 -0.5326871355821906
v -0.0343020529728188 0.37332227514432154 -0.27681789206700713
v -0.2134636260781653 0.3869601492252649 -0.5326871355821906
vt 0 1
vt 0.0625 1
vt 0.0625 1
vt 0 1
vt 0 1
vt 0.0625 1
vt 0.0625 1
vt 0 1
vt 0 1
vt 0.0625 1
vt 0.0625 1
vt 0 1
vt 0 1
vt 0.0625 1
vt 0.0625 1
vt 0 1
vt 0 1
vt 0.0625 1
vt 0.0625 0.90625
vt 0 0.90625
vt 0.0625 1
vt 0.40625 1
vt 0.40625 0.5625
vt 0.0625 0.5625
vn 0.5730305186777703 -0.043619387365336354 0.8183723930520619
vn -0.8191520442889934 0 0.573576436351044
vn -0.5730305186777703 0.043619387365336354 -0.8183723930520619
vn 0.8191520442889934 0 -0.573576436351044
vn 0.025019052760825954 0.9990482215818579 0.03573091033094801
vn -0.025019052760825954 -0.9990482215818579 -0.03573091033094801
g Frond
f 212/628/157 215/627/157 213/626/157 210/625/157
f 211/632/158 212/631/158 210/630/158 209/629/158
f 216/636/159 211/635/159 209/634/159 214/633/159
f 215/640/160 216/639/160 214/638/160 213/637/160
f 214/644/161 209/643/161 210/642/161 213/641/161
f 215/648/162 212/647/162 211/646/162 216/645/162
