# Made in Blockbench 4.12.3

o cube
v 0.1875 5.3125 -0.296875
v 0.1875 5.3125 -0.5625
v 0.1875 0 -0.296875
v 0.1875 0 -0.5625
v -0.1875 5.3125 -0.5625
v -0.1875 5.3125 -0.296875
v -0.1875 0 -0.5625
v -0.1875 0 -0.296875
vt 0 1
vt 0.07142857142857142 1
vt 0.07142857142857142 0.0714285714285714
vt 0 0.0714285714285714
vt 0 1
vt 0.0625 1
vt 0.0625 0.0714285714285714
vt 0 0.0714285714285714
vt 0 1
vt 0.07142857142857142 1
vt 0.07142857142857142 0.0714285714285714
vt 0 0.0714285714285714
vt 0 1
vt 0.0625 1
vt 0.0625 0.0714285714285714
vt 0 0.0714285714285714
vt 0 1
vt 0.0625 1
vt 0.0625 0.9600802277432712
vt 0 0.9600802277432712
vt 0 1
vt 0.07142857142857142 1
vt 0.07142857142857142 0.12525879917184268
vt 0 0.12525879917184268
vn 0 0 -1
vn 1 0 0
vn 0 0 1
vn -1 0 0
vn 0 1 0
vn 0 -1 0
g Trunk
f 4/4/1 7/3/1 5/2/1 2/1/1
f 3/8/2 4/7/2 2/6/2 1/5/2
f 8/12/3 3/11/3 1/10/3 6/9/3
f 7/16/4 8/15/4 6/14/4 5/13/4
f 6/20/5 1/19/5 2/18/5 5/17/5
f 7/24/6 4/23/6 3/22/6 8/21/6
o cube
v 0.6182213514281656 5.3125 0.4774033126134095
v 0.5125667859929908 5.3125 0.250826365854247
v 0.6182213514281656 0 0.4774033126134095
v 0.5125667859929908 0 0.250826365854247
v 0.17270136585424697 5.3125 0.40930821400700923
v 0.2783559312894218 5.3125 0.6358851607661717
v 0.17270136585424697 0 0.40930821400700923
v 0.2783559312894218 0 0.6358851607661717
vt 0 1
vt 0.07142857142857142 1
vt 0.07142857142857142 0.0714285714285714
vt 0 0.0714285714285714
vt 0 1
vt 0.0625 1
vt 0.0625 0.0714285714285714
vt 0 0.0714285714285714
vt 0 1
vt 0.07142857142857142 1
vt 0.07142857142857142 0.0714285714285714
vt 0 0.0714285714285714
vt 0 1
vt 0.0625 1
vt 0.0625 0.0714285714285714
vt 0 0.0714285714285714
vt 0 1
vt 0.0625 1
vt 0.0625 0.9600802277432712
vt 0 0.9600802277432712
vt 0 1
vt 0.07142857142857142 1
vt 0.07142857142857142 0.12525879917184268
vt 0 0.12525879917184268
vn -0.4226182617406994 0 -0.90630778703665
vn 0.90630778703665 0 -0.4226182617406994
vn 0.4226182617406994 0 0.90630778703665
vn -0.90630778703665 0 0.4226182617406994
vn 0 1 0
vn 0 -1 0
g Trunk
f 12/28/7 15/27/7 13/26/7 10/25/7
f 11/32/8 12/31/8 10/30/8 9/29/8
f 16/36/9 11/35/9 9/34/9 14/33/9
f 15/40/10 16/39/10 14/38/10 13/37/10
f 14/44/11 9/43/11 10/42/11 13/41/11
f 15/48/12 12/47/12 11/46/12 16/45/12
o cube
v 0.37500000000000033 5.275942631847211 0.46230138923914743
v 0.6250000000000003 5.275942631847211 0.4623013892391473
v 0.37500000000000017 -0.016341701765186307 -0.0007134941077976964
v 0.6250000000000001 -0.016341701765186296 -0.0007134941077978907
v 0.625 5.308626035377583 0.08872837745474282
v 0.37500000000000006 5.308626035377583 0.08872837745474305
v 0.6249999999999999 0.01634170176518631 -0.37428650589220236
v 0.3749999999999999 0.0163417017651863 -0.3742865058922022
vt 0 1
vt 0.07142857142857142 1
vt 0.07142857142857142 0.0714285714285714
vt 0 0.0714285714285714
vt 0 1
vt 0.0625 1
vt 0.0625 0.0714285714285714
vt 0 0.0714285714285714
vt 0 1
vt 0.07142857142857142 1
vt 0.07142857142857142 0.0714285714285714
vt 0 0.0714285714285714
vt 0 1
vt 0.0625 1
vt 0.0625 0.0714285714285714
vt 0 0.0714285714285714
vt 0 1
vt 0.0625 1
vt 0.0625 0.9600802277432712
vt 0 0.9600802277432712
vt 0 1
vt 0.07142857142857142 1
vt 0.07142857142857142 0.12525879917184268
vt 0 0.12525879917184268
vn 1 0 0
vn 0 -0.08715574274766028 0.9961946980917453
vn -1 0 0
vn 0 0.08715574274766028 -0.9961946980917453
vn 0 0.9961946980917453 0.08715574274766028
vn 0 -0.9961946980917453 -0.08715574274766028
g Trunk
f 20/52/13 23/51/13 21/50/13 18/49/13
f 19/56/14 20/55/14 18/54/14 17/53/14
f 24/60/15 19/59/15 17/58/15 22/57/15
f 23/64/16 24/63/16 22/62/16 21/61/16
f 22/68/17 17/67/17 18/66/17 21/65/17
f 23/72/18 20/71/18 19/70/18 24/69/18
o cube
v -0.31249999999999994 5.3125 -0.25
v -0.5625 5.3125 -0.25000000000000006
v -0.31249999999999994 0 -0.25
v -0.5625 0 -0.25000000000000006
v -0.5625 5.3125 0.12499999999999994
v -0.31250000000000006 5.3125 0.125
v -0.5625 0 0.12499999999999994
v -0.31250000000000006 0 0.125
vt 0 1
vt 0.07142857142857142 1
vt 0.07142857142857142 0.0714285714285714
vt 0 0.0714285714285714
vt 0 1
vt 0.0625 1
vt 0.0625 0.0714285714285714
vt 0 0.0714285714285714
vt 0 1
vt 0.07142857142857142 1
vt 0.07142857142857142 0.0714285714285714
vt 0 0.0714285714285714
vt 0 1
vt 0.0625 1
vt 0.0625 0.0714285714285714
vt 0 0.0714285714285714
vt 0 1
vt 0.0625 1
vt 0.0625 0.9600802277432712
vt 0 0.9600802277432712
vt 0 1
vt 0.07142857142857142 1
vt 0.07142857142857142 0.12525879917184268
vt 0 0.12525879917184268
vn -1 0 0
vn 0 0 -1
vn 1 0 0
vn 0 0 1
vn 0 1 0
vn 0 -1 0
g Trunk
f 28/76/19 31/75/19 29/74/19 26/73/19
f 27/80/20 28/79/20 26/78/20 25/77/20
f 32/84/21 27/83/21 25/82/21 30/81/21
f 31/88/22 32/87/22 30/86/22 29/85/22
f 30/92/23 25/91/23 26/90/23 29/89/23
f 31/96/24 28/95/24 27/94/24 32/93/24
o cube
v -0.29803171120172434 5.3125 -0.004217121611592128
v -0.5088795726549455 5.3125 0.1301077804751142
v -0.29803171120172445 0 -0.004217121611592489
v -0.5088795726549457 0 0.13010778047511384
v -0.30739221952488605 5.3125 0.446379572654946
v -0.09654435807166484 5.3125 0.31205467056823966
v -0.30739221952488616 0 0.44637957265494566
v -0.09654435807166495 0 0.3120546705682393
vt 0 1
vt 0.07142857142857142 1
vt 0.07142857142857142 0.0714285714285714
vt 0 0.0714285714285714
vt 0 1
vt 0.0625 1
vt 0.0625 0.0714285714285714
vt 0 0.0714285714285714
vt 0 1
vt 0.07142857142857142 1
vt 0.07142857142857142 0.0714285714285714
vt 0 0.0714285714285714
vt 0 1
vt 0.0625 1
vt 0.0625 0.0714285714285714
vt 0 0.0714285714285714
vt 0 1
vt 0.0625 1
vt 0.0625 0.9600802277432712
vt 0 0.9600802277432712
vt 0 1
vt 0.07142857142857142 1
vt 0.07142857142857142 0.12525879917184268
vt 0 0.12525879917184268
vn -0.8433914458128848 0 0.5372996083468253
vn -0.5372996083468253 0 -0.8433914458128848
vn 0.8433914458128848 0 -0.5372996083468253
vn 0.5372996083468253 0 0.8433914458128848
vn 0 1 0
vn 0 -1 0
g Trunk
f 36/100/25 39/99/25 37/98/25 34/97/25
f 35/104/26 36/103/26 34/102/26 33/101/26
f 40/108/27 35/107/27 33/106/27 38/105/27
f 39/112/28 40/111/28 38/110/28 37/109/28
f 38/116/29 33/115/29 34/114/29 37/113/29
f 39/120/30 36/119/30 35/118/30 40/117/30
o cube
v -0.29803171120172434 10.625 -0.004217121611592128
v -0.5088795726549455 10.625 0.1301077804751142
v -0.29803171120172445 5.3125 -0.004217121611592489
v -0.5088795726549457 5.3125 0.13010778047511384
v -0.30739221952488605 10.625 0.446379572654946
v -0.09654435807166484 10.625 0.31205467056823966
v -0.30739221952488616 5.3125 0.44637957265494566
v -0.09654435807166495 5.3125 0.3120546705682393
vt 0 1
vt 0.07142857142857142 1
vt 0.07142857142857142 0.0714285714285714
vt 0 0.0714285714285714
vt 0 1
vt 0.0625 1
vt 0.0625 0.0714285714285714
vt 0 0.0714285714285714
vt 0 1
vt 0.07142857142857142 1
vt 0.07142857142857142 0.0714285714285714
vt 0 0.0714285714285714
vt 0 1
vt 0.0625 1
vt 0.0625 0.0714285714285714
vt 0 0.0714285714285714
vt 0 1
vt 0.0625 1
vt 0.0625 0.9600802277432712
vt 0 0.9600802277432712
vt 0 1
vt 0.07142857142857142 1
vt 0.07142857142857142 0.12525879917184268
vt 0 0.12525879917184268
vn -0.8433914458128848 0 0.5372996083468253
vn -0.5372996083468253 0 -0.8433914458128848
vn 0.8433914458128848 0 -0.5372996083468253
vn 0.5372996083468253 0 0.8433914458128848
vn 0 1 0
vn 0 -1 0
g Trunk
f 44/124/31 47/123/31 45/122/31 42/121/31
f 43/128/32 44/127/32 42/126/32 41/125/32
f 48/132/33 43/131/33 41/130/33 46/129/33
f 47/136/34 48/135/34 46/134/34 45/133/34
f 46/140/35 41/139/35 42/138/35 45/137/35
f 47/144/36 44/143/36 43/142/36 48/141/36
o cube
v -0.2569898294023224 10.57281763184721 0.3510143754816781
v -0.1714847935709054 10.57281763184721 0.5859375306781553
v 0.17810183979285954 5.280533298234813 0.19265395871743238
v 0.26360687562427654 5.280533298234813 0.42757711391390973
v 0.1795590089276669 10.605501035377584 0.458168035645052
v 0.09405397309624997 10.605501035377584 0.22324488044857466
v 0.6146506781228489 5.313216701765187 0.2998076188808063
v 0.529145642291432 5.313216701765187 0.06488446368432896
vt 0 1
vt 0.07142857142857142 1
vt 0.07142857142857142 0.0714285714285714
vt 0 0.0714285714285714
vt 0 1
vt 0.0625 1
vt 0.0625 0.0714285714285714
vt 0 0.0714285714285714
vt 0 1
vt 0.07142857142857142 1
vt 0.07142857142857142 0.0714285714285714
vt 0 0.0714285714285714
vt 0 1
vt 0.0625 1
vt 0.0625 0.0714285714285714
vt 0 0.0714285714285714
vt 0 1
vt 0.0625 1
vt 0.0625 0.9600802277432712
vt 0 0.9600802277432712
vt 0 1
vt 0.07142857142857142 1
vt 0.07142857142857142 0.12525879917184268
vt 0 0.12525879917184268
vn 0.3420201433256677 0 0.9396926207859089
vn -0.9361168066628592 -0.0871557427476623 0.34071865342160884
vn -0.3420201433256677 0 -0.9396926207859089
vn 0.9361168066628592 0.0871557427476623 -0.34071865342160884
vn -0.08189960831909304 0.9961946980917452 0.02980901962621093
vn 0.08189960831909304 -0.9961946980917452 -0.02980901962621093
g Trunk
f 52/148/37 55/147/37 53/146/37 50/145/37
f 51/152/38 52/151/38 50/150/38 49/149/38
f 56/156/39 51/155/39 49/154/39 54/153/39
f 55/160/40 56/159/40 54/158/40 53/157/40
f 54/164/41 49/163/41 50/162/41 53/161/41
f 55/168/42 52/167/42 51/166/42 56/165/42
o cube
v 0.6182213514281656 10.619943677153621 0.24567531723506197
v 0.5125667859929908 10.610060529544878 0.019314021523873404
v 0.6182213514281656 5.312500000000001 0.47740331261340946
v 0.5125667859929908 5.3026168523912585 0.2510420169022209
v 0.172701365854247 10.616973410669827 0.17764503007389654
v 0.2783559312894218 10.62685655827857 0.4040063257850851
v 0.172701365854247 5.309529733516208 0.409373025452244
v 0.2783559312894218 5.319412881124951 0.6357343211634325
vt 0 1
vt 0.07142857142857142 1
vt 0.07142857142857142 0.0714285714285714
vt 0 0.0714285714285714
vt 0 1
vt 0.0625 1
vt 0.0625 0.0714285714285714
vt 0 0.0714285714285714
vt 0 1
vt 0.07142857142857142 1
vt 0.07142857142857142 0.0714285714285714
vt 0 0.0714285714285714
vt 0 1
vt 0.0625 1
vt 0.0625 0.0714285714285714
vt 0 0.0714285714285714
vt 0 1
vt 0.0625 1
vt 0.0625 0.9600802277432712
vt 0 0.9600802277432712
vt 0 1
vt 0.07142857142857142 1
vt 0.07142857142857142 0.12525879917184268
vt 0 0.12525879917184268
vn -0.4226182617406993 -0.03953259043497208 -0.9054451828447544
vn 0.90630778703665 -0.018434349666532523 -0.42221602280006176
vn 0.4226182617406993 0.03953259043497208 0.9054451828447544
vn -0.90630778703665 0.018434349666532523 0.42221602280006176
vn 0 0.9990482215818578 -0.043619387365336
vn 0 -0.9990482215818578 0.043619387365336
g Trunk
f 60/172/43 63/171/43 61/170/43 58/169/43
f 59/176/44 60/175/44 58/174/44 57/173/44
f 64/180/45 59/179/45 57/178/45 62/177/45
f 63/184/46 64/183/46 62/182/46 61/181/46
f 62/188/47 57/187/47 58/186/47 61/185/47
f 63/192/48 60/191/48 59/190/48 64/189/48
o cube
v -0.31249999999999994 10.625 -0.25
v -0.5625 10.625 -0.25000000000000006
v -0.31249999999999994 5.3125 -0.25
v -0.5625 5.3125 -0.25000000000000006
v -0.5625 10.625 0.12499999999999994
v -0.31250000000000006 10.625 0.125
v -0.5625 5.3125 0.12499999999999994
v -0.31250000000000006 5.3125 0.125
vt 0 1
vt 0.07142857142857142 1
vt 0.07142857142857142 0.0714285714285714
vt 0 0.0714285714285714
vt 0 1
vt 0.0625 1
vt 0.0625 0.0714285714285714
vt 0 0.0714285714285714
vt 0 1
vt 0.07142857142857142 1
vt 0.07142857142857142 0.0714285714285714
vt 0 0.0714285714285714
vt 0 1
vt 0.0625 1
vt 0.0625 0.0714285714285714
vt 0 0.0714285714285714
vt 0 1
vt 0.0625 1
vt 0.0625 0.9600802277432712
vt 0 0.9600802277432712
vt 0 1
vt 0.07142857142857142 1
vt 0.07142857142857142 0.12525879917184268
vt 0 0.12525879917184268
vn -1 0 0
vn 0 0 -1
vn 1 0 0
vn 0 0 1
vn 0 1 0
vn 0 -1 0
g Trunk
f 68/196/49 71/195/49 69/194/49 66/193/49
f 67/200/50 68/199/50 66/198/50 65/197/50
f 72/204/51 67/203/51 65/202/51 70/201/51
f 71/208/52 72/207/52 70/206/52 69/205/52
f 70/212/53 65/211/53 66/210/53 69/209/53
f 71/216/54 68/215/54 67/214/54 72/213/54
o cube
v -0.27694187156253014 10.63508334481336 -0.26604099924808466
v -0.27694187156253014 10.637264978687952 -0.5160314800141275
v 0.18607301178440452 5.34300052517192 -0.3122243063528416
v 0.18607301178440452 5.345182159046514 -0.5622147871188845
v -0.6505148833469347 10.60458281964144 -0.516316692895243
v -0.6505148833469347 10.602401185766848 -0.26632621212920016
v -0.18750000000000008 5.312500000000001 -0.5624999999999999
v -0.18750000000000008 5.310318366125407 -0.3125095192339571
vt 0 1
vt 0.07142857142857142 1
vt 0.07142857142857142 0.0714285714285714
vt 0 0.0714285714285714
vt 0 1
vt 0.0625 1
vt 0.0625 0.0714285714285714
vt 0 0.0714285714285714
vt 0 1
vt 0.07142857142857142 1
vt 0.07142857142857142 0.0714285714285714
vt 0 0.0714285714285714
vt 0 1
vt 0.0625 1
vt 0.0625 0.0714285714285714
vt 0 0.0714285714285714
vt 0 1
vt 0.0625 1
vt 0.0625 0.9600802277432712
vt 0 0.9600802277432712
vt 0 1
vt 0.07142857142857142 1
vt 0.07142857142857142 0.12525879917184268
vt 0 0.12525879917184268
vn 0 0.008726535498373954 -0.9999619230641714
vn 0.9961946980917455 0.08715242412403458 0.0007605676829745858
vn 0 -0.008726535498373954 0.9999619230641714
vn -0.9961946980917455 -0.08715242412403458 -0.0007605676829745858
vn -0.08715574274765829 0.9961567660501535 0.008693328396189541
vn 0.08715574274765829 -0.9961567660501535 -0.008693328396189541
g Trunk
f 76/220/55 79/219/55 77/218/55 74/217/55
f 75/224/56 76/223/56 74/222/56 73/221/56
f 80/228/57 75/227/57 73/226/57 78/225/57
f 79/232/58 80/231/58 78/230/58 77/229/58
f 78/236/59 73/235/59 74/234/59 77/233/59
f 79/240/60 76/239/60 75/238/60 80/237/60
o cube
v 0.40785058861454404 10.537814370491704 0.36366228750860957
v 0.5514412162346974 10.563032211604677 0.24575536595923114
v 0.34878163792265604 8.109468261557847 -0.2276464595009035
v 0.49237226554280944 8.134686102670821 -0.34555338105028205
v 0.3907850326658443 10.612030095463671 0.06058301905389146
v 0.2471944050456909 10.586812254350699 0.17848994060327
v 0.3317160819739563 8.183683986529815 -0.5307257279556217
v 0.18812545435380287 8.158466145416842 -0.41281880640624313
vt 0.013392857142857142 1
vt 0.0625 1
vt 0.0625 0.4642857142857143
vt 0.013392857142857142 0.4642857142857143
vt 0.013392857142857142 1
vt 0.056361607142857144 1
vt 0.056361607142857144 0.4642857142857143
vt 0.013392857142857142 0.4642857142857143
vt 0.013392857142857142 1
vt 0.0625 1
vt 0.0625 0.4642857142857143
vt 0.013392857142857142 0.4642857142857143
vt 0.013392857142857142 1
vt 0.056361607142857144 1
vt 0.056361607142857144 0.4642857142857143
vt 0.013392857142857142 0.4642857142857143
vt 0.013392857142857142 1
vt 0.056361607142857144 1
vt 0.056361607142857144 0.9769693621595795
vt 0.013392857142857142 0.9769693621595795
vt 0.013392857142857142 1
vt 0.0625 1
vt 0.0625 0.49534161490683226
vt 0.013392857142857142 0.49534161490683226
vn 0.7658166806408182 0.13449515260252196 -0.6288369149300187
vn 0.6426247342754127 -0.19599153543597878 0.7406893876213583
vn -0.7658166806408182 -0.13449515260252196 0.6288369149300187
vn -0.6426247342754127 0.19599153543597878 -0.7406893876213583
vn 0.023627580276755187 0.9713384435735426 0.2365234988038053
vn -0.023627580276755187 -0.9713384435735426 -0.2365234988038053
g Trunk
f 84/244/61 87/243/61 85/242/61 82/241/61
f 83/248/62 84/247/62 82/246/62 81/245/62
f 88/252/63 83/251/63 81/250/63 86/249/63
f 87/256/64 88/255/64 86/254/64 85/253/64
f 86/260/65 81/259/65 82/258/65 85/257/65
f 87/264/66 84/263/66 83/262/66 88/261/66
o cube
v 0.436532017810124 8.174277776253874 -0.28723098721379664
v 0.4368161453701187 8.175889143719324 -0.47472384778832877
v 0.18597819454656267 5.310325417074966 -0.3122243063528416
v 0.18626232210655738 5.311936784540417 -0.4997171669273737
v 0.18776761491541846 8.197678896457806 -0.4749139897090724
v 0.18748348735542375 8.196067528992357 -0.2874211291345403
v -0.06278620834814289 5.3337265372789 -0.4999073088481174
v -0.06307033590813758 5.3321151698134495 -0.3124144482735853
vt 0.013392857142857142 1
vt 0.0625 1
vt 0.0625 0.4642857142857143
vt 0.013392857142857142 0.4642857142857143
vt 0.013392857142857142 1
vt 0.056361607142857144 1
vt 0.056361607142857144 0.4642857142857143
vt 0.013392857142857142 0.4642857142857143
vt 0.013392857142857142 1
vt 0.0625 1
vt 0.0625 0.4642857142857143
vt 0.013392857142857142 0.4642857142857143
vt 0.013392857142857142 1
vt 0.056361607142857144 1
vt 0.056361607142857144 0.4642857142857143
vt 0.013392857142857142 0.4642857142857143
vt 0.013392857142857142 1
vt 0.056361607142857144 1
vt 0.056361607142857144 0.9769693621595795
vt 0.013392857142857142 0.9769693621595795
vt 0.013392857142857142 1
vt 0.0625 1
vt 0.0625 0.49534161490683226
vt 0.013392857142857142 0.49534161490683226
vn 0.001515346986638414 0.008593959815734941 -0.9999619230641713
vn 0.996194121818801 -0.08715901095393208 0.0007605676829745852
vn -0.001515346986638414 -0.008593959815734941 0.9999619230641713
vn -0.996194121818801 0.08715901095393208 -0.0007605676829745852
vn 0.08714915591776047 0.996157342323098 0.008693328396189559
vn -0.08714915591776047 -0.996157342323098 -0.008693328396189559
g Trunk
f 92/268/67 95/267/67 93/266/67 90/265/67
f 91/272/68 92/271/68 90/270/68 89/269/68
f 96/276/69 91/275/69 89/274/69 94/273/69
f 95/280/70 96/279/70 94/278/70 93/277/70
f 94/284/71 89/283/71 90/282/71 93/281/71
f 95/288/72 92/287/72 91/286/72 96/285/72
o cube
v 0.5786867527230424 7.205957505615531 0.3938504080109626
v 0.5500699715065727 7.370440700936749 0.3085122085354015
v 0.3295541121407446 6.75595825739504 -0.3899479423301724
v 0.30093733092427477 6.920441452716258 -0.4752861418057334
v 0.43108417043272207 7.3696092307631265 0.34680956875989266
v 0.4597009516491919 7.205126035441908 0.43214776823545376
v 0.1819515298504243 6.919609982542635 -0.43698878158124227
v 0.21056831106689408 6.755126787221417 -0.35165058210568123
vt 0.017857142857142856 1
vt 0.046875 1
vt 0.046875 0.7912946428571428
vt 0.017857142857142856 0.7912946428571428
vt 0.017857142857142856 1
vt 0.043247767857142856 1
vt 0.043247767857142856 0.7961709362483311
vt 0.017857142857142856 0.7961709362483311
vt 0.017857142857142856 1
vt 0.046875 1
vt 0.046875 0.7912946428571428
vt 0.017857142857142856 0.7912946428571428
vt 0.017857142857142856 1
vt 0.043247767857142856 1
vt 0.043247767857142856 0.7912946428571428
vt 0.017857142857142856 0.7912946428571428
vt 0.017857142857142856 1
vt 0.043247767857142856 1
vt 0.043247767857142856 0.9910276473413362
vt 0.017857142857142856 0.9910276473413362
vt 0.017857142857142856 1
vt 0.046875 1
vt 0.046875 0.8033935041407867
vt 0.017857142857142856 0.8033935041407867
vn -0.15262283315450564 0.877243708379831 -0.4551370638696588
vn 0.9518864085908045 0.006651761388981048 -0.30637888179592915
vn 0.15262283315450564 -0.877243708379831 0.4551370638696588
vn -0.9518864085908045 -0.006651761388981048 0.30637888179592915
vn 0.26574148328778435 0.47999919810185737 0.8360515736972105
vn -0.26574148328778435 -0.47999919810185737 -0.8360515736972105
g Trunk
f 100/292/73 103/291/73 101/290/73 98/289/73
f 99/296/74 100/295/74 98/294/74 97/293/74
f 104/300/75 99/299/75 97/298/75 102/297/75
f 103/304/76 104/303/76 102/302/76 101/301/76
f 102/308/77 97/307/77 98/306/77 101/305/77
f 103/312/78 100/311/78 99/310/78 104/309/78
o cube
v 0.49164138227550025 5.551918786179281 0.18458949124897495
v 0.5267239237192358 5.698012798946458 0.29675902686106803
v 0.2641101560020402 6.139524817305205 -0.5095682309258454
v 0.2991926974457758 6.285618830072382 -0.3973986953137524
v 0.40773812264538534 5.697181328772835 0.3350563870855592
v 0.3726555812016497 5.551087316005659 0.2228868514734661
v 0.18020689637192525 6.2847873598987585 -0.35910133508926145
v 0.1451243549281896 6.138693347131582 -0.4712708707013544
vt 0.017857142857142856 1
vt 0.046875 1
vt 0.046875 0.7912946428571428
vt 0.017857142857142856 0.7912946428571428
vt 0.017857142857142856 1
vt 0.043247767857142856 1
vt 0.043247767857142856 0.7961709362483311
vt 0.017857142857142856 0.7961709362483311
vt 0.017857142857142856 1
vt 0.046875 1
vt 0.046875 0.7912946428571428
vt 0.017857142857142856 0.7912946428571428
vt 0.017857142857142856 1
vt 0.043247767857142856 1
vt 0.043247767857142856 0.7912946428571428
vt 0.017857142857142856 0.7912946428571428
vt 0.017857142857142856 1
vt 0.043247767857142856 1
vt 0.043247767857142856 0.9910276473413362
vt 0.017857142857142856 0.9910276473413362
vt 0.017857142857142856 1
vt 0.046875 1
vt 0.046875 0.8033935041407867
vt 0.017857142857142856 0.8033935041407867
vn 0.18710688769992348 0.7791680680916084 0.5982375232644964
vn 0.9518864085908049 0.006651761388980828 -0.30637888179592804
vn -0.18710688769992348 -0.7791680680916084 -0.5982375232644964
vn -0.9518864085908049 -0.006651761388980828 0.30637888179592804
vn 0.24269997469169077 -0.6267797665343182 0.7404349036531422
vn -0.24269997469169077 0.6267797665343182 -0.7404349036531422
g Trunk
f 108/316/79 111/315/79 109/314/79 106/313/79
f 107/320/80 108/319/80 106/318/80 105/317/80
f 112/324/81 107/323/81 105/322/81 110/321/81
f 111/328/82 112/327/82 110/326/82 109/325/82
f 110/332/83 105/331/83 106/330/83 109/329/83
f 111/336/84 108/335/84 107/334/84 112/333/84
o cube
v 0.5282791318718347 6.627251915119555 0.3953286458717771
v 0.47988840666204385 6.731592985480721 0.2472491781878453
v 0.37336457598681694 5.848348270325726 -0.10288500558895619
v 0.3249738507770261 5.952689340686892 -0.25096447327288796
v 0.36090260558819326 6.7307615153070985 0.285546538412336
v 0.4092933307979841 6.626420444945932 0.4336260060962678
v 0.2059880497031755 5.95185787051327 -0.21266711304839717
v 0.25437877491296634 5.847516800152103 -0.06458764536446537
vt 0.017857142857142856 1
vt 0.046875 1
vt 0.046875 0.7912946428571428
vt 0.017857142857142856 0.7912946428571428
vt 0.017857142857142856 1
vt 0.043247767857142856 1
vt 0.043247767857142856 0.7961709362483311
vt 0.017857142857142856 0.7961709362483311
vt 0.017857142857142856 1
vt 0.046875 1
vt 0.046875 0.7912946428571428
vt 0.017857142857142856 0.7912946428571428
vt 0.017857142857142856 1
vt 0.043247767857142856 1
vt 0.043247767857142856 0.7912946428571428
vt 0.017857142857142856 0.7912946428571428
vt 0.017857142857142856 1
vt 0.043247767857142856 1
vt 0.043247767857142856 0.9910276473413362
vt 0.017857142857142856 0.9910276473413362
vt 0.017857142857142856 1
vt 0.046875 1
vt 0.046875 0.8033935041407867
vt 0.017857142857142856 0.8033935041407867
vn -0.25808386778555104 0.5564857085928885 -0.7897571609809695
vn 0.9518864085908054 0.0066517613889804095 -0.30637888179592637
vn 0.25808386778555104 -0.5564857085928885 0.7897571609809695
vn -0.9518864085908054 -0.0066517613889804095 0.30637888179592637
vn 0.1652421929440189 0.8308305544467505 0.5314278948914488
vn -0.1652421929440189 -0.8308305544467505 -0.5314278948914488
g Trunk
f 116/340/85 119/339/85 117/338/85 114/337/85
f 115/344/86 116/343/86 114/342/86 113/341/86
f 120/348/87 115/347/87 113/346/87 118/345/87
f 119/352/88 120/351/88 118/350/88 117/349/88
f 118/356/89 113/355/89 114/354/89 117/353/89
f 119/360/90 116/359/90 115/358/90 120/357/90
o cube
v 0.6129856924104373 4.331459577700043 0.18761859076609788
v 0.6275098272710258 4.505836539788762 0.25498308140665094
v 0.19434703746343912 4.663856685968293 -0.5825502796766607
v 0.20887117232402763 4.838233648057011 -0.5151857890361076
v 0.5160847820713876 4.493736740170477 0.3103279470353246
v 0.5015606472107992 4.3193597780817585 0.24296345639477157
v 0.09744612712438955 4.826133848438727 -0.4598409234074339
v 0.08292199226380101 4.651756886350008 -0.527205414047987
vt 0.017857142857142856 1
vt 0.046875 1
vt 0.046875 0.7912946428571428
vt 0.017857142857142856 0.7912946428571428
vt 0.017857142857142856 1
vt 0.043247767857142856 1
vt 0.043247767857142856 0.7961709362483311
vt 0.017857142857142856 0.7961709362483311
vt 0.017857142857142856 1
vt 0.046875 1
vt 0.046875 0.7912946428571428
vt 0.017857142857142856 0.7912946428571428
vt 0.017857142857142856 1
vt 0.043247767857142856 1
vt 0.043247767857142856 0.7912946428571428
vt 0.017857142857142856 0.7912946428571428
vt 0.017857142857142856 1
vt 0.043247767857142856 1
vt 0.043247767857142856 0.9910276473413362
vt 0.017857142857142856 0.9910276473413362
vt 0.017857142857142856 1
vt 0.046875 1
vt 0.046875 0.8033935041407867
vt 0.017857142857142856 0.8033935041407867
vn 0.07746205258980556 0.9300104644731639 0.3592772834162831
vn 0.8914003615971055 0.0967983969462786 -0.4427589250293893
vn -0.07746205258980556 -0.9300104644731639 -0.3592772834162831
vn -0.8914003615971055 -0.0967983969462786 0.4427589250293893
vn 0.4465478986101313 -0.3545569154861329 0.8215134618056086
vn -0.4465478986101313 0.3545569154861329 -0.8215134618056086
g Trunk
f 124/364/91 127/363/91 125/362/91 122/361/91
f 123/368/92 124/367/92 122/366/92 121/365/92
f 128/372/93 123/371/93 121/370/93 126/369/93
f 127/376/94 128/375/94 126/374/94 125/373/94
f 126/380/95 121/379/95 122/378/95 125/377/95
f 127/384/96 124/383/96 123/382/96 128/381/96
o cube
v 0.5813686903888424 4.047300221137505 0.18176298421039294
v 0.5189454804391307 4.212768585362646 0.1194748368609162
v 0.19686857489735238 3.6228455931217933 -0.5604662121589459
v 0.1344453649476407 3.7883139573469347 -0.6227543595084226
v 0.4128093428985898 4.196852120220499 0.18355905055940958
v 0.4752325528483014 4.031383755995358 0.24584719790888632
v 0.028309227407099735 3.772397492204788 -0.5586701458099292
v 0.09073243735681141 3.606929127979646 -0.4963819984604525
vt 0.017857142857142856 1
vt 0.046875 1
vt 0.046875 0.7912946428571428
vt 0.017857142857142856 0.7912946428571428
vt 0.017857142857142856 1
vt 0.043247767857142856 1
vt 0.043247767857142856 0.7961709362483311
vt 0.017857142857142856 0.7961709362483311
vt 0.017857142857142856 1
vt 0.046875 1
vt 0.046875 0.7912946428571428
vt 0.017857142857142856 0.7912946428571428
vt 0.017857142857142856 1
vt 0.043247767857142856 1
vt 0.043247767857142856 0.7912946428571428
vt 0.017857142857142856 0.7912946428571428
vt 0.017857142857142856 1
vt 0.043247767857142856 1
vt 0.043247767857142856 0.9910276473413362
vt 0.017857142857142856 0.9910276473413362
vt 0.017857142857142856 1
vt 0.046875 1
vt 0.046875 0.8033935041407867
vt 0.017857142857142856 0.8033935041407867
vn -0.33292378639846243 0.8824979425340881 -0.33220345253054245
vn 0.8490891003243283 0.1273317211371764 -0.5126737095879474
vn 0.33292378639846243 -0.8824979425340881 0.33220345253054245
vn -0.8490891003243283 -0.1273317211371764 0.5126737095879474
vn 0.41013345652425603 0.45275160321675917 0.7917111427939616
vn -0.41013345652425603 -0.45275160321675917 -0.7917111427939616
g Trunk
f 132/388/97 135/387/97 133/386/97 130/385/97
f 131/392/98 132/391/98 130/390/98 129/389/98
f 136/396/99 131/395/99 129/394/99 134/393/99
f 135/400/100 136/399/100 134/398/100 133/397/100
f 134/404/101 129/403/101 130/402/101 133/401/101
f 135/408/102 132/407/102 131/406/102 136/405/102
o cube
v 0.5985378618355672 3.590419782418795 0.057720650001235496
v 0.5158795054587411 3.7227025725387435 -0.046323136738594894
v 0.22412135871424416 2.926833963033328 -0.488514091205252
v 0.141463002337418 3.059116753153276 -0.5925578779450824
v 0.41539990574108127 3.7182971289110656 0.027902479506891398
v 0.49805826211790744 3.5860143387911174 0.1319462662467219
v 0.04098340261975811 3.0547113095255987 -0.5183322616995962
v 0.12364175899658428 2.9224285194056505 -0.41428847495976573
vt 0.017857142857142856 1
vt 0.046875 1
vt 0.046875 0.7912946428571428
vt 0.017857142857142856 0.7912946428571428
vt 0.017857142857142856 1
vt 0.043247767857142856 1
vt 0.043247767857142856 0.7961709362483311
vt 0.017857142857142856 0.7961709362483311
vt 0.017857142857142856 1
vt 0.046875 1
vt 0.046875 0.7912946428571428
vt 0.017857142857142856 0.7912946428571428
vt 0.017857142857142856 1
vt 0.043247767857142856 1
vt 0.043247767857142856 0.7912946428571428
vt 0.017857142857142856 0.7912946428571428
vt 0.017857142857142856 1
vt 0.043247767857142856 1
vt 0.043247767857142856 0.9910276473413362
vt 0.017857142857142856 0.9910276473413362
vt 0.017857142857142856 1
vt 0.046875 1
vt 0.046875 0.8033935041407867
vt 0.017857142857142856 0.8033935041407867
vn -0.4408445673430729 0.7055082139730575 -0.5549001959457623
vn 0.8038367977412793 0.03524354902141874 -0.5938049299638902
vn 0.4408445673430729 -0.7055082139730575 0.5549001959457623
vn -0.8038367977412793 -0.03524354902141874 0.5938049299638902
vn 0.39937760332941136 0.7078248740111649 0.5826503906202536
vn -0.39937760332941136 -0.7078248740111649 -0.5826503906202536
g Trunk
f 140/412/103 143/411/103 141/410/103 138/409/103
f 139/416/104 140/415/104 138/414/104 137/413/104
f 144/420/105 139/419/105 137/418/105 142/417/105
f 143/424/106 144/423/106 142/422/106 141/421/106
f 142/428/107 137/427/107 138/426/107 141/425/107
f 143/432/108 140/431/108 139/430/108 144/429/108
o cube
v 0.5722297285547415 1.3627190551811172 -0.23335938373040632
v 0.6506472637353757 1.4895398074619057 -0.11967808813993164
v 0.05082711972961393 2.0362326707149117 -0.6250543916140231
v 0.12924465491024809 2.1630534229957004 -0.5113730960235484
v 0.5608759172634565 1.4692319197927843 -0.03509856904081987
v 0.48245838208282243 1.3424111675119959 -0.14877986463129456
v 0.03947330843832891 2.142745535326579 -0.42679357692443665
v -0.038944226742305244 2.0159247830457905 -0.5404748725149113
vt 0.017857142857142856 1
vt 0.046875 1
vt 0.046875 0.7912946428571428
vt 0.017857142857142856 0.7912946428571428
vt 0.017857142857142856 1
vt 0.043247767857142856 1
vt 0.043247767857142856 0.7961709362483311
vt 0.017857142857142856 0.7961709362483311
vt 0.017857142857142856 1
vt 0.046875 1
vt 0.046875 0.7912946428571428
vt 0.017857142857142856 0.7912946428571428
vt 0.017857142857142856 1
vt 0.043247767857142856 1
vt 0.043247767857142856 0.7912946428571428
vt 0.017857142857142856 0.7912946428571428
vt 0.017857142857142856 1
vt 0.043247767857142856 1
vt 0.043247767857142856 0.9910276473413362
vt 0.017857142857142856 0.9910276473413362
vt 0.017857142857142856 1
vt 0.046875 1
vt 0.046875 0.8033935041407867
vt 0.017857142857142856 0.8033935041407867
vn 0.41822685429671547 0.6763773454975389 0.6063002431491982
vn 0.7181707717753532 0.16246310135296954 -0.6766361527928938
vn -0.41822685429671547 -0.6763773454975389 -0.6063002431491982
vn -0.7181707717753532 -0.16246310135296954 0.6766361527928938
vn 0.556162782746803 -0.7184145232360478 0.4178080084091913
vn -0.556162782746803 0.7184145232360478 -0.4178080084091913
g Trunk
f 148/436/109 151/435/109 149/434/109 146/433/109
f 147/440/110 148/439/110 146/438/110 145/437/110
f 152/444/111 147/443/111 145/442/111 150/441/111
f 151/448/112 152/447/112 150/446/112 149/445/112
f 150/452/113 145/451/113 146/450/113 149/449/113
f 151/456/114 148/455/114 147/454/114 152/453/114
o cube
v 0.5422912444473356 2.6354138068753343 -0.028854081605252713
v 0.6207087796279696 2.7622345591561226 0.08482721398522197
v 0.22503796348724592 3.1871975172609517 -0.42557198222626025
v 0.30345549866788 3.31401826954174 -0.31189068663578556
v 0.5202291799103096 2.7578291155284456 0.15905283023070815
v 0.44181164472967555 2.6310083632476573 0.04537153464023347
v 0.20297589895022 3.309612825914063 -0.2376650703902995
v 0.12455836376958591 3.182792073633274 -0.3513463659807742
vt 0.017857142857142856 1
vt 0.046875 1
vt 0.046875 0.7912946428571428
vt 0.017857142857142856 0.7912946428571428
vt 0.017857142857142856 1
vt 0.043247767857142856 1
vt 0.043247767857142856 0.7961709362483311
vt 0.017857142857142856 0.7961709362483311
vt 0.017857142857142856 1
vt 0.046875 1
vt 0.046875 0.7912946428571428
vt 0.017857142857142856 0.7912946428571428
vt 0.017857142857142856 1
vt 0.043247767857142856 1
vt 0.043247767857142856 0.7912946428571428
vt 0.017857142857142856 0.7912946428571428
vt 0.017857142857142856 1
vt 0.043247767857142856 1
vt 0.043247767857142856 0.9910276473413362
vt 0.017857142857142856 0.9910276473413362
vt 0.017857142857142856 1
vt 0.046875 1
vt 0.046875 0.8033935041407867
vt 0.017857142857142856 0.8033935041407867
vn 0.4182268542967152 0.6763773454975389 0.6063002431491983
vn 0.8038367977412804 0.03524354902141652 -0.593804929963889
vn -0.4182268542967152 -0.6763773454975389 -0.6063002431491983
vn -0.8038367977412804 -0.03524354902141652 0.593804929963889
vn 0.4230043746134528 -0.7357116138474897 0.5289572008280102
vn -0.4230043746134528 0.7357116138474897 -0.5289572008280102
g Trunk
f 156/460/115 159/459/115 157/458/115 154/457/115
f 155/464/116 156/463/116 154/462/116 153/461/116
f 160/468/117 155/467/117 153/466/117 158/465/117
f 159/472/118 160/471/118 158/470/118 157/469/118
f 158/476/119 153/475/119 154/474/119 157/473/119
f 159/480/120 156/479/120 155/478/120 160/477/120
o cube
v 0.2688380131149009 8.044230174869805 -0.4159884147038444
v 0.383456769988137 8.17431440466031 -0.34459595198791515
v -0.39858964225925747 8.693185185407845 -0.5269116725866078
v -0.2839708853860214 8.823269415198348 -0.4555192098706785
v 0.3402497563264942 8.149471440695844 -0.2299618335418656
v 0.2256309994532581 8.019387210905341 -0.30135429625779486
v -0.3271778990476641 8.798426451233883 -0.34088509142462897
v -0.44179665592090017 8.66834222144338 -0.4122775541405582
vt 0.017857142857142856 1
vt 0.046875 1
vt 0.046875 0.7912946428571428
vt 0.017857142857142856 0.7912946428571428
vt 0.017857142857142856 1
vt 0.043247767857142856 1
vt 0.043247767857142856 0.7961709362483311
vt 0.017857142857142856 0.7961709362483311
vt 0.017857142857142856 1
vt 0.046875 1
vt 0.046875 0.7912946428571428
vt 0.017857142857142856 0.7912946428571428
vt 0.017857142857142856 1
vt 0.043247767857142856 1
vt 0.043247767857142856 0.7912946428571428
vt 0.017857142857142856 0.7912946428571428
vt 0.017857142857142856 1
vt 0.043247767857142856 1
vt 0.043247767857142856 0.9910276473413362
vt 0.017857142857142856 0.9910276473413362
vt 0.017857142857142856 1
vt 0.046875 1
vt 0.046875 0.8033935041407867
vt 0.017857142857142856 0.8033935041407867
vn 0.6113000366572592 0.6937825588826876 0.38075980115162317
vn 0.3456561092931427 0.19874371171571464 -0.9170729475683971
vn -0.6113000366572592 -0.6937825588826876 -0.38075980115162317
vn -0.3456561092931427 -0.19874371171571464 0.9170729475683971
vn 0.7119228323991023 -0.6922186779072428 0.11831814174161456
vn -0.7119228323991023 0.6922186779072428 -0.11831814174161456
g Trunk
f 164/484/121 167/483/121 165/482/121 162/481/121
f 163/488/122 164/487/122 162/486/122 161/485/122
f 168/492/123 163/491/123 161/490/123 166/489/123
f 167/496/124 168/495/124 166/494/124 165/493/124
f 166/500/125 161/499/125 162/498/125 165/497/125
f 167/504/126 164/503/126 163/502/126 168/501/126
o cube
v 0.45720752079155247 9.408520915666124 -0.13069038955660994
v 0.5031640426725066 9.56457361887145 -0.03746055571080842
v 0.18832956263226697 9.717862646201116 -0.5159417196850207
v 0.23428608451322108 9.873915349406442 -0.42271188583921926
v 0.39773069201255273 9.555847531545494 0.02911769876161674
v 0.3517741701315986 9.399794828340168 -0.06411213508418478
v 0.12885273385326723 9.865189262080486 -0.3561336313667941
v 0.08289621197231312 9.70913655887516 -0.44936346521259557
vt 0.017857142857142856 1
vt 0.046875 1
vt 0.046875 0.8962053571428571
vt 0.017857142857142856 0.8962053571428571
vt 0.017857142857142856 1
vt 0.043247767857142856 1
vt 0.043247767857142856 0.9010816505340454
vt 0.017857142857142856 0.9010816505340454
vt 0.017857142857142856 1
vt 0.046875 1
vt 0.046875 0.8962053571428571
vt 0.017857142857142856 0.8962053571428571
vt 0.017857142857142856 1
vt 0.043247767857142856 1
vt 0.043247767857142856 0.8962053571428571
vt 0.017857142857142856 0.8962053571428571
vt 0.017857142857142856 1
vt 0.043247767857142856 1
vt 0.043247767857142856 1
vt 0.017857142857142856 1
vt 0.017857142857142856 1
vt 0.046875 1
vt 0.046875 0.908304218426501
vt 0.017857142857142856 0.908304218426501
vn 0.2451014500317549 0.8322810837617401 0.49722578051094113
vn 0.8434668052796309 0.06980869860765007 -0.5326260357794007
vn -0.2451014500317549 -0.8322810837617401 -0.49722578051094113
vn -0.8434668052796309 -0.06980869860765007 0.5326260357794007
vn 0.4780052589498409 -0.549940854284431 0.684891253561619
vn -0.4780052589498409 0.549940854284431 -0.684891253561619
g Trunk
f 172/508/127 175/507/127 173/506/127 170/505/127
f 171/512/128 172/511/128 170/510/128 169/509/128
f 176/516/129 171/515/129 169/514/129 174/513/129
f 175/520/130 176/519/130 174/518/130 173/517/130
f 174/524/131 169/523/131 170/522/131 173/521/131
f 175/528/132 172/527/132 171/526/132 176/525/132
o cube
v 0.1351968128466261 9.708414886511036 -0.47393645146900987
v 0.03016963992477284 9.862885864945019 -0.4576803827655511
v -0.32435789028884077 9.389642507850406 -0.4139373228993708
v -0.4293850632106941 9.544113486284386 -0.39768125419591205
v 0.0472956959646077 9.861500366899715 -0.33386689965613003
v 0.15232286888646107 9.707029388465735 -0.3501229683595888
v -0.4122590071708593 9.542727988239085 -0.27386777108649096
v -0.3072318342490059 9.388257009805104 -0.2901238397899497
vt 0.017857142857142856 1
vt 0.046875 1
vt 0.046875 0.8962053571428571
vt 0.017857142857142856 0.8962053571428571
vt 0.017857142857142856 1
vt 0.043247767857142856 1
vt 0.043247767857142856 0.9010816505340454
vt 0.017857142857142856 0.9010816505340454
vt 0.017857142857142856 1
vt 0.046875 1
vt 0.046875 0.8962053571428571
vt 0.017857142857142856 0.8962053571428571
vt 0.017857142857142856 1
vt 0.043247767857142856 1
vt 0.043247767857142856 0.8962053571428571
vt 0.017857142857142856 0.8962053571428571
vt 0.017857142857142856 1
vt 0.043247767857142856 1
vt 0.043247767857142856 1
vt 0.017857142857142856 1
vt 0.017857142857142856 1
vt 0.046875 1
vt 0.046875 0.908304218426501
vt 0.017857142857142856 0.908304218426501
vn -0.5601449222498842 0.8238452183145677 0.08669903308511391
vn -0.13700844831867845 0.011083984362418142 -0.9905078648753689
vn 0.5601449222498842 -0.8238452183145677 -0.08669903308511391
vn 0.13700844831867845 -0.011083984362418142 0.9905078648753689
vn 0.8169861389074966 0.5667064509522337 -0.10666511745713629
vn -0.8169861389074966 -0.5667064509522337 0.10666511745713629
g Trunk
f 180/532/133 183/531/133 181/530/133 178/529/133
f 179/536/134 180/535/134 178/534/134 177/533/134
f 184/540/135 179/539/135 177/538/135 182/537/135
f 183/544/136 184/543/136 182/542/136 181/541/136
f 182/548/137 177/547/137 178/546/137 181/545/137
f 183/552/138 180/551/138 179/550/138 184/549/138
o cube
v 0.013903044767079598 4.980497071049759 0.4466746095573132
v 0.40066654556998405 5.010976482861303 0.6488904593374525
v 0.4382187944944812 -0.31501360789438176 0.43329388753501674
v 0.8249822952973856 -0.2845341960828376 0.635509737315156
v 0.6309435699304576 5.030548337876851 0.20550638819490896
v 0.2441800691275532 5.000068926065307 0.003290538414769728
v 1.0552593196578592 -0.2649623410672894 0.19212566617261256
v 0.6684958188549548 -0.29544175287883356 -0.010090183607526698
vt 0 1
vt 0.07142857142857142 1
vt 0.07142857142857142 0.0669642857142857
vt 0 0.0669642857142857
vt 0 1
vt 0.0703125 1
vt 0.0703125 0.0669642857142857
vt 0 0.0669642857142857
vt 0 1
vt 0.07142857142857142 1
vt 0.07142857142857142 0.0669642857142857
vt 0 0.0669642857142857
vt 0 1
vt 0.0703125 1
vt 0.0703125 0.0669642857142857
vt 0 0.0669642857142857
vt 0 1
vt 0.0703125 1
vt 0.0703125 0.9598883057612677
vt 0 0.9598883057612677
vt 0 1
vt 0.07142857142857142 1
vt 0.07142857142857142 0.12105331262939956
vt 0 0.12105331262939956
vn 0.8840308589780677 0.0696672269978153 0.46220765664031854
vn -0.46055404872094713 -0.039143710031096395 0.8867681422850873
vn -0.8840308589780677 -0.0696672269978153 -0.46220765664031854
vn 0.46055404872094713 0.039143710031096395 -0.8867681422850873
vn -0.07987119994868737 0.9968020101541912 0.0025187241453734723
vn 0.07987119994868737 -0.9968020101541912 -0.0025187241453734723
g Trunk
f 188/556/139 191/555/139 189/554/139 186/553/139
f 187/560/140 188/559/140 186/558/140 185/557/140
f 192/564/141 187/563/141 185/562/141 190/561/141
f 191/568/142 192/567/142 190/566/142 189/565/142
f 190/572/143 185/571/143 186/570/143 189/569/143
f 191/576/144 188/575/144 187/574/144 192/573/144
o cube
v 0.3591565167561742 4.7259232058753735 0.4204756394726672
v 0.4711629402592039 4.872017218642551 0.4560755064337123
