# Made in Blockbench 4.12.3

o cube
v -0.40257005665237944 0.43198928518737945 0.39976595870492415
v 0.29789392159670686 0.4667359998770222 -0.1404567197182794
v -0.3611591708046332 0.04799841477133804 0.42876217313945786
v 0.33930480744445307 0.08274512946098078 -0.11146050528374579
v -0.23510570338468223 0.35653350016815566 -0.8386432779651535
v -0.9355696816337686 0.3217867854785129 -0.29842059954194994
v -0.19369481753693601 -0.027457370247885735 -0.80964706353062
v -0.8941587957860224 -0.062204084937528506 -0.26942438510741634
vt 0.75 0.25
vt 0.75 0.75
vt 1 0.75
vt 1 0.25
vt 0.25 0.75
vt 0.75 0.75
vt 0.75 1
vt 0.25 1
vt 0.25 0.75
vt 0.25 0.25
vt 0 0.25
vt 0 0.75
vt 0.25 0.25
vt 0.75 0.25
vt 0.75 0
vt 0.25 0
vt 0.25 0.75
vt 0.75 0.75
vt 0.75 0.25
vt 0.25 0.25
vt 0.25 0.75
vt 0.75 0.75
vt 0.75 0.25
vt 0.25 0.25
vn 0.7912460062885959 0.03924998298777971 -0.6102370001628926
vn 0.6020778194390949 0.1244850420368844 0.7886734264881378
vn -0.7912460062885959 -0.03924998298777971 0.6102370001628926
vn -0.6020778194390949 -0.1244850420368844 -0.7886734264881378
vn -0.10692079719031326 0.9914448613738105 -0.07486674818404877
vn 0.10692079719031326 -0.9914448613738105 0.07486674818404877
g Cushion
f 4/4/1 7/3/1 5/2/1 2/1/1
f 3/8/2 4/7/2 2/6/2 1/5/2
f 8/12/3 3/11/3 1/10/3 6/9/3
f 7/16/4 8/15/4 6/14/4 5/13/4
f 6/20/5 1/19/5 2/18/5 5/17/5
f 7/24/6 4/23/6 3/22/6 8/21/6
o cube
v 0.61780686328942 0.49246677049553034 0.046978198118315107
v 0.26791956630545766 0.3717813040470774 -0.9109140038688678
v 0.6044144755403711 0.04754846982254435 0.10792555615790944
v 0.2545271785564087 -0.07313699662590863 -0.8499666458292735
v -0.6970599197918657 0.4478000498064336 -0.5680156009344149
v -0.3471726228079033 0.5684855162548865 0.389876601052768
v -0.7104523075409146 0.002881749133447631 -0.5070682428948206
v -0.3605650105569522 0.12356721558190062 0.4508239590923623
vt 0.75 0.25
vt 0.75 0.75
vt 1 0.75
vt 1 0.25
vt 0.25 0.75
vt 0.75 0.75
vt 0.75 1
vt 0.25 1
vt 0.25 0.75
vt 0.25 0.25
vt 0 0.25
vt 0 0.75
vt 0.25 0.25
vt 0.75 0.25
vt 0.75 0
vt 0.25 0
vt 0.25 0.75
vt 0.75 0.75
vt 0.75 0.25
vt 0.25 0.25
vt 0.25 0.75
vt 0.75 0.75
vt 0.75 0.25
vt 0.25 0.25
vn -0.3407186534216099 -0.11752295659296419 -0.9327910558556044
vn 0.9396926207859084 -0.07402670778046222 -0.33391290028343756
vn 0.3407186534216099 0.11752295659296419 0.9327910558556044
vn -0.9396926207859084 0.07402670778046222 0.33391290028343756
vn 0.029809019626210416 0.9903072256672847 -0.13565773527554517
vn -0.029809019626210416 -0.9903072256672847 0.13565773527554517
g Cushion
f 12/28/7 15/27/7 13/26/7 10/25/7
f 11/32/8 12/31/8 10/30/8 9/29/8
f 16/36/9 11/35/9 9/34/9 14/33/9
f 15/40/10 16/39/10 14/38/10 13/37/10
f 14/44/11 9/43/11 10/42/11 13/41/11
f 15/48/12 12/47/12 11/46/12 16/45/12
o cube
v 0.6292797164401388 0.2963735879692439 0.23404385907128655
v 0.19747855903380127 0.4214442490258422 -0.3286903652828514
v 0.5959692564111913 -0.013949959751067331 0.1906328223805493
v 0.1641680990048537 0.11112070130553095 -0.37210140197358865
v -0.37393674779427377 0.4214442490258422 0.10977202099060923
v 0.057864409612063766 0.2963735879692439 0.6725062453447471
v -0.4072472078232213 0.11112070130553092 0.06636098429987197
v 0.024553949583116214 -0.013949959751067359 0.6290952086540099
vt 0.75 0.25
vt 0.75 0.75
vt 1 0.75
vt 1 0.25
vt 0.25 0.75
vt 0.75 0.75
vt 0.75 1
vt 0.25 1
vt 0.25 0.75
vt 0.25 0.25
vt 0 0.25
vt 0 0.75
vt 0.25 0.25
vt 0.75 0.25
vt 0.75 0
vt 0.25 0
vt 0.25 0.75
vt 0.75 0.75
vt 0.75 0.25
vt 0.25 0.25
vt 0.25 0.75
vt 0.75 0.75
vt 0.75 0.25
vt 0.25 0.25
vn -0.5995129750225793 0.17364817766693041 -0.7813005203969408
vn 0.7933533402912349 0 -0.6087614290087209
vn 0.5995129750225793 -0.17364817766693041 0.7813005203969408
vn -0.7933533402912349 0 0.6087614290087209
vn 0.1057103127812808 0.9848077530122081 0.1377643617875451
vn -0.1057103127812808 -0.9848077530122081 -0.1377643617875451
g Cushion
f 20/52/13 23/51/13 21/50/13 18/49/13
f 19/56/14 20/55/14 18/54/14 17/53/14
f 24/60/15 19/59/15 17/58/15 22/57/15
f 23/64/16 24/63/16 22/62/16 21/61/16
f 22/68/17 17/67/17 18/66/17 21/65/17
f 23/72/18 20/71/18 19/70/18 24/69/18
o cube
v -0.5159500231576171 0.6028689496311657 -0.06497081792597476
v 0.06643472173576612 0.6271916499139156 0.1453819077469634
v -0.5174935976850439 0.33407534033993663 -0.029617148843257834
v 0.06489114720833922 0.35839804062268654 0.1807355768296804
v 0.27815957847458067 0.550049900117709 -0.43188197429392594
v -0.30422516641880243 0.5257271998349591 -0.6422346999668642
v 0.27661600394715374 0.28125629082647996 -0.3965283052112091
v -0.3057687409462293 0.25693359054373005 -0.6068810308841472
vt 0.75 0.25
vt 0.75 0.75
vt 1 0.75
vt 1 0.25
vt 0.25 0.75
vt 0.75 0.75
vt 0.75 1
vt 0.25 1
vt 0.25 0.75
vt 0.25 0.25
vt 0 0.25
vt 0 0.75
vt 0.25 0.25
vt 0.75 0.25
vt 0.75 0
vt 0.25 0
vt 0.25 0.75
vt 0.75 0.75
vt 0.75 0.25
vt 0.25 0.25
vt 0.25 0.75
vt 0.75 0.75
vt 0.75 0.25
vt 0.25 0.25
vn 0.9398048351407513 0.039249982987779694 0.33945001205114755
vn -0.34166424486109764 0.12448504203688436 0.9315412057942317
vn -0.9398048351407513 -0.039249982987779694 -0.33945001205114755
vn 0.34166424486109764 -0.12448504203688436 -0.9315412057942317
vn 0.005693472539768639 0.9914448613738105 -0.13040196020729433
vn -0.005693472539768639 -0.9914448613738105 0.13040196020729433
g Cushion
f 28/76/19 31/75/19 29/74/19 26/73/19
f 27/80/20 28/79/20 26/78/20 25/77/20
f 32/84/21 27/83/21 25/82/21 30/81/21
f 31/88/22 32/87/22 30/86/22 29/85/22
f 30/92/23 25/91/23 26/90/23 29/89/23
f 31/96/24 28/95/24 27/94/24 32/93/24
o cube
v 0.07610038608435116 0.6452031893468712 0.4047462902077779
v 0.5100190331566442 0.5607233628329541 -0.16209065056096175
v 0.03508164250883389 0.33376037887578114 0.41976266664430123
v 0.46900028958112694 0.249280552361864 -0.14707427412443844
v -0.05535744267579584 0.6139364848645035 -0.6028220370129365
v -0.4892760897480888 0.6984163113784205 -0.03598509624419685
v -0.09637618625131311 0.3024936743934134 -0.5878056605764133
v -0.530294833323606 0.3869735009073305 -0.020968719807673536
vt 0.75 0.25
vt 0.75 0.75
vt 1 0.75
vt 1 0.25
vt 0.25 0.75
vt 0.75 0.75
vt 0.75 1
vt 0.25 1
vt 0.25 0.75
vt 0.25 0.25
vt 0 0.25
vt 0 0.75
vt 0.25 0.25
vt 0.75 0.25
vt 0.75 0
vt 0.25 0
vt 0.25 0.75
vt 0.75 0.75
vt 0.75 0.25
vt 0.25 0.25
vt 0.25 0.75
vt 0.75 0.75
vt 0.75 0.25
vt 0.25 0.25
vn 0.6036399981994981 -0.11752295659296418 -0.7885474667053075
vn 0.7865157608602914 -0.07402670778046222 0.613117447520084
vn -0.6036399981994981 0.11752295659296418 0.7885474667053075
vn -0.7865157608602914 0.07402670778046222 -0.613117447520084
vn 0.1304289480601094 0.9903072256672848 -0.04774817587195324
vn -0.1304289480601094 -0.9903072256672848 0.04774817587195324
g Cushion
f 36/100/25 39/99/25 37/98/25 34/97/25
f 35/104/26 36/103/26 34/102/26 33/101/26
f 40/108/27 35/107/27 33/106/27 38/105/27
f 39/112/28 40/111/28 38/110/28 37/109/28
f 38/116/29 33/115/29 34/114/29 37/113/29
f 39/120/30 36/119/30 35/118/30 40/117/30
o cube
v -0.03002326703964614 0.5079379615784707 0.48187677900786624
v 0.139795779790163 0.5954874243180894 0.015302782449657992
v -0.016922907129644393 0.2907114781742528 0.44588383596840786
v 0.15289613970016475 0.37826094091387163 -0.020690160589800416
v -0.33397587272892976 0.5954874243180894 -0.15713599690640184
v -0.503794919558739 0.5079379615784707 0.3094379996518064
v -0.320875512818928 0.37826094091387163 -0.19312893994586022
v -0.49069455964873715 0.2907114781742528 0.273445056612348
vt 0.75 0.25
vt 0.75 0.75
vt 1 0.75
vt 1 0.25
vt 0.25 0.75
vt 0.75 0.75
vt 0.75 1
vt 0.25 1
vt 0.25 0.75
vt 0.25 0.25
vt 0 0.25
vt 0 0.75
vt 0.25 0.25
vt 0.75 0.25
vt 0.75 0
vt 0.25 0
vt 0.25 0.75
vt 0.75 0.75
vt 0.75 0.25
vt 0.25 0.25
vt 0.25 0.75
vt 0.75 0.75
vt 0.75 0.25
vt 0.25 0.25
vn 0.3368240888334648 0.17364817766693044 -0.9254165783983236
vn 0.9396926207859086 0 0.3420201433256684
vn -0.3368240888334648 -0.17364817766693044 0.9254165783983236
vn -0.9396926207859086 0 -0.3420201433256684
vn -0.0593911746138847 0.9848077530122081 0.16317591116653493
vn 0.0593911746138847 -0.9848077530122081 -0.16317591116653493
g Cushion
f 44/124/31 47/123/31 45/122/31 42/121/31
f 43/128/32 44/127/32 42/126/32 41/125/32
f 48/132/33 43/131/33 41/130/33 46/129/33
f 47/136/34 48/135/34 46/134/34 45/133/34
f 46/140/35 41/139/35 42/138/35 45/137/35
f 47/144/36 44/143/36 43/142/36 48/141/36
o cube
v -0.7493008849666472 0.25086729689242876 0.15173940256495233
v -0.17532359736817535 0.34048655925484933 0.3674482692494876
v -0.7112186546681016 -0.017367331354765293 0.16184864983248026
v -0.13724136706962992 0.07225193100765531 0.3775575165170155
v 0.041436819445652195 0.3493839424323983 -0.21302361836170214
v -0.5325404681528196 0.2597646800699777 -0.4287324850462374
v 0.07951904974419766 0.08114931418520424 -0.2029143710941742
v -0.4944582378542741 -0.008469948177216365 -0.41862323777870947
vt 0.75 0.25
vt 0.75 0.75
vt 1 0.75
vt 1 0.25
vt 0.25 0.75
vt 0.75 0.75
vt 0.75 1
vt 0.25 1
vt 0.25 0.75
vt 0.25 0.25
vt 0 0.25
vt 0 0.75
vt 0.25 0.25
vt 0.75 0.25
vt 0.75 0
vt 0.25 0
vt 0.25 0.75
vt 0.75 0.75
vt 0.75 0.25
vt 0.25 0.25
vt 0.25 0.75
vt 0.75 0.75
vt 0.75 0.25
vt 0.25 0.25
vn 0.9262375686793961 0.14462023057518342 0.34809331403412813
vn -0.34979021956705475 -0.014357868752024484 0.9367180226194708
vn -0.9262375686793961 -0.14462023057518342 -0.34809331403412813
vn 0.34979021956705475 0.014357868752024484 -0.9367180226194708
vn -0.14046625453151698 0.9893830605550515 -0.03728794476243848
vn 0.14046625453151698 -0.9893830605550515 0.03728794476243848
g Cushion
f 52/148/37 55/147/37 53/146/37 50/145/37
f 51/152/38 52/151/38 50/150/38 49/149/38
f 56/156/39 51/155/39 49/154/39 54/153/39
f 55/160/40 56/159/40 54/158/40 53/157/40
f 54/164/41 49/163/41 50/162/41 53/161/41
f 55/168/42 52/167/42 51/166/42 56/165/42
o cube
v -0.1666146600011092 0.3354410505926763 0.62742215401794
v 0.2710849054234896 0.3686800271621507 0.05817650260840504
v -0.1614749055068156 0.021321377860802487 0.6130323240506467
v 0.2762246599177832 0.05456035443027689 0.0437866726411118
v -0.2990093196539838 0.37940414434467723 -0.3795493461016122
v -0.7367088850785827 0.34616516777520284 0.18969630530792272
v -0.2938695651596902 0.06528447161280344 -0.3939391760689054
v -0.731569130584289 0.03204549504332904 0.1753064753406295
vt 0.75 0.25
vt 0.75 0.75
vt 1 0.75
vt 1 0.25
vt 0.25 0.75
vt 0.75 0.75
vt 0.75 1
vt 0.25 1
vt 0.25 0.75
vt 0.25 0.25
vt 0 0.25
vt 0 0.75
vt 0.25 0.25
vt 0.75 0.25
vt 0.75 0
vt 0.25 0
vt 0.25 0.75
vt 0.75 0.75
vt 0.75 0.25
vt 0.25 0.25
vt 0.25 0.75
vt 0.75 0.75
vt 0.75 0.25
vt 0.25 0.25
vn 0.6088997711149453 0.04623994818366922 -0.7918983116083395
vn 0.7930787932742986 -0.014918709118469887 0.6089363347484046
vn -0.6088997711149453 -0.04623994818366922 0.7918983116083395
vn -0.7930787932742986 0.014918709118469887 -0.6089363347484046
vn -0.01634308400362745 0.9988189522181735 0.04575592087413725
vn 0.01634308400362745 -0.9988189522181735 -0.04575592087413725
g Cushion
f 60/172/43 63/171/43 61/170/43 58/169/43
f 59/176/44 60/175/44 58/174/44 57/173/44
f 64/180/45 59/179/45 57/178/45 62/177/45
f 63/184/46 64/183/46 62/182/46 61/181/46
f 62/188/47 57/187/47 58/186/47 61/185/47
f 63/192/48 60/191/48 59/190/48 64/189/48
o cube
v -0.2509575434352817 0.17752266227738855 0.6906767621911436
v -0.09900763593311745 0.3321444927543553 0.2354866628848035
v -0.2064329874168767 -0.031126889550277814 0.634664398341239
v -0.05448307991471246 0.12349494092668895 0.17947429903489887
v -0.5688466720406168 0.2788477567080392 0.06054253056575398
v -0.7207965795427811 0.12422592623107237 0.5157326298720941
v -0.5243221160222118 0.0701982048803728 0.004530166715849326
v -0.676272023524376 -0.08442362559659397 0.45972026602218946
vt 0.75 0.25
vt 0.75 0.75
vt 1 0.75
vt 1 0.25
vt 0.25 0.75
vt 0.75 0.75
vt 0.75 1
vt 0.25 1
vt 0.25 0.75
vt 0.25 0.25
vt 0 0.25
vt 0 0.75
vt 0.25 0.25
vt 0.75 0.25
vt 0.75 0
vt 0.25 0
vt 0.25 0.75
vt 0.75 0.75
vt 0.75 0.25
vt 0.25 0.25
vt 0.25 0.75
vt 0.75 0.75
vt 0.75 0.25
vt 0.25 0.25
vn 0.3013819126781353 0.3066814832399875 -0.9028374219914627
vn 0.9318925538070025 0.10571031278128089 0.3469893340302361
vn -0.3013819126781353 -0.3066814832399875 0.9028374219914627
vn -0.9318925538070025 -0.10571031278128089 -0.3469893340302361
vn -0.20185442989821112 0.9459237800210994 0.25393501436600513
vn 0.20185442989821112 -0.9459237800210994 -0.25393501436600513
g Cushion
f 68/196/49 71/195/49 69/194/49 66/193/49
f 67/200/50 68/199/50 66/198/50 65/197/50
f 72/204/51 67/203/51 65/202/51 70/201/51
f 71/208/52 72/207/52 70/206/52 69/205/52
f 70/212/53 65/211/53 66/210/53 69/209/53
f 71/216/54 68/215/54 67/214/54 72/213/54
o cube
v 0.5585985789441065 0.12781782134472777 -0.7584882091925562
v 0.06425978746658212 0.22668456755222421 -0.7514712945313176
v 0.5170791763370641 -0.08324577642719955 -0.7096747543537455
v 0.022740384859539803 0.015620969780296888 -0.7026578396925068
v 0.09285309918828805 0.33476014435451384 -0.25984460325009984
v 0.5871918906658125 0.23589339814701737 -0.2668615179113386
v 0.0513336965812457 0.12369654658258653 -0.21103114841128914
v 0.54567248805877 0.02482980037509011 -0.21804806307252786
vt 0.75 0.25
vt 0.75 0.75
vt 1 0.75
vt 1 0.25
vt 0.25 0.75
vt 0.75 0.75
vt 0.75 1
vt 0.25 1
vt 0.25 0.75
vt 0.25 0.25
vt 0 0.25
vt 0 0.75
vt 0.25 0.25
vt 0.75 0.25
vt 0.75 0
vt 0.25 0
vt 0.25 0.75
vt 0.75 0.75
vt 0.75 0.25
vt 0.25 0.25
vt 0.25 0.75
vt 0.75 0.75
vt 0.75 0.25
vt 0.25 0.25
vn -0.9804860887090188 0.19609521033670035 0.013917554781487828
vn -0.056712814888466564 -0.2143602756059778 -0.975106829465139
vn 0.9804860887090188 -0.19609521033670035 -0.013917554781487828
vn 0.056712814888466564 0.2143602756059778 0.975106829465139
vn 0.18823040794599838 0.9568679850037489 -0.22129837956783266
vn -0.18823040794599838 -0.9568679850037489 0.22129837956783266
g Cushion
f 76/220/55 79/219/55 77/218/55 74/217/55
f 75/224/56 76/223/56 74/222/56 73/221/56
f 80/228/57 75/227/57 73/226/57 78/225/57
f 79/232/58 80/231/58 78/230/58 77/229/58
f 78/236/59 73/235/59 74/234/59 77/233/59
f 79/240/60 76/239/60 75/238/60 80/237/60
o cube
v 0.24946397817339272 0.36785321534295856 -0.13319003447048233
v 0.21319673178469012 0.25890896918281536 -0.7421462661485803
v 0.2784900453547448 0.10221696001740344 -0.08739553462237809
v 0.2422227989660422 -0.0067272861427397634 -0.696351766300476
v -0.40186004812644993 0.19983853370247237 -0.6949478003990255
v -0.36559280173774733 0.3087827798626156 -0.08599156872092756
v -0.37283398094509784 -0.0657977216230827 -0.6491533005509212
v -0.33656673455639524 0.04314652453706049 -0.040197068872823316
vt 0.75 0.25
vt 0.75 0.75
vt 1 0.75
vt 1 0.25
vt 0.25 0.75
vt 0.75 0.75
vt 0.75 1
vt 0.25 1
vt 0.25 0.75
vt 0.25 0.25
vt 0 0.25
vt 0 0.75
vt 0.25 0.25
vt 0.75 0.25
vt 0.75 0
vt 0.25 0
vt 0.25 0.75
vt 0.75 0.75
vt 0.75 0.25
vt 0.25 0.25
vt 0.25 0.75
vt 0.75 0.75
vt 0.75 0.25
vt 0.25 0.25
vn -0.05852511387396206 -0.17580530774515843 -0.9826837257300388
vn 0.9925282911598426 0.09532303406824144 -0.07616502099617532
vn 0.05852511387396206 0.17580530774515843 0.9826837257300388
vn -0.9925282911598426 -0.09532303406824144 0.07616502099617532
vn -0.10706260922171998 0.9797989655764365 -0.1689129502494769
vn 0.10706260922171998 -0.9797989655764365 0.1689129502494769
g Cushion
f 84/244/61 87/243/61 85/242/61 82/241/61
f 83/248/62 84/247/62 82/246/62 81/245/62
f 88/252/63 83/251/63 81/250/63 86/249/63
f 87/256/64 88/255/64 86/254/64 85/253/64
f 86/260/65 81/259/65 82/258/65 85/257/65
f 87/264/66 84/263/66 83/262/66 88/261/66
o cube
v 0.447925432969251 0.24905161512184393 -0.8539183240183801
v -0.24536829254044903 0.13907935114851472 -1.008761025203795
v 0.47320540684557544 -0.048632726250842556 -0.7556859011517373
v -0.22008831866412462 -0.1586049902241718 -0.9105286023371522
v -0.42628625537110365 0.3431852944231158 -0.3436777180684216
v 0.2670074701385964 0.453157558396445 -0.1888350168830067
v -0.40100628149477924 0.04550095305042924 -0.24544529520177874
v 0.2922874440149208 0.1554732170237585 -0.09060259401636384
vt 0.75 0.25
vt 0.75 0.75
vt 1 0.75
vt 1 0.25
vt 0.25 0.75
vt 0.75 0.75
vt 0.75 1
vt 0.25 1
vt 0.25 0.75
vt 0.25 0.25
vt 0 0.25
vt 0 0.75
vt 0.25 0.25
vt 0.75 0.25
vt 0.75 0
vt 0.25 0
vt 0.25 0.75
vt 0.75 0.75
vt 0.75 0.25
vt 0.25 0.25
vt 0.25 0.75
vt 0.75 0.75
vt 0.75 0.25
vt 0.25 0.25
vn -0.9644660952970627 -0.15298641271757868 -0.21540730847917872
vn 0.25168155250806357 -0.2839391947363355 -0.9252215571524542
vn 0.9644660952970627 0.15298641271757868 0.21540730847917872
vn -0.25168155250806357 0.2839391947363355 0.9252215571524542
vn -0.0803837492878268 0.9465588683311188 -0.3123535843145454
vn 0.0803837492878268 -0.9465588683311188 0.3123535843145454
g Cushion
f 92/268/67 95/267/67 93/266/67 90/265/67
f 91/272/68 92/271/68 90/270/68 89/269/68
f 96/276/69 91/275/69 89/274/69 94/273/69
f 95/280/70 96/279/70 94/278/70 93/277/70
f 94/284/71 89/283/71 90/282/71 93/281/71
f 95/288/72 92/287/72 91/286/72 96/285/72
o cube
v 0.7022818535415573 0.15263291273317015 0.5041637229699576
v 0.3968730563198837 0.24585421355683534 -0.026917353405358502
v 0.7020943016160598 -0.11441583131881289 0.45739619085341787
v 0.3966855043943862 -0.02119453049514769 -0.07368488552189834
v -0.14232740439580016 0.19353798573544834 0.2739775277444295
v 0.16308139282587344 0.10031668491178314 0.8050586041197457
v -0.14251495632129763 -0.0735107583165347 0.22720999562788977
v 0.16289384090037598 -0.1667320591401999 0.7582910720032059
vt 0.75 0.25
vt 0.75 0.75
vt 1 0.75
vt 1 0.25
vt 0.25 0.75
vt 0.75 0.75
vt 0.75 1
vt 0.25 1
vt 0.25 0.75
vt 0.25 0.25
vt 0 0.25
vt 0 0.75
vt 0.25 0.25
vt 0.75 0.25
vt 0.75 0
vt 0.25 0
vt 0.25 0.75
vt 0.75 0.75
vt 0.75 0.25
vt 0.25 0.25
vt 0.25 0.75
vt 0.75 0.75
vt 0.75 0.25
vt 0.25 0.25
vn -0.49284372030726087 0.15043290542960522 -0.8570151739133363
vn 0.8701175718184195 0.08442364655665147 -0.4855595319988016
vn 0.49284372030726087 -0.15043290542960522 0.8570151739133363
vn -0.8701175718184195 -0.08442364655665147 0.4855595319988016
vn 0.0006917850214724213 0.9850089283179544 0.17250197844488335
vn -0.0006917850214724213 -0.9850089283179544 -0.17250197844488335
g Cushion
f 100/292/73 103/291/73 101/290/73 98/289/73
f 99/296/74 100/295/74 98/294/74 97/293/74
f 104/300/75 99/299/75 97/298/75 102/297/75
f 103/304/76 104/303/76 102/302/76 101/301/76
f 102/308/77 97/307/77 98/306/77 101/305/77
f 103/312/78 100/311/78 99/310/78 104/309/78
o cube
v 0.5579515064580802 0.2652086913880594 -0.23030580095900235
v -0.1441703573195558 0.23186916614659753 -0.07984080420883641
v 0.5708792024114244 -0.04887983594658629 -0.23957536157535078
v -0.13124266136621154 -0.08221936118804815 -0.08911036482518483
v 0.007084707545941316 0.21735939012638222 0.62275276431945
v 0.7092065713235773 0.2506989153678441 0.47228776756928414
v 0.02001240349928557 -0.09672913720826351 0.6134832037031016
v 0.7221342672769215 -0.06338961196680165 0.4630182069529357
vt 0.75 0.25
vt 0.75 0.75
vt 1 0.75
vt 1 0.25
vt 0.25 0.75
vt 0.75 0.75
vt 0.75 1
vt 0.25 1
vt 0.25 0.75
vt 0.25 0.25
vt 0 0.25
vt 0 0.75
vt 0.25 0.25
vt 0.75 0.25
vt 0.75 0
vt 0.25 0
vt 0.25 0.75
vt 0.75 0.75
vt 0.75 0.25
vt 0.25 0.25
vt 0.25 0.75
vt 0.75 0.75
vt 0.75 0.25
vt 0.25 0.25
vn -0.9767472392490852 -0.04637982509512947 0.20931732475701942
vn -0.2104164172227012 0.020185076695398815 -0.9774034448690895
vn 0.9767472392490852 0.04637982509512947 -0.20931732475701942
vn 0.2104164172227012 -0.020185076695398815 0.9774034448690895
vn -0.041106714566509224 0.9987199179464411 0.02947479456419449
vn 0.041106714566509224 -0.9987199179464411 -0.02947479456419449
g Cushion
f 108/316/79 111/315/79 109/314/79 106/313/79
f 107/320/80 108/319/80 106/318/80 105/317/80
f 112/324/81 107/323/81 105/322/81 110/321/81
f 111/328/82 112/327/82 110/326/82 109/325/82
f 110/332/83 105/331/83 106/330/83 109/329/83
f 111/336/84 108/335/84 107/334/84 112/333/84
o cube
v 0.675955012553402 0.11646459440115214 -0.23216347961658956
v 0.254580023835092 0.22287491403926168 0.02340387767623761
v 0.6233671463520807 -0.09773814912876568 -0.22968205598802255
v 0.20199215763377076 0.00867217050934388 0.025885301304804598
v 0.5039584291071384 0.166685460390065 0.45797017600027445
v 0.9253334178254483 0.06027514075195545 0.20240281870744728
v 0.4513705629058171 -0.047517283139852776 0.4604515996288414
v 0.872745551624127 -0.15392760277796236 0.20488424233601427
vt 0.75 0.25
vt 0.75 0.75
vt 1 0.75
vt 1 0.25
vt 0.25 0.75
vt 0.75 0.75
vt 0.75 1
vt 0.25 1
vt 0.25 0.75
vt 0.25 0.25
vt 0 0.25
vt 0 0.75
vt 0.25 0.25
vt 0.75 0.25
vt 0.75 0
vt 0.25 0
vt 0.25 0.75
vt 0.75 0.75
vt 0.75 0.25
vt 0.25 0.25
vt 0.25 0.75
vt 0.75 0.75
vt 0.75 0.25
vt 0.25 0.25
vn -0.8357675377514996 0.21105735560101233 0.5068998081352012
vn -0.494624458790421 0.11144781389809745 -0.8619315689447848
vn 0.8357675377514996 -0.21105735560101233 -0.5068998081352012
vn 0.494624458790421 -0.11144781389809745 0.8619315689447848
vn 0.23840987313255108 0.9710994683471118 -0.011249665278487874
vn -0.23840987313255108 -0.9710994683471118 0.011249665278487874
g Cushion
f 116/340/85 119/339/85 117/338/85 114/337/85
f 115/344/86 116/343/86 114/342/86 113/341/86
f 120/348/87 115/347/87 113/346/87 118/345/87
f 119/352/88 120/351/88 118/350/88 117/349/88
f 118/356/89 113/355/89 114/354/89 117/353/89
f 119/360/90 116/359/90 115/358/90 120/357/90
