# Made in Blockbench 4.12.3

o cube
v 0.18045778607934443 0.21004775301159545 0.3298921513651119
v 0.18045778607934443 0.21004775301159545 0.3298921513651119
v 0.1493365255701233 0.13487130313552748 0.5662815938712191
v 0.1493365255701233 0.13487130313552748 0.5662815938712191
v -0.06740342926410818 0.21004775301159542 0.297260603310099
v -0.06740342926410818 0.21004775301159542 0.297260603310099
v -0.09852468977332929 0.13487130313552748 0.5336500458162061
v -0.09852468977332929 0.13487130313552748 0.5336500458162061
vt 0 1
vt 1 1
vt 1 0
vt 0 0
vt 0 1
vt 0 1
vt 0 0.75
vt 0 0.75
vt 0 1
vt 0.25 1
vt 0.25 0.8125
vt 0 0.8125
vt 0 1
vt 0 1
vt 0 0.75
vt 0 0.75
vt 0 1
vt 0.25 1
vt 0.25 1
vt 0 1
vt 0 1
vt 0.25 1
vt 0.25 1
vt 0 1
vn 0.039249982987778965 -0.9537169507482273 -0.29813321970381385
vn 0.9914448613738104 0 0.13052619222005157
vn -0.039249982987778965 0.9537169507482273 0.29813321970381385
vn -0.9914448613738104 0 -0.13052619222005157
vn 0.12448504203688457 0.3007057995042721 -0.9455577700244294
vn -0.12448504203688457 -0.3007057995042721 0.9455577700244294
g Leaf
f 4/4/1 7/3/1 5/2/1 2/1/1
f 3/8/2 4/7/2 2/6/2 1/5/2
f 8/12/3 3/11/3 1/10/3 6/9/3
f 7/16/4 8/15/4 6/14/4 5/13/4
f 6/20/5 1/19/5 2/18/5 5/17/5
f 7/24/6 4/23/6 3/22/6 8/21/6
o cube
v 0.32595446408999207 0.15666963677832002 0.25752194062096945
v 0.32595446408999207 0.15666963677832002 0.25752194062096945
v 0.2317424317443226 0.08405476231429954 0.4774109420918776
v 0.2317424317443226 0.08405476231429954 0.4774109420918776
v 0.09795405113742978 0.22727105501791445 0.18314955706350233
v 0.09795405113742978 0.22727105501791445 0.18314955706350233
v 0.00374201879176031 0.15465618055389396 0.4030385585344105
v 0.00374201879176031 0.15465618055389396 0.4030385585344105
vt 0 1
vt 1 1
vt 1 0
vt 0 0
vt 0 1
vt 0 1
vt 0 0.75
vt 0 0.75
vt 0 1
vt 0.25 1
vt 0.25 0.8125
vt 0 0.8125
vt 0 1
vt 0 1
vt 0 0.75
vt 0 0.75
vt 0 1
vt 0.25 1
vt 0.25 1
vt 0 1
vt 0 1
vt 0.25 1
vt 0.25 1
vt 0 1
vn -0.1619829450163033 -0.914264904710948 -0.3713235914101428
vn 0.9120016518102486 -0.28240567295837804 0.2974895342298683
vn 0.1619829450163033 0.914264904710948 0.3713235914101428
vn -0.9120016518102486 0.28240567295837804 -0.2974895342298683
vn 0.37684812938267787 0.29045949785608155 -0.8795560058836329
vn -0.37684812938267787 -0.29045949785608155 0.8795560058836329
g Leaf
f 12/28/7 15/27/7 13/26/7 10/25/7
f 11/32/8 12/31/8 10/30/8 9/29/8
f 16/36/9 11/35/9 9/34/9 14/33/9
f 15/40/10 16/39/10 14/38/10 13/37/10
f 14/44/11 9/43/11 10/42/11 13/41/11
f 15/48/12 12/47/12 11/46/12 16/45/12
o cube
v 0.22586059859828553 0.18661091490460568 -0.01497644855492375
v 0.22586059859828553 0.18661091490460568 -0.01497644855492375
v 0.19335322343535563 0.16482197921769126 0.23194158003280002
v 0.19335322343535563 0.16482197921769126 0.23194158003280002
v -0.02200061674516708 0.18661091490460568 -0.04760799660993664
v -0.02200061674516708 0.18661091490460568 -0.04760799660993664
v -0.05450799190809694 0.16482197921769115 0.19931003197778713
v -0.05450799190809694 0.16482197921769115 0.19931003197778713
vt 0 1
vt 1 1
vt 1 0
vt 0 0
vt 0 1
vt 0 1
vt 0 0.75
vt 0 0.75
vt 0 1
vt 0.25 1
vt 0.25 0.8125
vt 0 0.8125
vt 0 1
vt 0 1
vt 0 0.75
vt 0 0.75
vt 0 1
vt 0.25 1
vt 0.25 1
vt 0 1
vt 0 1
vt 0.25 1
vt 0.25 1
vt 0 1
vn 0.011376107230962227 -0.9961946980917457 -0.08641011328638312
vn 0.9914448613738104 0 0.13052619222005157
vn -0.011376107230962227 0.9961946980917457 0.08641011328638312
vn -0.9914448613738104 0 -0.13052619222005157
vn 0.13002950065171945 0.08715574274765787 -0.9876721143508956
vn -0.13002950065171945 -0.08715574274765787 0.9876721143508956
g Leaf
f 20/52/13 23/51/13 21/50/13 18/49/13
f 19/56/14 20/55/14 18/54/14 17/53/14
f 24/60/15 19/59/15 17/58/15 22/57/15
f 23/64/16 24/63/16 22/62/16 21/61/16
f 22/68/17 17/67/17 18/66/17 21/65/17
f 23/72/18 20/71/18 19/70/18 24/69/18
o cube
v 0.25265841102695463 0.18875625050806688 0.140597281331431
v 0.25265841102695463 0.18875625050806688 0.140597281331431
v 0.2215371505177335 0.11357980063199902 0.3769867238375385
v 0.2215371505177335 0.11357980063199902 0.3769867238375385
v 0.004797195683502044 0.18875625050806688 0.10796573327641823
v 0.004797195683502044 0.18875625050806688 0.10796573327641823
v -0.026324064825719085 0.1135798006319988 0.3443551757825256
v -0.026324064825719085 0.1135798006319988 0.3443551757825256
vt 0 1
vt 1 1
vt 1 0
vt 0 0
vt 0 1
vt 0 1
vt 0 0.75
vt 0 0.75
vt 0 1
vt 0.25 1
vt 0.25 0.8125
vt 0 0.8125
vt 0 1
vt 0 1
vt 0 0.75
vt 0 0.75
vt 0 1
vt 0.25 1
vt 0.25 1
vt 0 1
vt 0 1
vt 0.25 1
vt 0.25 1
vt 0 1
vn 0.039249982987778965 -0.9537169507482273 -0.29813321970381385
vn 0.9914448613738104 0 0.13052619222005157
vn -0.039249982987778965 0.9537169507482273 0.29813321970381385
vn -0.9914448613738104 0 -0.13052619222005157
vn 0.12448504203688457 0.3007057995042721 -0.9455577700244294
vn -0.12448504203688457 -0.3007057995042721 0.9455577700244294
g Leaf
f 28/76/19 31/75/19 29/74/19 26/73/19
f 27/80/20 28/79/20 26/78/20 25/77/20
f 32/84/21 27/83/21 25/82/21 30/81/21
f 31/88/22 32/87/22 30/86/22 29/85/22
f 30/92/23 25/91/23 26/90/23 29/89/23
f 31/96/24 28/95/24 27/94/24 32/93/24
o cube
v 0.3067119891245502 0.13066901433343614 -0.5024057910595855
v 0.3067119891245502 0.13066901433343614 -0.5024057910595855
v 0.2960852473841087 0.16317638949636604 -0.25475615362799453
v 0.2960852473841087 0.16317638949636604 -0.25475615362799453
v 0.056974264772682734 0.1335130411411768 -0.5134954505253869
v 0.056974264772682734 0.1335130411411768 -0.5134954505253869
v 0.046347523032241156 0.16602041630410658 -0.26584581309379596
v 0.046347523032241156 0.16602041630410658 -0.26584581309379596
vt 0 1
vt 1 1
vt 1 0
vt 0 0
vt 0 1
vt 0 1
vt 0 0.75
vt 0 0.75
vt 0 1
vt 0.25 1
vt 0.25 0.8125
vt 0 0.8125
vt 0 1
vt 0 1
vt 0 0.75
vt 0 0.75
vt 0 1
vt 0.25 1
vt 0.25 1
vt 0 1
vt 0 1
vt 0.25 1
vt 0.25 1
vt 0 1
vn -0.017037086855465896 -0.9914448613738104 0.1294095225512604
vn 0.9989508974074706 -0.011376107230962216 0.0443586378632058
vn 0.017037086855465896 0.9914448613738104 -0.1294095225512604
vn -0.9989508974074706 0.011376107230962216 -0.0443586378632058
vn 0.04250696696176639 -0.13002950065171945 -0.9905985497263641
vn -0.04250696696176639 0.13002950065171945 0.9905985497263641
g Leaf
f 36/100/25 39/99/25 37/98/25 34/97/25
f 35/104/26 36/103/26 34/102/26 33/101/26
f 40/108/27 35/107/27 33/106/27 38/105/27
f 39/112/28 40/111/28 38/110/28 37/109/28
f 38/116/29 33/115/29 34/114/29 37/113/29
f 39/120/30 36/119/30 35/118/30 40/117/30
o cube
v 0.48823278010258936 0.12735092284990757 -0.4997971971282078
v 0.48823278010258936 0.12735092284990757 -0.4997971971282078
v 0.44509963739753183 0.1599514129017311 -0.25571372769865786
v 0.44509963739753183 0.1599514129017311 -0.25571372769865786
v 0.24201866473782685 0.1259275547149653 -0.543116747198584
v 0.24201866473782685 0.1259275547149653 -0.543116747198584
v 0.19888552203276932 0.15852804476678894 -0.2990332777690341
v 0.19888552203276932 0.15852804476678894 -0.2990332777690341
vt 0 1
vt 1 1
vt 1 0
vt 0 0
vt 0 1
vt 0 1
vt 0 0.75
vt 0 0.75
vt 0 1
vt 0.25 1
vt 0.25 0.8125
vt 0 0.8125
vt 0 1
vt 0 1
vt 0 0.75
vt 0 0.75
vt 0 1
vt 0.25 1
vt 0.25 1
vt 0 1
vt 0 1
vt 0.25 1
vt 0.25 1
vt 0 1
vn -0.017037086855465802 -0.9914448613738105 0.12940952255126048
vn 0.9848564614590503 0.005693472539768829 0.17327820028150484
vn 0.017037086855465802 0.9914448613738105 -0.12940952255126048
vn -0.9848564614590503 -0.005693472539768829 -0.17327820028150484
vn 0.1725325708202301 -0.1304019602072944 -0.9763338777182002
vn -0.1725325708202301 0.1304019602072944 0.9763338777182002
g Leaf
f 44/124/31 47/123/31 45/122/31 42/121/31
f 43/128/32 44/127/32 42/126/32 41/125/32
f 48/132/33 43/131/33 41/130/33 46/129/33
f 47/136/34 48/135/34 46/134/34 45/133/34
f 46/140/35 41/139/35 42/138/35 45/137/35
f 47/144/36 44/143/36 43/142/36 48/141/36
o cube
v 0.11333225519087112 0.21879001938216103 -0.45213394138773844
v 0.11333225519087112 0.21879001938216103 -0.45213394138773844
v 0.11482962201734354 0.14425671445620625 -0.2135075716181728
v 0.11482962201734354 0.14425671445620625 -0.2135075716181728
v -0.1309716238541364 0.16772379486729727 -0.46655113242343693
v -0.1309716238541364 0.16772379486729727 -0.46655113242343693
v -0.12947425702766402 0.09319048994134249 -0.2279247626538713
v -0.12947425702766402 0.09319048994134249 -0.2279247626538713
vt 0 1
vt 1 1
vt 1 0
vt 0 0
vt 0 1
vt 0 1
vt 0 0.75
vt 0 0.75
vt 0 1
vt 0.25 1
vt 0.25 0.8125
vt 0 0.8125
vt 0 1
vt 0 1
vt 0 0.75
vt 0 0.75
vt 0 1
vt 0.25 1
vt 0.25 1
vt 0 1
vt 0 1
vt 0.25 1
vt 0.25 1
vt 0 1
vn 0.2121649387113441 -0.9324121592567285 -0.2925638461119499
vn 0.9772155161800303 0.204264898059455 0.057668764142794385
vn -0.2121649387113441 0.9324121592567285 0.2925638461119499
vn -0.9772155161800303 -0.204264898059455 -0.057668764142794385
vn -0.005989467305889546 0.2981332197038192 -0.954505479078264
vn 0.005989467305889546 -0.2981332197038192 0.954505479078264
g Leaf
f 52/148/37 55/147/37 53/146/37 50/145/37
f 51/152/38 52/151/38 50/150/38 49/149/38
f 56/156/39 51/155/39 49/154/39 54/153/39
f 55/160/40 56/159/40 54/158/40 53/157/40
f 54/164/41 49/163/41 50/162/41 53/161/41
f 55/168/42 52/167/42 51/166/42 56/165/42
o cube
v 0.22518079221906773 0.21371739085844732 -0.24922835568976043
v 0.22518079221906773 0.21371739085844732 -0.24922835568976043
v 0.19304499070170056 0.17030534644171502 -0.005132709148499615
v 0.19304499070170056 0.17030534644171502 -0.005132709148499615
v -0.022680423124384872 0.21371739085844732 -0.2818599037447733
v -0.022680423124384872 0.21371739085844732 -0.2818599037447733
v -0.05481622464175202 0.17030534644171502 -0.03776425720351251
v -0.05481622464175202 0.17030534644171502 -0.03776425720351251
vt 0 1
vt 1 1
vt 1 0
vt 0 0
vt 0 1
vt 0 1
vt 0 0.75
vt 0 0.75
vt 0 1
vt 0.25 1
vt 0.25 0.8125
vt 0 0.8125
vt 0 1
vt 0 1
vt 0 0.75
vt 0 0.75
vt 0 1
vt 0.25 1
vt 0.25 1
vt 0 1
vt 0 1
vt 0.25 1
vt 0.25 1
vt 0 1
vn 0.022665635416815322 -0.9848077530122085 -0.1721625934348033
vn 0.9914448613738104 0 0.1305261922200516
vn -0.022665635416815322 0.9848077530122085 0.1721625934348033
vn -0.9914448613738104 0 -0.1305261922200516
vn 0.1285432060694686 0.17364817766692908 -0.9763825861650427
vn -0.1285432060694686 -0.17364817766692908 0.9763825861650427
g Leaf
f 60/172/43 63/171/43 61/170/43 58/169/43
f 59/176/44 60/175/44 58/174/44 57/173/44
f 64/180/45 59/179/45 57/178/45 62/177/45
f 63/184/46 64/183/46 62/182/46 61/181/46
f 62/188/47 57/187/47 58/186/47 61/185/47
f 63/192/48 60/191/48 59/190/48 64/189/48
o cube
v -0.0022095201977267026 0.23928797470260088 -0.05460580250262115
v -0.0022095201977267026 0.23928797470260088 -0.05460580250262115
v 0.010182669527980859 0.1652536240207152 0.18385876206183072
v 0.010182669527980859 0.1652536240207152 0.18385876206183072
v -0.25170931691311127 0.22623372117815244 -0.04569300810910104
v -0.25170931691311127 0.22623372117815244 -0.04569300810910104
v -0.23931712718740375 0.15219937049626675 0.19277155645535082
v -0.23931712718740375 0.15219937049626675 0.19277155645535082
vt 0 1
vt 1 1
vt 1 0
vt 0 0
vt 0 1
vt 0 1
vt 0 0.75
vt 0 0.75
vt 0 1
vt 0.25 1
vt 0.25 0.8125
vt 0 0.8125
vt 0 1
vt 0 1
vt 0 0.75
vt 0 0.75
vt 0 1
vt 0.25 1
vt 0.25 1
vt 0 1
vt 0 1
vt 0.25 1
vt 0.25 1
vt 0 1
vn 0.03924998298777898 -0.9537169507482269 -0.2981332197038149
vn 0.9979991868615387 0.05221701409779439 -0.03565117757408017
vn -0.03924998298777898 0.9537169507482269 0.2981332197038149
vn -0.9979991868615387 -0.05221701409779439 0.03565117757408017
vn -0.04956875890283023 0.29613740272754274 -0.9538582582578077
vn 0.04956875890283023 -0.29613740272754274 0.9538582582578077
g Leaf
f 68/196/49 71/195/49 69/194/49 66/193/49
f 67/200/50 68/199/50 66/198/50 65/197/50
f 72/204/51 67/203/51 65/202/51 70/201/51
f 71/208/52 72/207/52 70/206/52 69/205/52
f 70/212/53 65/211/53 66/210/53 69/209/53
f 71/216/54 68/215/54 67/214/54 72/213/54
o cube
v 0.03660507536370805 0.24233510534959324 -0.2656489321045007
v 0.03660507536370805 0.24233510534959324 -0.2656489321045007
v 0.09213418491027964 0.1716923501441694 -0.032354870607103514
v 0.09213418491027964 0.1716923501441694 -0.032354870607103514
v -0.18890799477212666 0.1366262580425568 -0.24398110344245671
v -0.18890799477212666 0.1366262580425568 -0.24398110344245671
v -0.1333788852255551 0.06598350283713295 -0.01068704194505965
v -0.1333788852255551 0.06598350283713295 -0.01068704194505965
vt 0 1
vt 1 1
vt 1 0
vt 0 0
vt 0 1
vt 0 1
vt 0 0.75
vt 0 0.75
vt 0 1
vt 0.25 1
vt 0.25 0.8125
vt 0 0.8125
vt 0 1
vt 0 1
vt 0 0.75
vt 0 0.75
vt 0 1
vt 0.25 1
vt 0.25 1
vt 0 1
vt 0 1
vt 0.25 1
vt 0.25 1
vt 0 1
vn 0.3700891393353745 -0.8610248845463571 -0.34881252434213794
vn 0.9020522805433393 0.4228353892281459 -0.08667131464817575
vn -0.3700891393353745 0.8610248845463571 0.34881252434213794
vn -0.9020522805433393 -0.4228353892281459 0.08667131464817575
vn -0.22211643818628632 0.28257102082169566 -0.9331762459895894
vn 0.22211643818628632 -0.28257102082169566 0.9331762459895894
g Leaf
f 76/220/55 79/219/55 77/218/55 74/217/55
f 75/224/56 76/223/56 74/222/56 73/221/56
f 80/228/57 75/227/57 73/226/57 78/225/57
f 79/232/58 80/231/58 78/230/58 77/229/58
f 78/236/59 73/235/59 74/234/59 77/233/59
f 79/240/60 76/239/60 75/238/60 80/237/60
o cube
v -0.10002702888208811 0.20674739182108026 0.04314443364979126
v -0.10002702888208811 0.20674739182108026 0.04314443364979126
v 0.02278075882601463 0.18388318266858872 0.25969806492406156
v 0.02278075882601463 0.18388318266858872 0.25969806492406156
v -0.25619696790703883 0.02423925708155039 0.11243895651300917
v -0.25619696790703883 0.02423925708155039 0.11243895651300917
v -0.1333891801989361 0.001375047929058959 0.3289925877872796
v -0.1333891801989361 0.001375047929058959 0.3289925877872796
vt 0 1
vt 1 1
vt 1 0
vt 0 0
vt 0 1
vt 0 1
vt 0 0.75
vt 0 0.75
vt 0 1
vt 0.25 1
vt 0.25 0.8125
vt 0 0.8125
vt 0 1
vt 0 1
vt 0 0.75
vt 0 0.75
vt 0 1
vt 0.25 1
vt 0.25 1
vt 0 1
vt 0 1
vt 0.25 1
vt 0.25 1
vt 0 1
vn 0.6070149576171554 -0.6772651911176762 -0.41574595864467595
vn 0.6246797560998019 0.7300325389581179 -0.27717809145287153
vn -0.6070149576171554 0.6772651911176762 0.41574595864467595
vn -0.6246797560998019 -0.7300325389581179 0.27717809145287153
vn -0.49123115083241103 0.09145683660996574 -0.8662145250970819
vn 0.49123115083241103 -0.09145683660996574 0.8662145250970819
g Leaf
f 84/244/61 87/243/61 85/242/61 82/241/61
f 83/248/62 84/247/62 82/246/62 81/245/62
f 88/252/63 83/251/63 81/250/63 86/249/63
f 87/256/64 88/255/64 86/254/64 85/253/64
f 86/260/65 81/259/65 82/258/65 85/257/65
f 87/264/66 84/263/66 83/262/66 88/261/66
o cube
v 0.5041749023684359 0.24491448452601539 0.25610926061877504
v 0.5041749023684359 0.24491448452601539 0.25610926061877504
v 0.4201443542375781 0.17152001668255812 0.47983256979956485
v 0.4201443542375781 0.17152001668255812 0.47983256979956485
v 0.26892486111861225 0.26118564631442864 0.17308717087145842
v 0.26892486111861225 0.26118564631442864 0.17308717087145842
v 0.18489431298775452 0.18779117847097138 0.39681048005224834
v 0.18489431298775452 0.18779117847097138 0.39681048005224834
vt 0 1
vt 1 1
vt 1 0
vt 0 0
vt 0 1
vt 0 1
vt 0 0.75
vt 0 0.75
vt 0 1
vt 0.25 1
vt 0.25 0.8125
vt 0 0.8125
vt 0 1
vt 0 1
vt 0 0.75
vt 0 0.75
vt 0 1
vt 0.25 1
vt 0.25 1
vt 0 1
vt 0 1
vt 0.25 1
vt 0.25 1
vt 0 1
vn 0.039249982987779417 -0.9537169507482269 -0.29813321970381523
vn 0.9410001649992953 -0.06508464715365321 0.3320883589892663
vn -0.039249982987779417 0.9537169507482269 0.29813321970381523
vn -0.9410001649992953 0.06508464715365321 -0.3320883589892663
vn 0.3361221925234309 0.29357787137382957 -0.8948932367231595
vn -0.3361221925234309 -0.29357787137382957 0.8948932367231595
g Leaf
f 92/268/67 95/267/67 93/266/67 90/265/67
f 91/272/68 92/271/68 90/270/68 89/269/68
f 96/276/69 91/275/69 89/274/69 94/273/69
f 95/280/70 96/279/70 94/278/70 93/277/70
f 94/284/71 89/283/71 90/282/71 93/281/71
f 95/288/72 92/287/72 91/286/72 96/285/72
o cube
v 0.4364601004789853 0.1635024801313607 -0.3448441437987527
v 0.4364601004789853 0.1635024801313607 -0.3448441437987527
v 0.5025735635923263 0.09570288259348214 -0.11347382468054212
v 0.5025735635923263 0.09570288259348214 -0.11347382468054212
v 0.19554751159832423 0.13547799888388956 -0.28421615546310186
v 0.19554751159832423 0.13547799888388956 -0.28421615546310186
v 0.26166097471166516 0.06767840134601089 -0.05284583634489137
v 0.26166097471166516 0.06767840134601089 -0.05284583634489137
vt 0 1
vt 1 1
vt 1 0
vt 0 0
vt 0 1
vt 0 1
vt 0 0.75
vt 0 0.75
vt 0 1
vt 0.25 1
vt 0.25 0.8125
vt 0 0.8125
vt 0 1
vt 0 1
vt 0 0.75
vt 0 0.75
vt 0 1
vt 0.25 1
vt 0.25 1
vt 0 1
vt 0 1
vt 0.25 1
vt 0.25 1
vt 0 1
vn 0.037975679370582396 -0.9559735814300461 -0.2909851532022788
vn 0.9636503555226436 0.11209792498988493 -0.2425119533426032
vn -0.037975679370582396 0.9559735814300461 0.2909851532022788
vn -0.9636503555226436 -0.11209792498988493 0.2425119533426032
vn -0.2644538524533636 0.2711983901515144 -0.9254812764728422
vn 0.2644538524533636 -0.2711983901515144 0.9254812764728422
g Leaf
f 100/292/73 103/291/73 101/290/73 98/289/73
f 99/296/74 100/295/74 98/294/74 97/293/74
f 104/300/75 99/299/75 97/298/75 102/297/75
f 103/304/76 104/303/76 102/302/76 101/301/76
f 102/308/77 97/307/77 98/306/77 101/305/77
f 103/312/78 100/311/78 99/310/78 104/309/78
o cube
v 0.4391742281586171 0.1921229026535034 -0.19876103217431929
v 0.4391742281586171 0.1921229026535034 -0.19876103217431929
v 0.40805296764939597 0.11694645277743532 0.03762841033178821
v 0.40805296764939597 0.11694645277743532 0.03762841033178821
v 0.1913130128151646 0.1921229026535034 -0.2313925802293323
v 0.1913130128151646 0.1921229026535034 -0.2313925802293323
v 0.16019175230594346 0.11694645277743532 0.004996862276775316
v 0.16019175230594346 0.11694645277743532 0.004996862276775316
vt 0 1
vt 1 1
vt 1 0
vt 0 0
vt 0 1
vt 0 1
vt 0 0.75
vt 0 0.75
vt 0 1
vt 0.25 1
vt 0.25 0.8125
vt 0 0.8125
vt 0 1
vt 0 1
vt 0 0.75
vt 0 0.75
vt 0 1
vt 0.25 1
vt 0.25 1
vt 0 1
vt 0 1
vt 0.25 1
vt 0.25 1
vt 0 1
vn 0.039249982987778965 -0.9537169507482273 -0.29813321970381385
vn 0.9914448613738104 0 0.13052619222005157
vn -0.039249982987778965 0.9537169507482273 0.29813321970381385
vn -0.9914448613738104 0 -0.13052619222005157
vn 0.12448504203688457 0.3007057995042721 -0.9455577700244294
vn -0.12448504203688457 -0.3007057995042721 0.9455577700244294
g Leaf
f 108/316/79 111/315/79 109/314/79 106/313/79
f 107/320/80 108/319/80 106/318/80 105/317/80
f 112/324/81 107/323/81 105/322/81 110/321/81
f 111/328/82 112/327/82 110/326/82 109/325/82
f 110/332/83 105/331/83 106/330/83 109/329/83
f 111/336/84 108/335/84 107/334/84 112/333/84
o cube
v 0.46006460837541074 0.16915589503537132 0.001684100231033936
v 0.46006460837541074 0.16915589503537132 0.001684100231033936
v 0.4289433478661896 0.09397944515930345 0.23807354273714126
v 0.4289433478661896 0.09397944515930345 0.23807354273714126
v 0.21220339303195826 0.16915589503537132 -0.030947447823978846
v 0.21220339303195826 0.16915589503537132 -0.030947447823978846
v 0.1810821325227371 0.09397944515930323 0.20544199468212837
v 0.1810821325227371 0.09397944515930323 0.20544199468212837
vt 0 1
vt 1 1
vt 1 0
vt 0 0
vt 0 1
vt 0 1
vt 0 0.75
vt 0 0.75
vt 0 1
vt 0.25 1
vt 0.25 0.8125
vt 0 0.8125
vt 0 1
vt 0 1
vt 0 0.75
vt 0 0.75
vt 0 1
vt 0.25 1
vt 0.25 1
vt 0 1
vt 0 1
vt 0.25 1
vt 0.25 1
vt 0 1
vn 0.039249982987778965 -0.9537169507482273 -0.29813321970381385
vn 0.9914448613738104 0 0.13052619222005157
vn -0.039249982987778965 0.9537169507482273 0.29813321970381385
vn -0.9914448613738104 0 -0.13052619222005157
vn 0.12448504203688457 0.3007057995042721 -0.9455577700244294
vn -0.12448504203688457 -0.3007057995042721 0.9455577700244294
g Leaf
f 116/340/85 119/339/85 117/338/85 114/337/85
f 115/344/86 116/343/86 114/342/86 113/341/86
f 120/348/87 115/347/87 113/346/87 118/345/87
f 119/352/88 120/351/88 118/350/88 117/349/88
f 118/356/89 113/355/89 114/354/89 117/353/89
f 119/360/90 116/359/90 115/358/90 120/357/90
o cube
v 0.13023261341583975 0.03983303254633433 0.47197466395062176
v 0.13023261341583975 0.03983303254633433 0.47197466395062176
v 0.14616163845196545 0.06688798428859699 0.35098170652076827
v 0.14616163845196545 0.06688798428859699 0.35098170652076827
v 0.006302005744113423 0.03983303254633433 0.45565888992311526
v 0.006302005744113423 0.03983303254633433 0.45565888992311526
v 0.02223103078023911 0.06688798428859699 0.33466593249326176
v 0.02223103078023911 0.06688798428859699 0.33466593249326176
vt 0 1
vt 0.03125 1
vt 0.03125 0.21875
vt 0 0.21875
vt 0 1
vt 0 1
vt 0 0.125
vt 0 0.125
vt 0.375 0.9375
vt 0.53125 0.9375
vt 0.53125 0.78125
vt 0.375 0.78125
vt 0 1
vt 0 1
vt 0 0.125
vt 0 0.125
vt 0 1
vt 0.4375 1
vt 0.4375 1
vt 0 1
vt 0 1
vt 0.4375 1
vt 0.4375 1
vt 0 1
vn -0.02825103865291842 0.9762960071199337 0.2145879430366618
vn 0.9914448613738104 0 0.13052619222005157
vn 0.02825103865291842 -0.9762960071199337 -0.2145879430366618
vn -0.9914448613738104 0 -0.13052619222005157
vn -0.12743220028900532 -0.2164396139381013 0.9679436594388274
vn 0.12743220028900532 0.2164396139381013 -0.9679436594388274
g Stem
f 124/364/91 127/363/91 125/362/91 122/361/91
f 123/368/92 124/367/92 122/366/92 121/365/92
f 128/372/93 123/371/93 121/370/93 126/369/93
f 127/376/94 128/375/94 126/374/94 125/373/94
f 126/380/95 121/379/95 122/378/95 125/377/95
f 127/384/96 124/383/96 123/382/96 128/381/96
o cube
v 0.19394871356034238 0.09394293603085932 -0.01199716576879166
v 0.19394871356034238 0.09394293603085932 -0.01199716576879166
v 0.22461233847245876 0.008437900199441732 -0.24491052080606102
v 0.22461233847245876 0.008437900199441732 -0.24491052080606102
v 0.07001810588861604 0.09394293603085932 -0.028312939796298106
v 0.07001810588861604 0.09394293603085932 -0.028312939796298106
v 0.10068173080073244 0.008437900199441732 -0.2612262948335675
v 0.10068173080073244 0.008437900199441732 -0.2612262948335675
vt 0 1
vt 0.03125 1
vt 0.03125 0.21875
vt 0 0.21875
vt 0 1
vt 0 1
vt 0 0.125
vt 0 0.125
vt 0.375 0.3125
vt 0.53125 0.3125
vt 0.53125 0
vt 0.375 0
vt 0 1
vt 0 1
vt 0 0.125
vt 0 0.125
vt 0 1
vt 0.4375 1
vt 0.4375 1
vt 0 1
vt 0 1
vt 0.4375 1
vt 0.4375 1
vt 0 1
vn 0.044642586970855956 0.939692620785908 -0.3390941135865699
vn 0.9914448613738104 0 0.1305261922200516
vn -0.044642586970855956 -0.939692620785908 0.3390941135865699
vn -0.9914448613738104 0 -0.1305261922200516
vn -0.12265449964846546 0.34202014332567027 0.931653420149077
vn 0.12265449964846546 -0.34202014332567027 -0.931653420149077
g Stem
f 132/388/97 135/387/97 133/386/97 130/385/97
f 131/392/98 132/391/98 130/390/98 129/389/98
f 136/396/99 131/395/99 129/394/99 134/393/99
f 135/400/100 136/399/100 134/398/100 133/397/100
f 134/404/101 129/403/101 130/402/101 133/401/101
f 135/408/102 132/407/102 131/406/102 136/405/102
o cube
v 0.1620906634880911 0.03983303254633391 0.229988749090915
v 0.1620906634880911 0.03983303254633391 0.229988749090915
v 0.1939487135603424 0.09394293603085922 -0.011997165768791868
v 0.1939487135603424 0.09394293603085922 -0.011997165768791868
v 0.03816005581636474 0.03983303254633391 0.21367297506340854
v 0.03816005581636474 0.03983303254633391 0.21367297506340854
v 0.07001810588861607 0.09394293603085921 -0.028312939796298314
v 0.07001810588861607 0.09394293603085921 -0.028312939796298314
vt 0 1
vt 0.03125 1
vt 0.03125 0.21875
vt 0 0.21875
vt 0 1
vt 0 1
vt 0 0.125
vt 0 0.125
vt 0.375 0.625
vt 0.53125 0.625
vt 0.53125 0.3125
vt 0.375 0.3125
vt 0 1
vt 0 1
vt 0 0.125
vt 0 0.125
vt 0 1
vt 0.4375 1
vt 0.4375 1
vt 0 1
vt 0 1
vt 0.4375 1
vt 0.4375 1
vt 0 1
vn -0.02825103865291842 0.9762960071199337 0.2145879430366618
vn 0.9914448613738104 0 0.13052619222005157
vn 0.02825103865291842 -0.9762960071199337 -0.2145879430366618
vn -0.9914448613738104 0 -0.13052619222005157
vn -0.12743220028900532 -0.2164396139381013 0.9679436594388274
vn 0.12743220028900532 0.2164396139381013 -0.9679436594388274
g Stem
f 140/412/103 143/411/103 141/410/103 138/409/103
f 139/416/104 140/415/104 138/414/104 137/413/104
f 144/420/105 139/419/105 137/418/105 142/417/105
f 143/424/106 144/423/106 142/422/106 141/421/106
f 142/428/107 137/427/107 138/426/107 141/425/107
f 143/432/108 140/431/108 139/430/108 144/429/108
o cube
v 0.14616163845196542 0.06688798428859699 0.3509817065207682
v 0.14616163845196542 0.06688798428859699 0.3509817065207682
v 0.16209066348809106 0.03983303254633397 0.22998874909091505
v 0.16209066348809106 0.03983303254633397 0.22998874909091505
v 0.02223103078023908 0.06688798428859696 0.33466593249326176
v 0.02223103078023908 0.06688798428859696 0.33466593249326176
v 0.03816005581636471 0.03983303254633394 0.2136729750634086
v 0.03816005581636471 0.03983303254633394 0.2136729750634086
vt 0 1
vt 0.03125 1
vt 0.03125 0.21875
vt 0 0.21875
vt 0 1
vt 0 1
vt 0 0.125
vt 0 0.125
vt 0.375 0.78125
vt 0.53125 0.78125
vt 0.53125 0.625
vt 0.375 0.625
vt 0 1
vt 0 1
vt 0 0.125
vt 0 0.125
vt 0 1
vt 0.4375 1
vt 0.4375 1
vt 0 1
vt 0 1
vt 0.4375 1
vt 0.4375 1
vt 0 1
vn 0.028251038652918715 0.9762960071199331 -0.214587943036665
vn 0.9914448613738105 0 0.1305261922200516
vn -0.028251038652918715 -0.9762960071199331 0.214587943036665
vn -0.9914448613738105 0 -0.1305261922200516
vn -0.12743220028900523 0.21643961393810449 0.9679436594388265
vn 0.12743220028900523 -0.21643961393810449 -0.9679436594388265
g Stem
f 148/436/109 151/435/109 149/434/109 146/433/109
f 147/440/110 148/439/110 146/438/110 145/437/110
f 152/444/111 147/443/111 145/442/111 150/441/111
f 151/448/112 152/447/112 150/446/112 149/445/112
f 150/452/113 145/451/113 146/450/113 149/449/113
f 151/456/114 148/455/114 147/454/114 152/453/114
o cube
v 0.12210576962510729 0.04528026646806311 0.5337041710975527
v 0.12210576962510729 0.04528026646806311 0.5337041710975527
v 0.13023261341583975 0.03983303254633438 0.4719746639506218
v 0.13023261341583975 0.03983303254633438 0.4719746639506218
v -0.001824838046619065 0.045280266468063095 0.5173883970700462
v -0.001824838046619065 0.045280266468063095 0.5173883970700462
v 0.006302005744113409 0.039833032546334364 0.4556588899231153
v 0.006302005744113409 0.039833032546334364 0.4556588899231153
vt 0 1
vt 0.03125 1
vt 0.03125 0.21875
vt 0 0.21875
vt 0 1
vt 0 1
vt 0 0.125
vt 0 0.125
vt 0.375 1
vt 0.53125 1
vt 0.53125 0.9375
vt 0.375 0.9375
vt 0 1
vt 0 1
vt 0 0.125
vt 0 0.125
vt 0 1
vt 0.4375 1
vt 0.4375 1
vt 0 1
vt 0 1
vt 0.4375 1
vt 0.4375 1
vt 0 1
vn 0.011376107230962345 0.9961946980917455 -0.0864101132863851
vn 0.9914448613738104 0 0.13052619222005157
vn -0.011376107230962345 -0.9961946980917455 0.0864101132863851
vn -0.9914448613738104 0 -0.13052619222005157
vn -0.13002950065171945 0.08715574274765986 0.9876721143508956
vn 0.13002950065171945 -0.08715574274765986 -0.9876721143508956
g Stem
f 156/460/115 159/459/115 157/458/115 154/457/115
f 155/464/116 156/463/116 154/462/116 153/461/116
f 160/468/117 155/467/117 153/466/117 158/465/117
f 159/472/118 160/471/118 158/470/118 157/469/118
f 158/476/119 153/475/119 154/474/119 157/473/119
f 159/480/120 156/479/120 155/478/120 160/477/120
o cube
v -0.05302827430256582 0.103529748918406 0.3254053094765206
v -0.05302827430256582 0.103529748918406 0.3254053094765206
v -0.01156296002517379 0.1307095409770863 0.21065825454470993
v -0.01156296002517379 0.1307095409770863 0.21065825454470993
v -0.17049321299191436 0.1023496284982097 0.282678321582434
v -0.17049321299191436 0.1023496284982097 0.282678321582434
v -0.12902789871452228 0.12952942055689 0.16793126665062336
v -0.12902789871452228 0.12952942055689 0.16793126665062336
vt 0 1
vt 0.03125 1
vt 0.03125 0.21875
vt 0 0.21875
vt 0 1
vt 0 1
vt 0 0.125
vt 0 0.125
vt 0.375 0.9375
vt 0.53125 0.9375
vt 0.53125 0.78125
vt 0.375 0.78125
vt 0 1
vt 0 1
vt 0 0.125
vt 0 0.125
vt 0 1
vt 0.4375 1
vt 0.4375 1
vt 0 1
vt 0 1
vt 0.4375 1
vt 0.4375 1
vt 0 1
vn -0.08299046329199622 0.9760284002241978 0.20119926679382555
vn 0.9397195095147884 0.009440963361570317 0.3418159031526927
vn 0.08299046329199622 -0.9760284002241978 -0.20119926679382555
vn -0.9397195095147884 -0.009440963361570317 -0.3418159031526927
vn -0.33172251421913657 -0.2174383364694429 0.9179764394544861
vn 0.33172251421913657 0.2174383364694429 -0.9179764394544861
g Stem
f 164/484/121 167/483/121 165/482/121 162/481/121
f 163/488/122 164/487/122 162/486/122 161/485/122
f 168/492/123 163/491/123 161/490/123 166/489/123
f 167/496/124 168/495/124 166/494/124 165/493/124
f 166/500/125 161/499/125 162/498/125 165/497/125
f 167/504/126 164/503/126 163/502/126 168/501/126
o cube
v 0.07292321752017064 0.09426007072167687 -0.020604218855037854
v 0.07292321752017064 0.09426007072167687 -0.020604218855037854
v 0.15401388609498923 0.009001559670245313 -0.24118365979045658
v 0.15401388609498923 0.009001559670245313 -0.24118365979045658
v -0.044541721169177914 0.09307995030148059 -0.06333120674912443
v -0.044541721169177914 0.09307995030148059 -0.06333120674912443
v 0.03654894740564069 0.007821439250049026 -0.28391064768454316
v 0.03654894740564069 0.007821439250049026 -0.28391064768454316
vt 0 1
vt 0.03125 1
vt 0.03125 0.21875
vt 0 0.21875
vt 0 1
vt 0 1
vt 0 0.125
vt 0 0.125
vt 0.375 0.3125
vt 0.53125 0.3125
vt 0.53125 0
vt 0.375 0
vt 0 1
vt 0 1
vt 0 0.125
vt 0 0.125
vt 0 1
vt 0.4375 1
vt 0.4375 1
vt 0 1
vt 0 1
vt 0.4375 1
vt 0.4375 1
vt 0 1
vn 0.10824093014524781 0.9400035366441406 -0.3235386408727701
vn 0.9397195095147884 0.00944096336157033 0.3418159031526928
vn -0.10824093014524781 -0.9400035366441406 0.3235386408727701
vn -0.9397195095147884 -0.00944096336157033 -0.3418159031526928
vn -0.32436267429927423 0.3410340442057263 0.8823177637416746
vn 0.32436267429927423 -0.3410340442057263 -0.8823177637416746
g Stem
f 172/508/127 175/507/127 173/506/127 170/505/127
f 171/512/128 172/511/128 170/510/128 169/509/128
f 176/516/129 171/515/129 169/514/129 174/513/129
f 175/520/130 176/519/130 174/518/130 173/517/130
f 174/524/131 169/523/131 170/522/131 173/521/131
f 175/528/132 172/527/132 171/526/132 176/525/132
o cube
v 0.0037228412124628713 0.24623868666283716 0.165443646533095
v 0.0037228412124628713 0.24623868666283716 0.165443646533095
v 0.07292321752017067 0.09426007072167679 -0.020604218855037992
v 0.07292321752017067 0.09426007072167679 -0.020604218855037992
v -0.11374209747688568 0.24505856624264089 0.12271665863900842
v -0.11374209747688568 0.24505856624264089 0.12271665863900842
v -0.04454172116917791 0.09307995030148049 -0.06333120674912454
v -0.04454172116917791 0.09307995030148049 -0.06333120674912454
vt 0 1
vt 0.03125 1
vt 0.03125 0.21875
vt 0 0.21875
vt 0 1
vt 0 1
vt 0 0.125
vt 0 0.125
vt 0.375 0.625
vt 0.53125 0.625
vt 0.53125 0.3125
vt 0.375 0.3125
vt 0 1
vt 0 1
vt 0 0.125
vt 0 0.125
vt 0 1
vt 0.4375 1
vt 0.4375 1
vt 0 1
vt 0 1
vt 0.4375 1
vt 0.4375 1
vt 0 1
vn 0.200768947148785 0.7939463917397406 -0.5738823545851666
vn 0.9397195095147883 0.009440963361570331 0.3418159031526927
vn -0.200768947148785 -0.7939463917397406 0.5738823545851666
vn -0.9397195095147883 -0.009440963361570331 -0.3418159031526927
vn -0.2768015052308312 0.607914463764642 0.7441914615525322
vn 0.2768015052308312 -0.607914463764642 -0.7441914615525322
g Stem
f 180/532/133 183/531/133 181/530/133 178/529/133
f 179/536/134 180/535/134 178/534/134 177/533/134
f 184/540/135 179/539/135 177/538/135 182/537/135
f 183/544/136 184/543/136 182/542/136 181/541/136
f 182/548/137 177/547/137 178/546/137 181/545/137
f 183/552/138 180/551/138 179/550/138 184/549/138
o cube
v -0.011562960025173673 0.1307095409770862 0.2106582545447097
v -0.011562960025173673 0.1307095409770862 0.2106582545447097
v 0.003722841212462878 0.24623868666283732 0.165443646533095
v 0.003722841212462878 0.24623868666283732 0.165443646533095
v -0.12902789871452222 0.12952942055688987 0.16793126665062313
v -0.12902789871452222 0.12952942055688987 0.16793126665062313
v -0.11374209747688566 0.245058566242641 0.12271665863900844
v -0.11374209747688566 0.245058566242641 0.12271665863900844
vt 0 1
vt 0.03125 1
vt 0.03125 0.21875
vt 0 0.21875
vt 0 1
vt 0 1
vt 0 0.125
vt 0 0.125
vt 0.375 0.78125
vt 0.53125 0.78125
vt 0.53125 0.625
vt 0.375 0.625
vt 0 1
vt 0 1
vt 0 0.125
vt 0 0.125
vt 0 1
vt 0.4375 1
vt 0.4375 1
vt 0 1
vt 0 1
vt 0.4375 1
vt 0.4375 1
vt 0 1
vn -0.31933254984543546 0.3817118337522663 0.867365435432318
vn 0.9397195095147883 0.009440963361570303 0.34181590315269267
vn 0.31933254984543546 -0.3817118337522663 -0.867365435432318
vn -0.9397195095147883 -0.009440963361570303 -0.34181590315269267
vn -0.12228640990109237 -0.9242331654860085 0.3617168640929176
vn 0.12228640990109237 0.9242331654860085 -0.3617168640929176
g Stem
f 188/556/139 191/555/139 189/554/139 186/553/139
f 187/560/140 188/559/140 186/558/140 185/557/140
f 192/564/141 187/563/141 185/562/141 190/561/141
f 191/568/142 192/567/142 190/566/142 189/565/142
f 190/572/143 185/571/143 186/570/143 189/569/143
f 191/576/144 188/575/144 187/574/144 192/573/144
o cube
v -0.07436109295075688 0.10891242224308656 0.38390477679378027
v -0.07436109295075688 0.10891242224308656 0.38390477679378027
v -0.053028274302565626 0.10352974891840594 0.3254053094765204
v -0.053028274302565626 0.10352974891840594 0.3254053094765204
v -0.19182603164010548 0.10773230182289027 0.3411777888996937
v -0.19182603164010548 0.10773230182289027 0.3411777888996937
v -0.17049321299191422 0.10234962849820965 0.28267832158243383
v -0.17049321299191422 0.10234962849820965 0.28267832158243383
vt 0 1
vt 0.03125 1
vt 0.03125 0.21875
vt 0 0.21875
vt 0 1
vt 0 1
vt 0 0.125
vt 0 0.125
vt 0.375 1
vt 0.53125 1
vt 0.53125 0.9375
vt 0.375 0.9375
vt 0 1
vt 0 1
vt 0 0.125
vt 0 0.125
vt 0 1
vt 0.4375 1
vt 0.4375 1
vt 0 1
vt 0 1
vt 0.4375 1
vt 0.4375 1
vt 0 1
vn 0.020601472259807758 0.996239798516415 -0.08415368793286095
vn 0.9397195095147884 0.00944096336157032 0.3418159031526927
vn -0.020601472259807758 -0.996239798516415 0.08415368793286095
vn -0.9397195095147884 -0.00944096336157032 -0.3418159031526927
vn -0.3413250983710601 0.08612277319488998 0.9359914770761579
vn 0.3413250983710601 -0.08612277319488998 -0.9359914770761579
g Stem
f 196/580/145 199/579/145 197/578/145 194/577/145
f 195/584/146 196/583/146 194/582/146 193/581/146
f 200/588/147 195/587/147 193/586/147 198/585/147
f 199/592/148 200/591/148 198/590/148 197/589/148
f 198/596/149 193/595/149 194/594/149 197/593/149
f 199/600/150 196/599/150 195/598/150 200/597/150
o cube
v 0.35840472506623067 0.07948818665624219 0.4422443106384285
v 0.35840472506623067 0.07948818665624219 0.4422443106384285
v 0.38568949011766646 0.11989175398796018 0.3271439485931279
v 0.38568949011766646 0.11989175398796018 0.3271439485931279
v 0.24560072471352845 0.13273742201053967 0.4341959295210772
v 0.24560072471352845 0.13273742201053967 0.4341959295210772
v 0.27288548976496424 0.17314098934225766 0.3190955674757766
v 0.27288548976496424 0.17314098934225766 0.3190955674757766
vt 0 1
vt 0.03125 1
vt 0.03125 0.21875
vt 0 0.21875
vt 0 1
vt 0 1
vt 0 0.125
vt 0 0.125
vt 0.53125 0.9375
vt 0.375 0.9375
vt 0.375 0.78125
vt 0.53125 0.78125
vt 0 1
vt 0 1
vt 0 0.125
vt 0 0.125
vt 0 1
vt 0.4375 1
vt 0.4375 1
vt 0 1
vt 0 1
vt 0.4375 1
vt 0.4375 1
vt 0 1
vn 0.371444669409846 0.8450162859894791 0.3846769215582829
vn 0.9024320028216194 -0.4259938828343809 0.06438704893881063
vn -0.371444669409846 -0.8450162859894791 -0.3846769215582829
vn -0.9024320028216194 0.4259938828343809 -0.06438704893881063
vn -0.21827812041148592 -0.323228538653744 0.9208028963624051
vn 0.21827812041148592 0.323228538653744 -0.9208028963624051
g Stem
f 204/604/151 207/603/151 205/602/151 202/601/151
f 203/608/152 204/607/152 202/606/152 201/605/152
f 208/612/153 203/611/153 201/610/153 206/609/153
f 207/616/154 208/615/154 206/614/154 205/613/154
f 206/620/155 201/619/155 202/618/155 205/617/155
f 207/624/156 204/623/156 203/622/156 208/621/156
o cube
v 0.39673713150399154 0.09151344954402657 -0.015451800157633686
v 0.39673713150399154 0.09151344954402657 -0.015451800157633686
v 0.3606779680886394 -0.018374733076864463 -0.2370918778829012
v 0.3606779680886394 -0.018374733076864463 -0.2370918778829012
v 0.2839331311512892 0.1447626848983241 -0.023500181274985002
v 0.2839331311512892 0.1447626848983241 -0.023500181274985002
v 0.24787396773593703 0.03487450227743308 -0.2451402590002525
v 0.24787396773593703 0.03487450227743308 -0.2451402590002525
vt 0 1
vt 0.03125 1
vt 0.03125 0.21875
vt 0 0.21875
vt 0 1
vt 0 1
vt 0 0.125
vt 0 0.125
vt 0.53125 0.3125
vt 0.375 0.3125
vt 0.375 0
vt 0.53125 0
vt 0 1
vt 0 1
vt 0 0.125
vt 0 0.125
vt 0 1
vt 0.4375 1
vt 0.4375 1
vt 0 1
vt 0 1
vt 0.4375 1
vt 0.4375 1
vt 0 1
vn 0.40597077237643564 0.7907734245105427 -0.45811038305625557
vn 0.9024320028216193 -0.4259938828343809 0.0643870489388106
vn -0.40597077237643564 -0.7907734245105427 0.45811038305625557
vn -0.9024320028216193 0.4259938828343809 -0.0643870489388106
vn 0.14423665366140861 0.4395527304835642 0.88656031090107
vn -0.14423665366140861 -0.4395527304835642 -0.88656031090107
g Stem
f 212/628/157 215/627/157 213/626/157 210/625/157
f 211/632/158 212/631/158 210/630/158 209/629/158
f 216/636/159 211/635/159 209/634/159 214/633/159
f 215/640/160 216/639/160 214/638/160 213/637/160
f 214/644/161 209/643/161 210/642/161 213/641/161
f 215/648/162 212/647/162 211/646/162 216/645/162
o cube
v 0.3591218076672294 0.04861784136901104 0.22795126928059448
v 0.3591218076672294 0.04861784136901104 0.22795126928059448
v 0.39673713150399154 0.09151344954402665 -0.015451800157633741
v 0.39673713150399154 0.09151344954402665 -0.015451800157633741
v 0.2463178073145271 0.10186707672330858 0.21990288816324316
v 0.2463178073145271 0.10186707672330858 0.21990288816324316
v 0.2839331311512892 0.1447626848983242 -0.023500181274985057
v 0.2839331311512892 0.1447626848983242 -0.023500181274985057
vt 0 1
vt 0 1
vt 0 0.125
vt 0 0.125
vt 0.53125 0.625
vt 0.375 0.625
vt 0.375 0.3125
vt 0.53125 0.3125
vt 0 1
vt 0 1
vt 0 0.125
vt 0 0.125
vt 0 1
vt 0.4375 1
vt 0.4375 1
vt 0 1
vt 0 1
vt 0.4375 1
vt 0.4375 1
vt 0 1
vn 0.9024320028216193 -0.425993882834381 0.06438704893881061
vn -0.40370518808389017 -0.8883066365711878 -0.21893706981170294
vn -0.9024320028216193 0.425993882834381 -0.06438704893881061
vn -0.15046129534704852 -0.17158243270006254 0.9736122777529137
vn 0.15046129534704852 0.17158243270006254 -0.9736122777529137
g Stem
f 219/652/163 220/651/163 218/650/163 217/649/163
f 224/656/164 219/655/164 217/654/164 222/653/164
f 223/660/165 224/659/165 222/658/165 221/657/165
f 222/664/166 217/663/166 218/662/166 221/661/166
f 223/668/167 220/667/167 219/666/167 224/665/167
o cube
v 0.3856894901176664 0.11989175398795998 0.32714394859312806
v 0.3856894901176664 0.11989175398795998 0.32714394859312806
v 0.35912180766722945 0.04861784136901098 0.22795126928059464
v 0.35912180766722945 0.04861784136901098 0.22795126928059464
v 0.2728854897649641 0.17314098934225758 0.3190955674757768
v 0.2728854897649641 0.17314098934225758 0.3190955674757768
v 0.2463178073145271 0.10186707672330853 0.21990288816324333
v 0.2463178073145271 0.10186707672330853 0.21990288816324333
vt 0 1
vt 0.03125 1
vt 0.03125 0.21875
vt 0 0.21875
vt 0 1
vt 0 1
vt 0 0.125
vt 0 0.125
vt 0.53125 0.78125
vt 0.375 0.78125
vt 0.375 0.625
vt 0.53125 0.625
vt 0 1
vt 0 1
vt 0 0.125
vt 0 0.125
vt 0 1
vt 0.4375 1
vt 0.4375 1
vt 0 1
vt 0 1
vt 0.4375 1
vt 0.4375 1
vt 0 1
vn 0.3747567320715885 0.7024322686970024 -0.6051002393489909
vn 0.9024320028216193 -0.42599388283438094 0.06438704893881064
vn -0.3747567320715885 -0.7024322686970024 0.6051002393489909
vn -0.9024320028216193 0.42599388283438094 -0.06438704893881064
vn 0.2125414596034962 0.5701913009515933 0.7935414345002693
vn -0.2125414596034962 -0.5701913009515933 -0.7935414345002693
g Stem
f 228/672/168 231/671/168 229/670/168 226/669/168
f 227/676/169 228/675/169 226/674/169 225/673/169
f 232/680/170 227/679/170 225/678/170 230/677/170
f 231/684/171 232/683/171 230/682/171 229/681/171
f 230/688/172 225/687/172 226/686/172 229/685/172
f 231/692/173 228/691/173 227/690/173 232/689/173
o cube
v 0.33622932126701244 0.03885919568737839 0.4842417695995803
