# Made in Blockbench 4.12.3

o cube
v 0.3339432377873902 -0.04617337551388112 0.03124999999999999
v 0.24862596461892505 -0.3167651956467877 -0.08627208207931913
v 0.3339432377873902 -0.04617337551388112 0.03124999999999999
v 0.24862596461892505 -0.3167651956467877 -0.08627208207931913
v -0.044260510955855425 -0.22441844461902544 -0.0862720820793191
v 0.04105676221260976 0.04617337551388113 0.03125000000000001
v -0.044260510955855425 -0.22441844461902544 -0.0862720820793191
v 0.04105676221260976 0.04617337551388113 0.03125000000000001
vt 0 1
vt 1 1
vt 1 1
vt 0 1
vt 0 1
vt 1 1
vt 1 1
vt 0 1
vt 0 1
vt 1 1
vt 1 1
vt 0 1
vt 0 1
vt 1 1
vt 1 1
vt 0 1
vt 0 1
vt 1 1
vt 1 0
vt 0 0
vt 0 1
vt 0 1
vt 0 1
vt 0 1
vn -0.2778159334694405 -0.8811195706053617 -0.3826834323650899
vn 0.9537169507482269 -0.30070579950427306 0
vn 0.2778159334694405 0.8811195706053617 0.3826834323650899
vn -0.9537169507482269 0.30070579950427306 0
vn 0.11507512748638372 0.3649716762170989 -0.9238795325112866
vn -0.11507512748638372 -0.3649716762170989 0.9238795325112866
g Tuft
f 4/4/1 7/3/1 5/2/1 2/1/1
f 3/8/2 4/7/2 2/6/2 1/5/2
f 8/12/3 3/11/3 1/10/3 6/9/3
f 7/16/4 8/15/4 6/14/4 5/13/4
f 6/20/5 1/19/5 2/18/5 5/17/5
f 7/24/6 4/23/6 3/22/6 8/21/6
o cube
v 0.23367337551388115 0.14644323778739018 0.031250000000000035
v 0.5042651956467877 0.06112596461892497 -0.08627208207931904
v 0.23367337551388115 0.14644323778739018 0.031250000000000035
v 0.5042651956467877 0.06112596461892497 -0.08627208207931904
v 0.4119184446190254 -0.23176051095585543 -0.08627208207931909
v 0.14132662448611882 -0.1464432377873902 0.03124999999999997
v 0.4119184446190254 -0.23176051095585543 -0.08627208207931909
v 0.14132662448611882 -0.1464432377873902 0.03124999999999997
vt 0 1
vt 1 1
vt 1 1
vt 0 1
vt 0 1
vt 1 1
vt 1 1
vt 0 1
vt 0 1
vt 1 1
vt 1 1
vt 0 1
vt 0 1
vt 1 1
vt 1 1
vt 0 1
vt 0 1
vt 1 1
vt 1 0
vt 0 0
vt 0 1
vt 0 1
vt 0 1
vt 0 1
vn 0.8811195706053617 -0.27781593346944067 -0.3826834323650898
vn 0.30070579950427323 0.9537169507482268 0
vn -0.8811195706053617 0.27781593346944067 0.3826834323650898
vn -0.30070579950427323 -0.9537169507482268 0
vn -0.36497167621709864 0.11507512748638399 -0.9238795325112867
vn 0.36497167621709864 -0.11507512748638399 0.9238795325112867
g Tuft
f 12/28/7 15/27/7 13/26/7 10/25/7
f 11/32/8 12/31/8 10/30/8 9/29/8
f 16/36/9 11/35/9 9/34/9 14/33/9
f 15/40/10 16/39/10 14/38/10 13/37/10
f 14/44/11 9/43/11 10/42/11 13/41/11
f 15/48/12 12/47/12 11/46/12 16/45/12
o cube
v 0.04105676221260979 0.046173375513881135 0.03125000000000001
v 0.126374035381075 0.31676519564678773 -0.08627208207931897
v 0.04105676221260979 0.046173375513881135 0.03125000000000001
v 0.126374035381075 0.31676519564678773 -0.08627208207931897
v 0.4192605109558555 0.22441844461902546 -0.086272082079319
v 0.3339432377873902 -0.04617337551388114 0.03124999999999999
v 0.4192605109558555 0.22441844461902546 -0.086272082079319
v 0.3339432377873902 -0.04617337551388114 0.03124999999999999
vt 0 1
vt 1 1
vt 1 1
vt 0 1
vt 0 1
vt 1 1
vt 1 1
vt 0 1
vt 0 1
vt 1 1
vt 1 1
vt 0 1
vt 0 1
vt 1 1
vt 1 1
vt 0 1
vt 0 1
vt 1 1
vt 1 0
vt 0 0
vt 0 1
vt 0 1
vt 0 1
vt 0 1
vn 0.27781593346944067 0.8811195706053618 -0.3826834323650895
vn -0.953716950748227 0.3007057995042732 0
vn -0.27781593346944067 -0.8811195706053618 0.3826834323650895
vn 0.953716950748227 -0.3007057995042732 0
vn -0.11507512748638374 -0.3649716762170985 -0.9238795325112868
vn 0.11507512748638374 0.3649716762170985 0.9238795325112868
g Tuft
f 20/52/13 23/51/13 21/50/13 18/49/13
f 19/56/14 20/55/14 18/54/14 17/53/14
f 24/60/15 19/59/15 17/58/15 22/57/15
f 23/64/16 24/63/16 22/62/16 21/61/16
f 22/68/17 17/67/17 18/66/17 21/65/17
f 23/72/18 20/71/18 19/70/18 24/69/18
o cube
v 0.1413266244861189 -0.14644323778739024 0.03124999999999997
v -0.12926519564678768 -0.06112596461892508 -0.08627208207931907
v 0.1413266244861189 -0.14644323778739024 0.03124999999999997
v -0.12926519564678768 -0.06112596461892508 -0.08627208207931907
v -0.03691844461902552 0.23176051095585543 -0.08627208207931901
v 0.2336733755138811 0.14644323778739027 0.031250000000000035
v -0.03691844461902552 0.23176051095585543 -0.08627208207931901
v 0.2336733755138811 0.14644323778739027 0.031250000000000035
vt 0 1
vt 1 1
vt 1 1
vt 0 1
vt 0 1
vt 1 1
vt 1 1
vt 0 1
vt 0 1
vt 1 1
vt 1 1
vt 0 1
vt 0 1
vt 1 1
vt 1 1
vt 0 1
vt 0 1
vt 1 1
vt 1 0
vt 0 0
vt 0 1
vt 0 1
vt 0 1
vt 0 1
vn -0.8811195706053621 0.27781593346944045 -0.3826834323650898
vn -0.3007057995042729 -0.9537169507482272 0
vn 0.8811195706053621 -0.27781593346944045 0.3826834323650898
vn 0.3007057995042729 0.9537169507482272 0
vn 0.36497167621709875 -0.11507512748638343 -0.9238795325112868
vn -0.36497167621709875 0.11507512748638343 0.9238795325112868
g Tuft
f 28/76/19 31/75/19 29/74/19 26/73/19
f 27/80/20 28/79/20 26/78/20 25/77/20
f 32/84/21 27/83/21 25/82/21 30/81/21
f 31/88/22 32/87/22 30/86/22 29/85/22
f 30/92/23 25/91/23 26/90/23 29/89/23
f 31/96/24 28/95/24 27/94/24 32/93/24
o cube
v 0.3339432377873902 -0.04617337551388112 0.03124999999999999
v 0.24862596461892505 -0.3167651956467877 -0.08627208207931913
v 0.3339432377873902 -0.04617337551388112 0.03124999999999999
v 0.24862596461892505 -0.3167651956467877 -0.08627208207931913
v -0.044260510955855425 -0.22441844461902544 -0.0862720820793191
v 0.04105676221260976 0.04617337551388113 0.03125000000000001
v -0.044260510955855425 -0.22441844461902544 -0.0862720820793191
v 0.04105676221260976 0.04617337551388113 0.03125000000000001
vt 0 1
vt 1 1
vt 1 1
vt 0 1
vt 0 1
vt 1 1
vt 1 1
vt 0 1
vt 0 1
vt 1 1
vt 1 1
vt 0 1
vt 0 1
vt 1 1
vt 1 1
vt 0 1
vt 0 1
vt 1 1
vt 1 0
vt 0 0
vt 0 1
vt 0 1
vt 0 1
vt 0 1
vn -0.2778159334694405 -0.8811195706053617 -0.3826834323650899
vn 0.9537169507482269 -0.30070579950427306 0
vn 0.2778159334694405 0.8811195706053617 0.3826834323650899
vn -0.9537169507482269 0.30070579950427306 0
vn 0.11507512748638372 0.3649716762170989 -0.9238795325112866
vn -0.11507512748638372 -0.3649716762170989 0.9238795325112866
g Tuft
f 36/100/25 39/99/25 37/98/25 34/97/25
f 35/104/26 36/103/26 34/102/26 33/101/26
f 40/108/27 35/107/27 33/106/27 38/105/27
f 39/112/28 40/111/28 38/110/28 37/109/28
f 38/116/29 33/115/29 34/114/29 37/113/29
f 39/120/30 36/119/30 35/118/30 40/117/30
o cube
v 0.23367337551388115 0.14644323778739018 0.031250000000000035
v 0.5042651956467877 0.06112596461892497 -0.08627208207931904
v 0.23367337551388115 0.14644323778739018 0.031250000000000035
v 0.5042651956467877 0.06112596461892497 -0.08627208207931904
v 0.4119184446190254 -0.23176051095585543 -0.08627208207931909
v 0.14132662448611882 -0.1464432377873902 0.03124999999999997
v 0.4119184446190254 -0.23176051095585543 -0.08627208207931909
v 0.14132662448611882 -0.1464432377873902 0.03124999999999997
vt 0 1
vt 1 1
vt 1 1
vt 0 1
vt 0 1
vt 1 1
vt 1 1
vt 0 1
vt 0 1
vt 1 1
vt 1 1
vt 0 1
vt 0 1
vt 1 1
vt 1 1
vt 0 1
vt 0 1
vt 1 1
vt 1 0
vt 0 0
vt 0 1
vt 0 1
vt 0 1
vt 0 1
vn 0.8811195706053617 -0.27781593346944067 -0.3826834323650898
vn 0.30070579950427323 0.9537169507482268 0
vn -0.8811195706053617 0.27781593346944067 0.3826834323650898
vn -0.30070579950427323 -0.9537169507482268 0
vn -0.36497167621709864 0.11507512748638399 -0.9238795325112867
vn 0.36497167621709864 -0.11507512748638399 0.9238795325112867
g Tuft
f 44/124/31 47/123/31 45/122/31 42/121/31
f 43/128/32 44/127/32 42/126/32 41/125/32
f 48/132/33 43/131/33 41/130/33 46/129/33
f 47/136/34 48/135/34 46/134/34 45/133/34
f 46/140/35 41/139/35 42/138/35 45/137/35
f 47/144/36 44/143/36 43/142/36 48/141/36
o cube
v 0.04105676221260979 0.046173375513881135 0.03125000000000001
v 0.126374035381075 0.31676519564678773 -0.08627208207931897
v 0.04105676221260979 0.046173375513881135 0.03125000000000001
v 0.126374035381075 0.31676519564678773 -0.08627208207931897
v 0.4192605109558555 0.22441844461902546 -0.086272082079319
v 0.3339432377873902 -0.04617337551388114 0.03124999999999999
v 0.4192605109558555 0.22441844461902546 -0.086272082079319
v 0.3339432377873902 -0.04617337551388114 0.03124999999999999
vt 0 1
vt 1 1
vt 1 1
vt 0 1
vt 0 1
vt 1 1
vt 1 1
vt 0 1
vt 0 1
vt 1 1
vt 1 1
vt 0 1
vt 0 1
vt 1 1
vt 1 1
vt 0 1
vt 0 1
vt 1 1
vt 1 0
vt 0 0
vt 0 1
vt 0 1
vt 0 1
vt 0 1
vn 0.27781593346944067 0.8811195706053618 -0.3826834323650895
vn -0.953716950748227 0.3007057995042732 0
vn -0.27781593346944067 -0.8811195706053618 0.3826834323650895
vn 0.953716950748227 -0.3007057995042732 0
vn -0.11507512748638374 -0.3649716762170985 -0.9238795325112868
vn 0.11507512748638374 0.3649716762170985 0.9238795325112868
g Tuft
f 52/148/37 55/147/37 53/146/37 50/145/37
f 51/152/38 52/151/38 50/150/38 49/149/38
f 56/156/39 51/155/39 49/154/39 54/153/39
f 55/160/40 56/159/40 54/158/40 53/157/40
f 54/164/41 49/163/41 50/162/41 53/161/41
f 55/168/42 52/167/42 51/166/42 56/165/42
o cube
v 0.1413266244861189 -0.14644323778739024 0.03124999999999997
v -0.12926519564678768 -0.06112596461892508 -0.08627208207931907
v 0.1413266244861189 -0.14644323778739024 0.03124999999999997
v -0.12926519564678768 -0.06112596461892508 -0.08627208207931907
v -0.03691844461902552 0.23176051095585543 -0.08627208207931901
v 0.2336733755138811 0.14644323778739027 0.031250000000000035
v -0.03691844461902552 0.23176051095585543 -0.08627208207931901
v 0.2336733755138811 0.14644323778739027 0.031250000000000035
vt 0 1
vt 1 1
vt 1 1
vt 0 1
vt 0 1
vt 1 1
vt 1 1
vt 0 1
vt 0 1
vt 1 1
vt 1 1
vt 0 1
vt 0 1
vt 1 1
vt 1 1
vt 0 1
vt 0 1
vt 1 1
vt 1 0
vt 0 0
vt 0 1
vt 0 1
vt 0 1
vt 0 1
vn -0.8811195706053621 0.27781593346944045 -0.3826834323650898
vn -0.3007057995042729 -0.9537169507482272 0
vn 0.8811195706053621 -0.27781593346944045 0.3826834323650898
vn 0.3007057995042729 0.9537169507482272 0
vn 0.36497167621709875 -0.11507512748638343 -0.9238795325112868
vn -0.36497167621709875 0.11507512748638343 0.9238795325112868
g Tuft
f 60/172/43 63/171/43 61/170/43 58/169/43
f 59/176/44 60/175/44 58/174/44 57/173/44
f 64/180/45 59/179/45 57/178/45 62/177/45
f 63/184/46 64/183/46 62/182/46 61/181/46
f 62/188/47 57/187/47 58/186/47 61/185/47
f 63/192/48 60/191/48 59/190/48 64/189/48
o cube
v 0.02798979171799834 -0.3164508696300027 0.03124999999999993
v 0.020689536544438517 -0.4836542025689387 -0.038073869139800834
v 0.02798979171799834 -0.3164508696300027 0.03124999999999993
v 0.020689536544438517 -0.4836542025689387 -0.038073869139800834
v -0.16029004689155818 -0.47575246330893334 -0.038073869139800834
v -0.15298979171799837 -0.3085491303699973 0.03124999999999993
v -0.16029004689155818 -0.47575246330893334 -0.038073869139800834
v -0.15298979171799837 -0.3085491303699973 0.03124999999999993
vt 0 1
vt 1 1
vt 1 1
vt 0 1
vt 0 1
vt 1 1
vt 1 1
vt 0 1
vt 0 1
vt 1 1
vt 1 1
vt 0 1
vt 0 1
vt 1 1
vt 1 1
vt 0 1
vt 0 1
vt 1 1
vt 1 0
vt 0 0
vt 0 1
vt 0 1
vt 0 1
vt 0 1
vn -0.04029905920751535 -0.9230002039112791 -0.38268343236509
vn 0.9990482215818578 -0.04361938736533599 0
vn 0.04029905920751535 0.9230002039112791 0.38268343236509
vn -0.9990482215818578 0.04361938736533599 0
vn 0.016692416874629207 0.3823192025331843 -0.9238795325112867
vn -0.016692416874629207 -0.3823192025331843 0.9238795325112867
g Tuft
f 68/196/49 71/195/49 69/194/49 66/193/49
f 67/200/50 68/199/50 66/198/50 65/197/50
f 72/204/51 67/203/51 65/202/51 70/201/51
f 71/208/52 72/207/52 70/206/52 69/205/52
f 70/212/53 65/211/53 66/210/53 69/209/53
f 71/216/54 68/215/54 67/214/54 72/213/54
o cube
v -0.05854913036999731 -0.22201020828200166 0.03124999999999995
v 0.10865420256893873 -0.2293104634555615 -0.03807386913980078
v -0.05854913036999731 -0.22201020828200166 0.03124999999999995
v 0.10865420256893873 -0.2293104634555615 -0.03807386913980078
v 0.10075246330893337 -0.41029004689155824 -0.038073869139800806
v -0.0664508696300027 -0.40298979171799837 0.03124999999999991
v 0.10075246330893337 -0.41029004689155824 -0.038073869139800806
v -0.0664508696300027 -0.40298979171799837 0.03124999999999991
vt 0 1
vt 1 1
vt 1 1
vt 0 1
vt 0 1
vt 1 1
vt 1 1
vt 0 1
vt 0 1
vt 1 1
vt 1 1
vt 0 1
vt 0 1
vt 1 1
vt 1 1
vt 0 1
vt 0 1
vt 1 1
vt 1 0
vt 0 0
vt 0 1
vt 0 1
vt 0 1
vt 0 1
vn 0.9230002039112792 -0.040299059207515475 -0.3826834323650898
vn 0.04361938736533622 0.9990482215818578 0
vn -0.9230002039112792 0.040299059207515475 0.3826834323650898
vn -0.04361938736533622 -0.9990482215818578 0
vn -0.3823192025331841 0.0166924168746295 -0.9238795325112868
vn 0.3823192025331841 -0.0166924168746295 0.9238795325112868
g Tuft
f 76/220/55 79/219/55 77/218/55 74/217/55
f 75/224/56 76/223/56 74/222/56 73/221/56
f 80/228/57 75/227/57 73/226/57 78/225/57
f 79/232/58 80/231/58 78/230/58 77/229/58
f 78/236/59 73/235/59 74/234/59 77/233/59
f 79/240/60 76/239/60 75/238/60 80/237/60
o cube
v -0.15298979171799834 -0.3085491303699973 0.03124999999999993
v -0.1456895365444385 -0.14134579743106127 -0.03807386913980075
v -0.15298979171799834 -0.3085491303699973 0.03124999999999993
v -0.1456895365444385 -0.14134579743106127 -0.03807386913980075
v 0.03529004689155821 -0.14924753669106663 -0.03807386913980075
v 0.02798979171799837 -0.3164508696300027 0.03124999999999993
v 0.03529004689155821 -0.14924753669106663 -0.03807386913980075
v 0.02798979171799837 -0.3164508696300027 0.03124999999999993
vt 0 1
vt 1 1
vt 1 1
vt 0 1
vt 0 1
vt 1 1
vt 1 1
vt 0 1
vt 0 1
vt 1 1
vt 1 1
vt 0 1
vt 0 1
vt 1 1
vt 1 1
vt 0 1
vt 0 1
vt 1 1
vt 1 0
vt 0 0
vt 0 1
vt 0 1
vt 0 1
vt 0 1
vn 0.04029905920751546 0.9230002039112793 -0.38268343236508956
vn -0.9990482215818578 0.043619387365336125 0
vn -0.04029905920751546 -0.9230002039112793 0.38268343236508956
vn 0.9990482215818578 -0.043619387365336125 0
vn -0.016692416874629256 -0.38231920253318386 -0.923879532511287
vn 0.016692416874629256 0.38231920253318386 0.923879532511287
g Tuft
f 84/244/61 87/243/61 85/242/61 82/241/61
f 83/248/62 84/247/62 82/246/62 81/245/62
f 88/252/63 83/251/63 81/250/63 86/249/63
f 87/256/64 88/255/64 86/254/64 85/253/64
f 86/260/65 81/259/65 82/258/65 85/257/65
f 87/264/66 84/263/66 83/262/66 88/261/66
o cube
v -0.06645086963000266 -0.4029897917179983 0.03124999999999991
v -0.2336542025689387 -0.39568953654443856 -0.038073869139800806
v -0.06645086963000266 -0.4029897917179983 0.03124999999999991
v -0.2336542025689387 -0.39568953654443856 -0.038073869139800806
v -0.2257524633089334 -0.21470995310844182 -0.03807386913980078
v -0.05854913036999734 -0.22201020828200163 0.03124999999999995
v -0.2257524633089334 -0.21470995310844182 -0.03807386913980078
v -0.05854913036999734 -0.22201020828200163 0.03124999999999995
vt 0 1
vt 1 1
vt 1 1
vt 0 1
vt 0 1
vt 1 1
vt 1 1
vt 0 1
vt 0 1
vt 1 1
vt 1 1
vt 0 1
vt 0 1
vt 1 1
vt 1 1
vt 0 1
vt 0 1
vt 1 1
vt 1 0
vt 0 0
vt 0 1
vt 0 1
vt 0 1
vt 0 1
vn -0.9230002039112792 0.04029905920751523 -0.3826834323650898
vn -0.04361938736533578 -0.9990482215818578 0
vn 0.9230002039112792 -0.04029905920751523 0.3826834323650898
vn 0.04361938736533578 0.9990482215818578 0
vn 0.3823192025331841 -0.01669241687462892 -0.9238795325112868
vn -0.3823192025331841 0.01669241687462892 0.9238795325112868
g Tuft
f 92/268/67 95/267/67 93/266/67 90/265/67
f 91/272/68 92/271/68 90/270/68 89/269/68
f 96/276/69 91/275/69 89/274/69 94/273/69
f 95/280/70 96/279/70 94/278/70 93/277/70
f 94/284/71 89/283/71 90/282/71 93/281/71
f 95/288/72 92/287/72 91/286/72 96/285/72
o cube
v 0.02798979171799834 -0.3164508696300027 0.03124999999999993
v 0.020689536544438517 -0.4836542025689387 -0.038073869139800834
v 0.02798979171799834 -0.3164508696300027 0.03124999999999993
v 0.020689536544438517 -0.4836542025689387 -0.038073869139800834
v -0.16029004689155818 -0.47575246330893334 -0.038073869139800834
v -0.15298979171799837 -0.3085491303699973 0.03124999999999993
v -0.16029004689155818 -0.47575246330893334 -0.038073869139800834
v -0.15298979171799837 -0.3085491303699973 0.03124999999999993
vt 0 1
vt 1 1
vt 1 1
vt 0 1
vt 0 1
vt 1 1
vt 1 1
vt 0 1
vt 0 1
vt 1 1
vt 1 1
vt 0 1
vt 0 1
vt 1 1
vt 1 1
vt 0 1
vt 0 1
vt 1 1
vt 1 0
vt 0 0
vt 0 1
vt 0 1
vt 0 1
vt 0 1
vn -0.04029905920751535 -0.9230002039112791 -0.38268343236509
vn 0.9990482215818578 -0.04361938736533599 0
vn 0.04029905920751535 0.9230002039112791 0.38268343236509
vn -0.9990482215818578 0.04361938736533599 0
vn 0.016692416874629207 0.3823192025331843 -0.9238795325112867
vn -0.016692416874629207 -0.3823192025331843 0.9238795325112867
g Tuft
f 100/292/73 103/291/73 101/290/73 98/289/73
f 99/296/74 100/295/74 98/294/74 97/293/74
f 104/300/75 99/299/75 97/298/75 102/297/75
f 103/304/76 104/303/76 102/302/76 101/301/76
f 102/308/77 97/307/77 98/306/77 101/305/77
f 103/312/78 100/311/78 99/310/78 104/309/78
o cube
v -0.05854913036999731 -0.22201020828200166 0.03124999999999995
v 0.10865420256893873 -0.2293104634555615 -0.03807386913980078
v -0.05854913036999731 -0.22201020828200166 0.03124999999999995
v 0.10865420256893873 -0.2293104634555615 -0.03807386913980078
v 0.10075246330893337 -0.41029004689155824 -0.038073869139800806
v -0.0664508696300027 -0.40298979171799837 0.03124999999999991
v 0.10075246330893337 -0.41029004689155824 -0.038073869139800806
v -0.0664508696300027 -0.40298979171799837 0.03124999999999991
vt 0 1
vt 1 1
vt 1 1
vt 0 1
vt 0 1
vt 1 1
vt 1 1
vt 0 1
vt 0 1
vt 1 1
vt 1 1
vt 0 1
vt 0 1
vt 1 1
vt 1 1
vt 0 1
vt 0 1
vt 1 1
vt 1 0
vt 0 0
vt 0 1
vt 0 1
vt 0 1
vt 0 1
vn 0.9230002039112792 -0.040299059207515475 -0.3826834323650898
vn 0.04361938736533622 0.9990482215818578 0
vn -0.9230002039112792 0.040299059207515475 0.3826834323650898
vn -0.04361938736533622 -0.9990482215818578 0
vn -0.3823192025331841 0.0166924168746295 -0.9238795325112868
vn 0.3823192025331841 -0.0166924168746295 0.9238795325112868
g Tuft
f 108/316/79 111/315/79 109/314/79 106/313/79
f 107/320/80 108/319/80 106/318/80 105/317/80
f 112/324/81 107/323/81 105/322/81 110/321/81
f 111/328/82 112/327/82 110/326/82 109/325/82
f 110/332/83 105/331/83 106/330/83 109/329/83
f 111/336/84 108/335/84 107/334/84 112/333/84
o cube
v -0.15298979171799834 -0.3085491303699973 0.03124999999999993
v -0.1456895365444385 -0.14134579743106127 -0.03807386913980075
v -0.15298979171799834 -0.3085491303699973 0.03124999999999993
v -0.1456895365444385 -0.14134579743106127 -0.03807386913980075
v 0.03529004689155821 -0.14924753669106663 -0.03807386913980075
v 0.02798979171799837 -0.3164508696300027 0.03124999999999993
v 0.03529004689155821 -0.14924753669106663 -0.03807386913980075
v 0.02798979171799837 -0.3164508696300027 0.03124999999999993
vt 0 1
vt 1 1
vt 1 1
vt 0 1
vt 0 1
vt 1 1
vt 1 1
vt 0 1
vt 0 1
vt 1 1
vt 1 1
vt 0 1
vt 0 1
vt 1 1
vt 1 1
vt 0 1
vt 0 1
vt 1 1
vt 1 0
vt 0 0
vt 0 1
vt 0 1
vt 0 1
vt 0 1
vn 0.04029905920751546 0.9230002039112793 -0.38268343236508956
vn -0.9990482215818578 0.043619387365336125 0
vn -0.04029905920751546 -0.9230002039112793 0.38268343236508956
vn 0.9990482215818578 -0.043619387365336125 0
vn -0.016692416874629256 -0.38231920253318386 -0.923879532511287
vn 0.016692416874629256 0.38231920253318386 0.923879532511287
g Tuft
f 116/340/85 119/339/85 117/338/85 114/337/85
f 115/344/86 116/343/86 114/342/86 113/341/86
f 120/348/87 115/347/87 113/346/87 118/345/87
f 119/352/88 120/351/88 118/350/88 117/349/88
f 118/356/89 113/355/89 114/354/89 117/353/89
f 119/360/90 116/359/90 115/358/90 120/357/90
o cube
v -0.06645086963000266 -0.4029897917179983 0.03124999999999991
v -0.2336542025689387 -0.39568953654443856 -0.038073869139800806
v -0.06645086963000266 -0.4029897917179983 0.03124999999999991
v -0.2336542025689387 -0.39568953654443856 -0.038073869139800806
v -0.2257524633089334 -0.21470995310844182 -0.03807386913980078
v -0.05854913036999734 -0.22201020828200163 0.03124999999999995
v -0.2257524633089334 -0.21470995310844182 -0.03807386913980078
v -0.05854913036999734 -0.22201020828200163 0.03124999999999995
vt 0 1
vt 1 1
vt 1 1
vt 0 1
vt 0 1
vt 1 1
vt 1 1
vt 0 1
vt 0 1
vt 1 1
vt 1 1
vt 0 1
vt 0 1
vt 1 1
vt 1 1
vt 0 1
vt 0 1
vt 1 1
vt 1 0
vt 0 0
vt 0 1
vt 0 1
vt 0 1
vt 0 1
vn -0.9230002039112792 0.04029905920751523 -0.3826834323650898
vn -0.04361938736533578 -0.9990482215818578 0
vn 0.9230002039112792 -0.04029905920751523 0.3826834323650898
vn 0.04361938736533578 0.9990482215818578 0
vn 0.3823192025331841 -0.01669241687462892 -0.9238795325112868
vn -0.3823192025331841 0.01669241687462892 0.9238795325112868
g Tuft
f 124/364/91 127/363/91 125/362/91 122/361/91
f 123/368/92 124/367/92 122/366/92 121/365/92
f 128/372/93 123/371/93 121/370/93 126/369/93
f 127/376/94 128/375/94 126/374/94 125/373/94
f 126/380/95 121/379/95 122/378/95 125/377/95
f 127/384/96 124/383/96 123/382/96 128/381/96
o cube
v -0.1535897281288593 -0.050188010870851715 0.03124999999999999
v -0.24632508017092702 -0.22833096468204284 -0.05193864296776095
v -0.1535897281288593 -0.050188010870851715 0.03124999999999999
v -0.24632508017092702 -0.22833096468204284 -0.05193864296776095
v -0.43914562391320844 -0.12795494294033938 -0.05193864296776092
v -0.3464102718711407 0.050188010870851715 0.031250000000000014
v -0.43914562391320844 -0.12795494294033938 -0.05193864296776092
v -0.3464102718711407 0.050188010870851715 0.031250000000000014
vt 0 1
vt 1 1
vt 1 1
vt 0 1
vt 0 1
vt 1 1
vt 1 1
vt 0 1
vt 0 1
vt 1 1
vt 1 1
vt 0 1
vt 0 1
vt 1 1
vt 1 1
vt 0 1
vt 0 1
vt 1 1
vt 1 0
vt 0 0
vt 0 1
vt 0 1
vt 0 1
vt 0 1
vn -0.4266000929333182 -0.8194911538891425 -0.38268343236509
vn 0.8870108331782218 -0.46174861323503397 0
vn 0.4266000929333182 0.8194911538891425 0.38268343236509
vn -0.8870108331782218 0.46174861323503397 0
vn 0.1767035442026031 0.33944435018566016 -0.9238795325112868
vn -0.1767035442026031 -0.33944435018566016 0.9238795325112868
g Tuft
f 132/388/97 135/387/97 133/386/97 130/385/97
f 131/392/98 132/391/98 130/390/98 129/389/98
f 136/396/99 131/395/99 129/394/99 134/393/99
f 135/400/100 136/399/100 134/398/100 133/397/100
f 134/404/101 129/403/101 130/402/101 133/401/101
f 135/408/102 132/407/102 131/406/102 136/405/102
o cube
v -0.19981198912914827 0.09641027187114071 0.03125000000000002
v -0.021669035317957164 0.003674919829072948 -0.05193864296776089
v -0.19981198912914827 0.09641027187114071 0.03125000000000002
v -0.021669035317957164 0.003674919829072948 -0.05193864296776089
v -0.12204505705966062 -0.18914562391320847 -0.05193864296776095
v -0.30018801087085173 -0.09641027187114071 0.03124999999999998
v -0.12204505705966062 -0.18914562391320847 -0.05193864296776095
v -0.30018801087085173 -0.09641027187114071 0.03124999999999998
vt 0 1
vt 1 1
vt 1 1
vt 0 1
vt 0 1
vt 1 1
vt 1 1
vt 0 1
vt 0 1
vt 1 1
vt 1 1
vt 0 1
vt 0 1
vt 1 1
vt 1 1
vt 0 1
vt 0 1
vt 1 1
vt 1 0
vt 0 0
vt 0 1
vt 0 1
vt 0 1
vt 0 1
vn 0.8194911538891423 -0.42660009293331824 -0.3826834323650898
vn 0.4617486132350342 0.8870108331782217 0
vn -0.8194911538891423 0.42660009293331824 0.3826834323650898
vn -0.4617486132350342 -0.8870108331782217 0
vn -0.3394443501856599 0.1767035442026034 -0.9238795325112868
vn 0.3394443501856599 -0.1767035442026034 0.9238795325112868
g Tuft
f 140/412/103 143/411/103 141/410/103 138/409/103
f 139/416/104 140/415/104 138/414/104 137/413/104
f 144/420/105 139/419/105 137/418/105 142/417/105
f 143/424/106 144/423/106 142/422/106 141/421/106
f 142/428/107 137/427/107 138/426/107 141/425/107
f 143/432/108 140/431/108 139/430/108 144/429/108
o cube
v -0.3464102718711407 0.05018801087085172 0.031250000000000014
v -0.253674919829073 0.22833096468204286 -0.05193864296776084
v -0.3464102718711407 0.05018801087085172 0.031250000000000014
v -0.253674919829073 0.22833096468204286 -0.05193864296776084
v -0.060854376086791534 0.1279549429403394 -0.051938642967760865
v -0.1535897281288593 -0.05018801087085172 0.03124999999999999
v -0.060854376086791534 0.1279549429403394 -0.051938642967760865
v -0.1535897281288593 -0.05018801087085172 0.03124999999999999
vt 0 1
vt 1 1
vt 1 1
vt 0 1
vt 0 1
vt 1 1
vt 1 1
vt 0 1
vt 0 1
vt 1 1
vt 1 1
vt 0 1
vt 0 1
vt 1 1
vt 1 1
vt 0 1
vt 0 1
vt 1 1
vt 1 0
vt 0 0
vt 0 1
vt 0 1
vt 0 1
vt 0 1
vn 0.4266000929333183 0.8194911538891426 -0.38268343236508956
vn -0.8870108331782216 0.461748613235034 0
vn -0.4266000929333183 -0.8194911538891426 0.38268343236508956
vn 0.8870108331782216 -0.461748613235034 0
vn -0.17670354420260315 -0.3394443501856597 -0.923879532511287
vn 0.17670354420260315 0.3394443501856597 0.923879532511287
g Tuft
f 148/436/109 151/435/109 149/434/109 146/433/109
f 147/440/110 148/439/110 146/438/110 145/437/110
f 152/444/111 147/443/111 145/442/111 150/441/111
f 151/448/112 152/447/112 150/446/112 149/445/112
f 150/452/113 145/451/113 146/450/113 149/449/113
f 151/456/114 148/455/114 147/454/114 152/453/114
o cube
v -0.3001880108708517 -0.09641027187114073 0.03124999999999998
v -0.47833096468204284 -0.0036749198290730173 -0.05193864296776089
v -0.3001880108708517 -0.09641027187114073 0.03124999999999998
v -0.47833096468204284 -0.0036749198290730173 -0.05193864296776089
v -0.3779549429403395 0.18914562391320844 -0.05193864296776084
v -0.19981198912914833 0.09641027187114073 0.03125000000000002
v -0.3779549429403395 0.18914562391320844 -0.05193864296776084
v -0.19981198912914833 0.09641027187114073 0.03125000000000002
vt 0 1
vt 1 1
vt 1 1
vt 0 1
vt 0 1
vt 1 1
vt 1 1
vt 0 1
vt 0 1
vt 1 1
vt 1 1
vt 0 1
vt 0 1
vt 1 1
vt 1 1
vt 0 1
vt 0 1
vt 1 1
vt 1 0
vt 0 0
vt 0 1
vt 0 1
vt 0 1
vt 0 1
vn -0.8194911538891425 0.4266000929333179 -0.3826834323650896
vn -0.4617486132350338 -0.8870108331782219 0
vn 0.8194911538891425 -0.4266000929333179 0.3826834323650896
vn 0.4617486132350338 0.8870108331782219 0
vn 0.33944435018565994 -0.17670354420260276 -0.9238795325112867
vn -0.33944435018565994 0.17670354420260276 0.9238795325112867
g Tuft
f 156/460/115 159/459/115 157/458/115 154/457/115
f 155/464/116 156/463/116 154/462/116 153/461/116
f 160/468/117 155/467/117 153/466/117 158/465/117
f 159/472/118 160/471/118 158/470/118 157/469/118
f 158/476/119 153/475/119 154/474/119 157/473/119
f 159/480/120 156/479/120 155/478/120 160/477/120
o cube
v -0.1535897281288593 -0.050188010870851715 0.03124999999999999
v -0.24632508017092702 -0.22833096468204284 -0.05193864296776095
v -0.1535897281288593 -0.050188010870851715 0.03124999999999999
v -0.24632508017092702 -0.22833096468204284 -0.05193864296776095
v -0.43914562391320844 -0.12795494294033938 -0.05193864296776092
v -0.3464102718711407 0.050188010870851715 0.031250000000000014
v -0.43914562391320844 -0.12795494294033938 -0.05193864296776092
v -0.3464102718711407 0.050188010870851715 0.031250000000000014
vt 0 1
vt 1 1
vt 1 1
vt 0 1
vt 0 1
vt 1 1
vt 1 1
vt 0 1
vt 0 1
vt 1 1
vt 1 1
vt 0 1
vt 0 1
vt 1 1
vt 1 1
vt 0 1
vt 0 1
vt 1 1
vt 1 0
vt 0 0
vt 0 1
vt 0 1
vt 0 1
vt 0 1
vn -0.4266000929333182 -0.8194911538891425 -0.38268343236509
vn 0.8870108331782218 -0.46174861323503397 0
vn 0.4266000929333182 0.8194911538891425 0.38268343236509
vn -0.8870108331782218 0.46174861323503397 0
vn 0.1767035442026031 0.33944435018566016 -0.9238795325112868
vn -0.1767035442026031 -0.33944435018566016 0.9238795325112868
g Tuft
f 164/484/121 167/483/121 165/482/121 162/481/121
f 163/488/122 164/487/122 162/486/122 161/485/122
f 168/492/123 163/491/123 161/490/123 166/489/123
f 167/496/124 168/495/124 166/494/124 165/493/124
f 166/500/125 161/499/125 162/498/125 165/497/125
f 167/504/126 164/503/126 163/502/126 168/501/126
o cube
v -0.19981198912914827 0.09641027187114071 0.03125000000000002
v -0.021669035317957164 0.003674919829072948 -0.05193864296776089
v -0.19981198912914827 0.09641027187114071 0.03125000000000002
v -0.021669035317957164 0.003674919829072948 -0.05193864296776089
v -0.12204505705966062 -0.18914562391320847 -0.05193864296776095
v -0.30018801087085173 -0.09641027187114071 0.03124999999999998
v -0.12204505705966062 -0.18914562391320847 -0.05193864296776095
v -0.30018801087085173 -0.09641027187114071 0.03124999999999998
vt 0 1
vt 1 1
vt 1 1
vt 0 1
vt 0 1
vt 1 1
vt 1 1
vt 0 1
vt 0 1
vt 1 1
vt 1 1
vt 0 1
vt 0 1
vt 1 1
vt 1 1
vt 0 1
vt 0 1
vt 1 1
vt 1 0
vt 0 0
vt 0 1
vt 0 1
vt 0 1
vt 0 1
vn 0.8194911538891423 -0.42660009293331824 -0.3826834323650898
vn 0.4617486132350342 0.8870108331782217 0
vn -0.8194911538891423 0.42660009293331824 0.3826834323650898
vn -0.4617486132350342 -0.8870108331782217 0
vn -0.3394443501856599 0.1767035442026034 -0.9238795325112868
vn 0.3394443501856599 -0.1767035442026034 0.9238795325112868
g Tuft
f 172/508/127 175/507/127 173/506/127 170/505/127
f 171/512/128 172/511/128 170/510/128 169/509/128
f 176/516/129 171/515/129 169/514/129 174/513/129
f 175/520/130 176/519/130 174/518/130 173/517/130
f 174/524/131 169/523/131 170/522/131 173/521/131
f 175/528/132 172/527/132 171/526/132 176/525/132
o cube
v -0.3464102718711407 0.05018801087085172 0.031250000000000014
v -0.253674919829073 0.22833096468204286 -0.05193864296776084
v -0.3464102718711407 0.05018801087085172 0.031250000000000014
v -0.253674919829073 0.22833096468204286 -0.05193864296776084
v -0.060854376086791534 0.1279549429403394 -0.051938642967760865
v -0.1535897281288593 -0.05018801087085172 0.03124999999999999
v -0.060854376086791534 0.1279549429403394 -0.051938642967760865
v -0.1535897281288593 -0.05018801087085172 0.03124999999999999
vt 0 1
vt 1 1
vt 1 1
vt 0 1
vt 0 1
vt 1 1
vt 1 1
vt 0 1
vt 0 1
vt 1 1
vt 1 1
vt 0 1
vt 0 1
vt 1 1
vt 1 1
vt 0 1
vt 0 1
vt 1 1
vt 1 0
vt 0 0
vt 0 1
vt 0 1
vt 0 1
vt 0 1
vn 0.4266000929333183 0.8194911538891426 -0.38268343236508956
vn -0.8870108331782216 0.461748613235034 0
vn -0.4266000929333183 -0.8194911538891426 0.38268343236508956
vn 0.8870108331782216 -0.461748613235034 0
vn -0.17670354420260315 -0.3394443501856597 -0.923879532511287
vn 0.17670354420260315 0.3394443501856597 0.923879532511287
g Tuft
f 180/532/133 183/531/133 181/530/133 178/529/133
f 179/536/134 180/535/134 178/534/134 177/533/134
f 184/540/135 179/539/135 177/538/135 182/537/135
f 183/544/136 184/543/136 182/542/136 181/541/136
f 182/548/137 177/547/137 178/546/137 181/545/137
f 183/552/138 180/551/138 179/550/138 184/549/138
o cube
v -0.3001880108708517 -0.09641027187114073 0.03124999999999998
v -0.47833096468204284 -0.0036749198290730173 -0.05193864296776089
v -0.3001880108708517 -0.09641027187114073 0.03124999999999998
v -0.47833096468204284 -0.0036749198290730173 -0.05193864296776089
v -0.3779549429403395 0.18914562391320844 -0.05193864296776084
v -0.19981198912914833 0.09641027187114073 0.03125000000000002
v -0.3779549429403395 0.18914562391320844 -0.05193864296776084
v -0.19981198912914833 0.09641027187114073 0.03125000000000002
vt 0 1
vt 1 1
vt 1 1
vt 0 1
vt 0 1
vt 1 1
vt 1 1
vt 0 1
vt 0 1
vt 1 1
vt 1 1
vt 0 1
vt 0 1
vt 1 1
vt 1 1
vt 0 1
vt 0 1
vt 1 1
vt 1 0
vt 0 0
vt 0 1
vt 0 1
vt 0 1
vt 0 1
vn -0.8194911538891425 0.4266000929333179 -0.3826834323650896
vn -0.4617486132350338 -0.8870108331782219 0
vn 0.8194911538891425 -0.4266000929333179 0.3826834323650896
vn 0.4617486132350338 0.8870108331782219 0
vn 0.33944435018565994 -0.17670354420260276 -0.9238795325112867
vn -0.33944435018565994 0.17670354420260276 0.9238795325112867
g Tuft
f 188/556/139 191/555/139 189/554/139 186/553/139
f 187/560/140 188/559/140 186/558/140 185/557/140
f 192/564/141 187/563/141 185/562/141 190/561/141
f 191/568/142 192/567/142 190/566/142 189/565/142
f 190/572/143 185/571/143 186/570/143 189/569/143
f 191/576/144 188/575/144 187/574/144 192/573/144
