# Made in Blockbench 4.12.3

o cube
v -0.18013343590663344 0.16279080521218925 0.2195989198545495
v -0.23620597188704473 0.15550751843579486 0.17322985616486208
v 0.0544892151942592 0.11078274775099523 -0.055953278783933635
v -0.001583320786152087 0.10349946097460083 -0.10232234247362104
v -0.2373126775123301 0.08349345149677717 0.18587955934563422
v -0.1812401415319188 0.09077673827317156 0.23224862303532162
v -0.0026900264114374517 0.03148539403558315 -0.08967263929284885
v 0.053382509568973835 0.03876868081197754 -0.04330357560316145
vt 0 1
vt 0.1125 1
vt 0.1125 0.4375
vt 0 0.4375
vt 0 1
vt 0.1125 1
vt 0.1125 0.4375
vt 0 0.4375
vt 0 1
vt 0.1125 1
vt 0.1125 0.4375
vt 0 0.4375
vt 0 1
vt 0.1125 1
vt 0.1125 0.4375
vt 0 0.4375
vt 0 1
vt 0.1125 1
vt 0.1125 0.8875
vt 0 0.8875
vt 0 1
vt 0.1125 1
vt 0.1125 0.8875
vt 0 0.8875
vn -0.7668039108432311 -0.09960050292505121 -0.6341068538760665
vn 0.015134435901338467 0.9848077530122081 -0.17298739392508938
vn 0.7668039108432311 0.09960050292505121 0.6341068538760665
vn -0.015134435901338467 -0.9848077530122081 0.17298739392508938
vn -0.6417029773699621 0.14224425972292404 0.7536470390112358
vn 0.6417029773699621 -0.14224425972292404 -0.7536470390112358
g Side
f 4/4/1 7/3/1 5/2/1 2/1/1
f 3/8/2 4/7/2 2/6/2 1/5/2
f 8/12/3 3/11/3 1/10/3 6/9/3
f 7/16/4 8/15/4 6/14/4 5/13/4
f 6/20/5 1/19/5 2/18/5 5/17/5
f 7/24/6 4/23/6 3/22/6 8/21/6
o cube
v 0.024110175638190845 0.09977105757257174 -0.06258912352579005
v -0.028489213883244463 0.10136354930494385 -0.05812500566168377
v -0.0082329088987802 0.03724550012084793 -0.42137334861516806
v -0.060832298420215536 0.038837991853220066 -0.4169092307510618
v -0.029288501279283896 0.04935338984898663 -0.04898910892001496
v 0.02331088824215144 0.04776089811661449 -0.05345322678412123
v -0.06163158581625494 -0.01317216760273715 -0.407773334009393
v -0.009032196294819606 -0.014764659335109287 -0.41223745187349925
vt 0 1
vt 0.08125 1
vt 0.08125 0.4375
vt 0 0.4375
vt 0 1
vt 0.08125 1
vt 0.08125 0.4375
vt 0 0.4375
vt 0 1
vt 0.08125 1
vt 0.08125 0.4375
vt 0 0.4375
vt 0 1
vt 0.08125 1
vt 0.08125 0.4375
vt 0 0.4375
vt 0 1
vt 0.08125 1
vt 0.08125 0.91875
vt 0 0.91875
vt 0 1
vt 0.08125 1
vt 0.08125 0.91875
vt 0 0.91875
vn -0.9959647720035115 0.030153689607045748 0.08452767553337376
vn 0.015134435901338663 0.9848077530122081 -0.1729873939250894
vn 0.9959647720035115 -0.030153689607045748 -0.08452767553337376
vn -0.015134435901338663 -0.9848077530122081 0.1729873939250894
vn 0.08845971839171583 0.17101007166283422 0.981290188278641
vn -0.08845971839171583 -0.17101007166283422 -0.981290188278641
g Side
f 12/28/7 15/27/7 13/26/7 10/25/7
f 11/32/8 12/31/8 10/30/8 9/29/8
f 16/36/9 11/35/9 9/34/9 14/33/9
f 15/40/10 16/39/10 14/38/10 13/37/10
f 14/44/11 9/43/11 10/42/11 13/41/11
f 15/48/12 12/47/12 11/46/12 16/45/12
o cube
v 0.005822781747898591 0.12984174535862514 -0.02611958670881138
v 0.009138527601111278 0.09589460927924916 -0.0664402754144278
v 0.3146741533755468 0.2913098795400054 -0.13666601366465742
v 0.3179898992287595 0.25736274346062943 -0.1769867023702738
v 0.03720893026275377 0.06283736167600887 -0.03630008577399406
v 0.03389318440954108 0.09678449775538484 0.004020602931622361
v 0.346060301890402 0.22430549585738913 -0.14684651272984006
v 0.3427445560371893 0.25825263193676506 -0.10652582402422366
vt 0 1
vt 0.08125 1
vt 0.08125 0.4375
vt 0 0.4375
vt 0 1
vt 0.08125 1
vt 0.08125 0.4375
vt 0 0.4375
vt 0 1
vt 0.08125 1
vt 0.08125 0.4375
vt 0 0.4375
vt 0 1
vt 0.08125 1
vt 0.08125 0.4375
vt 0 0.4375
vt 0 1
vt 0.08125 1
vt 0.08125 0.91875
vt 0 0.91875
vt 0 1
vt 0.08125 1
vt 0.08125 0.91875
vt 0 0.91875
vn 0.06278335343361287 -0.6427860086035697 -0.7634686618814958
vn -0.5315105829423438 0.6259360492921248 -0.570701815676853
vn -0.06278335343361287 0.6427860086035697 0.7634686618814958
vn 0.5315105829423438 -0.6259360492921248 0.570701815676853
vn -0.8447217001781829 -0.4416222473336897 0.3023492019305189
vn 0.8447217001781829 0.4416222473336897 -0.3023492019305189
g Side
f 20/52/13 23/51/13 21/50/13 18/49/13
f 19/56/14 20/55/14 18/54/14 17/53/14
f 24/60/15 19/59/15 17/58/15 22/57/15
f 23/64/16 24/63/16 22/62/16 21/61/16
f 22/68/17 17/67/17 18/66/17 21/65/17
f 23/72/18 20/71/18 19/70/18 24/69/18
o cube
v 0.31467408627316845 0.2913099446319106 -0.1366661508705458
v 0.2854733205358131 0.25081371935134905 -0.1538862314344714
v 0.5492967373740609 0.2393018871707166 -0.41221834950902886
v 0.5200959716367056 0.19880566189015497 -0.42943843007295446
v 0.3135437231974556 0.21775647174810875 -0.12374604179403766
v 0.34274448893481096 0.2582526970286704 -0.10652596123011206
v 0.5481663742983481 0.1657484142869147 -0.3992982404325207
v 0.5773671400357034 0.2062446395674763 -0.3820781598685951
vt 0 1
vt 0.08125 1
vt 0.08125 0.4375
vt 0 0.4375
vt 0 1
vt 0.08125 1
vt 0.08125 0.4375
vt 0 0.4375
vt 0 1
vt 0.08125 1
vt 0.08125 0.4375
vt 0 0.4375
vt 0 1
vt 0.08125 1
vt 0.08125 0.4375
vt 0 0.4375
vt 0 1
vt 0.08125 1
vt 0.08125 0.91875
vt 0 0.91875
vt 0 1
vt 0.08125 1
vt 0.08125 0.91875
vt 0 0.91875
vn -0.5529139074528833 -0.7667924313479132 -0.3260606970684146
vn -0.5315105829423439 0.6259360492921248 -0.570701815676853
vn 0.5529139074528833 0.7667924313479132 0.3260606970684146
vn 0.5315105829423439 -0.6259360492921248 0.570701815676853
vn -0.6417029773699622 0.1422442597229241 0.7536470390112356
vn 0.6417029773699622 -0.1422442597229241 -0.7536470390112356
g Side
f 28/76/19 31/75/19 29/74/19 26/73/19
f 27/80/20 28/79/20 26/78/20 25/77/20
f 32/84/21 27/83/21 25/82/21 30/81/21
f 31/88/22 32/87/22 30/86/22 29/85/22
f 30/92/23 25/91/23 26/90/23 29/89/23
f 31/96/24 28/95/24 27/94/24 32/93/24
o cube
v -0.4335581011432913 0.1274368750000004 -0.26134970484663256
v -0.3284668043201324 0.12743687500000037 -0.30487994527816153
v -0.16926735566615125 0.12743687500000023 0.37670459729397465
v -0.06417605884299238 0.1274368750000002 0.3331743568624457
v -0.3284668043201325 0.013686875000000376 -0.30487994527816153
v -0.43355810114329135 0.013686875000000404 -0.26134970484663256
v -0.06417605884299243 0.01368687500000021 0.3331743568624457
v -0.1692673556661513 0.013686875000000237 0.37670459729397465
vt 0 1
vt 0.175 1
vt 0.175 0
vt 0 0
vt 0 1
vt 0.175 1
vt 0.175 0
vt 0 0
vt 0 1
vt 0.175 1
vt 0.175 0
vt 0 0
vt 0 1
vt 0.175 1
vt 0.175 0
vt 0 0
vt 0 1
vt 0.175 1
vt 0.175 0.825
vt 0 0.825
vt 0 1
vt 0.175 1
vt 0.175 0.825
vt 0 0.825
vn 0.9238795325112867 0 -0.3826834323650898
vn 0 1 0
vn -0.9238795325112867 0 0.3826834323650898
vn 0 -1 0
vn -0.38268343236508967 0 -0.9238795325112868
vn 0.38268343236508967 0 0.9238795325112868
g Side
f 36/100/25 39/99/25 37/98/25 34/97/25
f 35/104/26 36/103/26 34/102/26 33/101/26
f 40/108/27 35/107/27 33/106/27 38/105/27
f 39/112/28 40/111/28 38/110/28 37/109/28
f 38/116/29 33/115/29 34/114/29 37/113/29
f 39/120/30 36/119/30 35/118/30 40/117/30
o cube
v -0.047075568921813415 0.10712437500000024 0.23383068713627164
v -0.019091842930116176 0.10712437500000024 0.16627199632138379
v 0.5909787332187942 0.10712437500000013 0.4981214326134118
v 0.6189624592104914 0.10712437500000013 0.43056274179852394
v -0.019091842930116176 0.03399937500000014 0.16627199632138379
v -0.047075568921813415 0.03399937500000012 0.23383068713627164
v 0.6189624592104914 0.033999375000000026 0.43056274179852394
v 0.5909787332187942 0.03399937500000001 0.4981214326134118
vt 0 1
vt 0.1125 1
vt 0.1125 0
vt 0 0
vt 0 1
vt 0.1125 1
vt 0.1125 0
vt 0 0
vt 0 1
vt 0.1125 1
vt 0.1125 0
vt 0 0
vt 0 1
vt 0.1125 1
vt 0.1125 0
vt 0 0
vt 0 1
vt 0.1125 1
vt 0.1125 0.8875
vt 0 0.8875
vt 0 1
vt 0.1125 1
vt 0.1125 0.8875
vt 0 0.8875
vn 0.3826834323650898 0 -0.923879532511287
vn 0 1 0
vn -0.3826834323650898 0 0.923879532511287
vn 0 -1 0
vn -0.9238795325112867 0 -0.3826834323650898
vn 0.9238795325112867 0 0.3826834323650898
g Side
f 44/124/31 47/123/31 45/122/31 42/121/31
f 43/128/32 44/127/32 42/126/32 41/125/32
f 48/132/33 43/131/33 41/130/33 46/129/33
f 47/136/34 48/135/34 46/134/34 45/133/34
f 46/140/35 41/139/35 42/138/35 45/137/35
f 47/144/36 44/143/36 43/142/36 48/141/36
o cube
v 0.05058385820239425 0.1006221923146847 0.30826478040265204
v 0.07079432697417554 0.1006221923146847 0.2594723925918998
v 0.18328165932265117 0.24425325724320215 0.36323000932375016
v 0.2034921280944325 0.24425325724320215 0.3144376215129979
v 0.10529575526544244 0.06327811543327014 0.27376335211138536
v 0.08508528649366115 0.06327811543327014 0.3225557399221375
v 0.2379935563856994 0.2069091803617876 0.3287285810324835
v 0.21778308761391818 0.2069091803617876 0.3775209688432357
vt 0 1
vt 0.08125 1
vt 0.08125 0.6875
vt 0 0.6875
vt 0 1
vt 0.08125 1
vt 0.08125 0.6875
vt 0 0.6875
vt 0 1
vt 0.08125 1
vt 0.08125 0.6875
vt 0 0.6875
vt 0 1
vt 0.08125 1
vt 0.08125 0.6875
vt 0 0.6875
vt 0 1
vt 0.08125 1
vt 0.08125 0.91875
vt 0 0.91875
vt 0 1
vt 0.08125 1
vt 0.08125 0.91875
vt 0 0.91875
vn 0.38268343236509 0 -0.9238795325112867
vn -0.6532814824381881 0.7071067811865476 -0.2705980500730987
vn -0.38268343236509 0 0.9238795325112867
vn 0.6532814824381881 -0.7071067811865476 0.2705980500730987
vn -0.6532814824381883 -0.7071067811865474 -0.2705980500730986
vn 0.6532814824381883 0.7071067811865474 0.2705980500730986
g Side
f 52/148/37 55/147/37 53/146/37 50/145/37
f 51/152/38 52/151/38 50/150/38 49/149/38
f 56/156/39 51/155/39 49/154/39 54/153/39
f 55/160/40 56/159/40 54/158/40 53/157/40
f 54/164/41 49/163/41 50/162/41 53/161/41
f 55/168/42 52/167/42 51/166/42 56/165/42
