# Made in Blockbench 4.12.3

o cube
v 0.035625 -0.28347799823842357 -0.08828400716831535
v 0.035625 -0.17431666509396923 -0.17988124154864724
v 0.035625 -0.28347799823842357 -0.08828400716831535
v 0.035625 -0.17431666509396923 -0.17988124154864724
v 0 -0.17431666509396923 -0.17988124154864724
v 0 -0.28347799823842357 -0.08828400716831535
v 0 -0.17431666509396923 -0.17988124154864724
v 0 -0.28347799823842357 -0.08828400716831535
vt 0 1
vt 0.125 1
vt 0.125 1
vt 0 1
vt 0 1
vt 0.5 1
vt 0.5 1
vt 0 1
vt 0 1
vt 0.125 1
vt 0.125 1
vt 0 1
vt 0 1
vt 0.5 1
vt 0.5 1
vt 0 1
vt 0 0.5
vt 0.0625 0.5
vt 0.0625 0.25
vt 0 0.25
vt 0.125 0.6875
vt 0.1875 0.6875
vt 0.1875 0
vt 0.125 0
vn 0 0.7660444431189779 -0.6427876096865395
vn 1 0 0
vn 0 -0.7660444431189779 0.6427876096865395
vn -1 0 0
vn 0 0.6427876096865395 0.7660444431189779
vn 0 -0.6427876096865395 -0.7660444431189779
g Sporocarp
f 4/4/1 7/3/1 5/2/1 2/1/1
f 3/8/2 4/7/2 2/6/2 1/5/2
f 8/12/3 3/11/3 1/10/3 6/9/3
f 7/16/4 8/15/4 6/14/4 5/13/4
f 6/20/5 1/19/5 2/18/5 5/17/5
f 7/24/6 4/23/6 3/22/6 8/21/6
o cube
v 0.08906249999999999 -0.016298451085216104 -0.13821806430511718
v 0.08906249999999999 -0.016298451085216104 -0.28071806430511725
v 0.08906249999999999 -0.051923451085216066 -0.13821806430511718
v 0.08906249999999999 -0.051923451085216066 -0.28071806430511725
v -0.0534375 -0.016298451085216104 -0.28071806430511725
v -0.0534375 -0.016298451085216104 -0.13821806430511718
v -0.0534375 -0.051923451085216066 -0.28071806430511725
v -0.0534375 -0.051923451085216066 -0.13821806430511718
vt 0.3125 0.625
vt 0.5625 0.625
vt 0.5625 0.5625
vt 0.3125 0.5625
vt 0.25 0.3125
vt 0.25 0.5625
vt 0.3125 0.5625
vt 0.3125 0.3125
vt 0.3125 0.3125
vt 0.5625 0.3125
vt 0.5625 0.25
vt 0.3125 0.25
vt 0.625 0.3125
vt 0.625 0.5625
vt 0.5625 0.5625
vt 0.5625 0.3125
vt 0.3125 0.5625
vt 0.5625 0.5625
vt 0.5625 0.3125
vt 0.3125 0.3125
vt 0.3125 0.9375
vt 0.5625 0.9375
vt 0.5625 0.6875
vt 0.3125 0.6875
vn 0 0 -1
vn 1 0 0
vn 0 0 1
vn -1 0 0
vn 0 1 0
vn 0 -1 0
g Sporocarp
f 12/28/7 15/27/7 13/26/7 10/25/7
f 11/32/8 12/31/8 10/30/8 9/29/8
f 16/36/9 11/35/9 9/34/9 14/33/9
f 15/40/10 16/39/10 14/38/10 13/37/10
f 14/44/11 9/43/11 10/42/11 13/41/11
f 15/48/12 12/47/12 11/46/12 16/45/12
o cube
v 0.035625 -0.17430147644589927 -0.17988873176097053
v 0.035625 -0.035179295431308766 -0.2107313767471501
v 0.035625 -0.17430147644589927 -0.17988873176097053
v 0.035625 -0.035179295431308766 -0.2107313767471501
v 0 -0.035179295431308766 -0.2107313767471501
v 0 -0.17430147644589927 -0.17988873176097053
v 0 -0.035179295431308766 -0.2107313767471501
v 0 -0.17430147644589927 -0.17988873176097053
vt 0 1
vt 0.125 1
vt 0.125 1
vt 0 1
vt 0 1
vt 0.5 1
vt 0.5 1
vt 0 1
vt 0 1
vt 0.125 1
vt 0.125 1
vt 0 1
vt 0 1
vt 0.5 1
vt 0.5 1
vt 0 1
vt 0 1
vt 0.0625 1
vt 0.0625 0.5
vt 0 0.5
vt 0.125 0.6875
vt 0.1875 0.6875
vt 0.1875 0
vt 0.125 0
vn 0 0.9762960071199335 -0.2164396139381023
vn 1 0 0
vn 0 -0.9762960071199335 0.2164396139381023
vn -1 0 0
vn 0 0.2164396139381023 0.9762960071199335
vn 0 -0.2164396139381023 -0.9762960071199335
g Sporocarp
f 20/52/13 23/51/13 21/50/13 18/49/13
f 19/56/14 20/55/14 18/54/14 17/53/14
f 24/60/15 19/59/15 17/58/15 22/57/15
f 23/64/16 24/63/16 22/62/16 21/61/16
f 22/68/17 17/67/17 18/66/17 21/65/17
f 23/72/18 20/71/18 19/70/18 24/69/18
o cube
v 0.16046226841073985 0.054951548914783904 -0.11474774578702875
v 0.19734398233784906 0.054951548914783904 -0.25239217603322095
v 0.16046226841073985 0.019326548914783914 -0.11474774578702875
v 0.19734398233784906 0.019326548914783914 -0.25239217603322095
v 0.05969955209165682 0.054951548914783904 -0.2892738899603302
v 0.022817838164547608 0.054951548914783904 -0.15162945971413794
v 0.05969955209165682 0.019326548914783914 -0.2892738899603302
v 0.022817838164547608 0.019326548914783914 -0.15162945971413794
vt 0.3125 0.625
vt 0.5625 0.625
vt 0.5625 0.5625
vt 0.3125 0.5625
vt 0.25 0.3125
vt 0.25 0.5625
vt 0.3125 0.5625
vt 0.3125 0.3125
vt 0.3125 0.3125
vt 0.5625 0.3125
vt 0.5625 0.25
vt 0.3125 0.25
vt 0.625 0.3125
vt 0.625 0.5625
vt 0.5625 0.5625
vt 0.5625 0.3125
vt 0.3125 0.5625
vt 0.5625 0.5625
vt 0.5625 0.3125
vt 0.3125 0.3125
vt 0.3125 0.9375
vt 0.5625 0.9375
vt 0.5625 0.6875
vt 0.3125 0.6875
vn 0.25881904510252074 0 -0.9659258262890683
vn 0.9659258262890683 0 0.25881904510252074
vn -0.25881904510252074 0 0.9659258262890683
vn -0.9659258262890683 0 -0.25881904510252074
vn 0 1 0
vn 0 -1 0
g Sporocarp
f 28/76/19 31/75/19 29/74/19 26/73/19
f 27/80/20 28/79/20 26/78/20 25/77/20
f 32/84/21 27/83/21 25/82/21 30/81/21
f 31/88/22 32/87/22 30/86/22 29/85/22
f 30/92/23 25/91/23 26/90/23 29/89/23
f 31/96/24 28/95/24 27/94/24 32/93/24
o cube
v 0.095921722082176 -0.21222799823842356 -0.08034579310986383
v 0.11962883081852527 -0.10306666509396925 -0.16882192741447932
v 0.095921722082176 -0.21222799823842356 -0.08034579310986383
v 0.11962883081852527 -0.10306666509396925 -0.16882192741447932
v 0.08521772325697718 -0.10306666509396925 -0.17804235589625667
v 0.061510614520627914 -0.21222799823842356 -0.08956622159164113
v 0.08521772325697718 -0.10306666509396925 -0.17804235589625667
v 0.061510614520627914 -0.21222799823842356 -0.08956622159164113
vt 0 1
vt 0.125 1
vt 0.125 1
vt 0 1
vt 0 1
vt 0.5 1
vt 0.5 1
vt 0 1
vt 0 1
vt 0.125 1
vt 0.125 1
vt 0 1
vt 0 1
vt 0.5 1
vt 0.5 1
vt 0 1
vt 0 0.5
vt 0.0625 0.5
vt 0.0625 0.25
vt 0 0.25
vt 0.125 0.6875
vt 0.1875 0.6875
vt 0.1875 0
vt 0.125 0
vn 0.16636567534280194 0.7660444431189779 -0.6208851530148458
vn 0.9659258262890683 0 0.25881904510252074
vn -0.16636567534280194 -0.7660444431189779 0.6208851530148458
vn -0.9659258262890683 0 -0.25881904510252074
vn -0.19826689127414612 0.6427876096865396 0.7399421116938479
vn 0.19826689127414612 -0.6427876096865396 -0.7399421116938479
g Sporocarp
f 36/100/25 39/99/25 37/98/25 34/97/25
f 35/104/26 36/103/26 34/102/26 33/101/26
f 40/108/27 35/107/27 33/106/27 38/105/27
f 39/112/28 40/111/28 38/110/28 37/109/28
f 38/116/29 33/115/29 34/114/29 37/113/29
f 39/120/30 36/119/30 35/118/30 40/117/30
o cube
v 0.1196307694281264 -0.10305147644589946 -0.16882916240400675
v 0.12761343335188544 0.036070704568690964 -0.19862086974722262
v 0.1196307694281264 -0.10305147644589946 -0.16882916240400675
v 0.12761343335188544 0.036070704568690964 -0.19862086974722262
v 0.09320232579033735 0.036070704568690964 -0.20784129822899994
v 0.08521966186657831 -0.10305147644589946 -0.17804959088578404
v 0.09320232579033735 0.036070704568690964 -0.20784129822899994
v 0.08521966186657831 -0.10305147644589946 -0.17804959088578404
vt 0 1
vt 0.125 1
vt 0.125 1
vt 0 1
vt 0 1
vt 0.5 1
vt 0.5 1
vt 0 1
vt 0 1
vt 0.125 1
vt 0.125 1
vt 0 1
vt 0 1
vt 0.5 1
vt 0.5 1
vt 0 1
vt 0 1
vt 0.0625 1
vt 0.0625 0.5
vt 0 0.5
vt 0.125 0.6875
vt 0.1875 0.6875
vt 0.1875 0
vt 0.125 0
vn 0.056018694201817876 0.9762960071199336 -0.2090646129348484
vn 0.9659258262890683 0 0.2588190451025207
vn -0.056018694201817876 -0.9762960071199336 0.2090646129348484
vn -0.9659258262890683 0 -0.2588190451025207
vn -0.25268400030018495 0.2164396139381023 0.9430295273800399
vn 0.25268400030018495 -0.2164396139381023 -0.9430295273800399
g Sporocarp
f 44/124/31 47/123/31 45/122/31 42/121/31
f 43/128/32 44/127/32 42/126/32 41/125/32
f 48/132/33 43/131/33 41/130/33 46/129/33
f 47/136/34 48/135/34 46/134/34 45/133/34
f 46/140/35 41/139/35 42/138/35 45/137/35
f 47/144/36 44/143/36 43/142/36 48/141/36
o cube
v -0.09140167893156198 0.1262015489147839 -0.19989030159367582
v -0.19646369942700465 0.1262015489147839 -0.29616190617890736
v -0.09140167893156198 0.0905765489147839 -0.19989030159367582
v -0.19646369942700465 0.0905765489147839 -0.29616190617890736
v -0.2927353040122362 0.1262015489147839 -0.19109988568346475
v -0.18767328351679355 0.1262015489147839 -0.0948282810982332
v -0.2927353040122362 0.0905765489147839 -0.19109988568346475
v -0.18767328351679355 0.0905765489147839 -0.0948282810982332
vt 0.3125 0.625
vt 0.5625 0.625
vt 0.5625 0.5625
vt 0.3125 0.5625
vt 0.25 0.3125
vt 0.25 0.5625
vt 0.3125 0.5625
vt 0.3125 0.3125
vt 0.3125 0.3125
vt 0.5625 0.3125
vt 0.5625 0.25
vt 0.3125 0.25
vt 0.625 0.3125
vt 0.625 0.5625
vt 0.5625 0.5625
vt 0.5625 0.3125
vt 0.3125 0.5625
vt 0.5625 0.5625
vt 0.5625 0.3125
vt 0.3125 0.3125
vt 0.3125 0.9375
vt 0.5625 0.9375
vt 0.5625 0.6875
vt 0.3125 0.6875
vn -0.7372773368101241 0 -0.6755902076156604
vn 0.6755902076156604 0 -0.7372773368101241
vn 0.7372773368101241 0 0.6755902076156604
vn -0.6755902076156604 0 0.7372773368101241
vn 0 1 0
vn 0 -1 0
g Sporocarp
f 52/148/37 55/147/37 53/146/37 50/145/37
f 51/152/38 52/151/38 50/150/38 49/149/38
f 56/156/39 51/155/39 49/154/39 54/153/39
f 55/160/40 56/159/40 54/158/40 53/157/40
f 54/164/41 49/163/41 50/162/41 53/161/41
f 55/168/42 52/167/42 51/166/42 56/165/42
o cube
v -0.09068828198907804 -0.14097799823842366 -0.1267570838797407
v -0.15822084701218186 -0.03181666509396927 -0.18863927847176942
v -0.09068828198907804 -0.14097799823842366 -0.1267570838797407
v -0.15822084701218186 -0.03181666509396927 -0.18863927847176942
v -0.18228874815848972 -0.03181666509396927 -0.16237377334790876
v -0.11475618313538591 -0.14097799823842366 -0.10049157875588005
v -0.18228874815848972 -0.03181666509396927 -0.16237377334790876
v -0.11475618313538591 -0.14097799823842366 -0.10049157875588005
vt 0 1
vt 0.125 1
vt 0.125 1
vt 0 1
vt 0 1
vt 0.5 1
vt 0.5 1
vt 0 1
vt 0 1
vt 0.125 1
vt 0.125 1
vt 0 1
vt 0 1
vt 0.5 1
vt 0.5 1
vt 0 1
vt 0 0.5
vt 0.0625 0.5
vt 0.0625 0.25
vt 0 0.25
vt 0.125 0.6875
vt 0.1875 0.6875
vt 0.1875 0
vt 0.125 0
vn -0.47391273700423736 0.766044443118978 -0.4342610146809033
vn 0.6755902076156602 0 -0.7372773368101241
vn 0.47391273700423736 -0.766044443118978 0.4342610146809033
vn -0.6755902076156602 0 0.7372773368101241
vn 0.5647872069009546 0.6427876096865395 0.5175321243695732
vn -0.5647872069009546 -0.6427876096865395 -0.5175321243695732
g Sporocarp
f 60/172/43 63/171/43 61/170/43 58/169/43
f 59/176/44 60/175/44 58/174/44 57/173/44
f 64/180/45 59/179/45 57/178/45 62/177/45
f 63/184/46 64/183/46 62/182/46 61/181/46
f 62/188/47 57/187/47 58/186/47 61/185/47
f 63/192/48 60/191/48 59/190/48 64/189/48
o cube
v -0.15822636937597562 -0.031801476445899354 -0.188644338785868
v -0.18096595253156625 0.10732070456869129 -0.20948132771549718
v -0.15822636937597562 -0.031801476445899354 -0.188644338785868
v -0.18096595253156625 0.10732070456869129 -0.20948132771549718
v -0.20503385367787416 0.10732070456869129 -0.1832158225916365
v -0.18229427052228353 -0.031801476445899354 -0.1623788336620073
v -0.20503385367787416 0.10732070456869129 -0.1832158225916365
v -0.18229427052228353 -0.031801476445899354 -0.1623788336620073
vt 0 1
vt 0.125 1
vt 0.125 1
vt 0 1
vt 0 1
vt 0.5 1
vt 0.5 1
vt 0 1
vt 0 1
vt 0.125 1
vt 0.125 1
vt 0 1
vt 0 1
vt 0.5 1
vt 0.5 1
vt 0 1
vt 0 1
vt 0.0625 1
vt 0.0625 0.5
vt 0 0.5
vt 0.125 0.6875
vt 0.1875 0.6875
vt 0.1875 0
vt 0.125 0
vn -0.15957602214449548 0.9762960071199336 -0.1462244837166959
vn 0.6755902076156604 0 -0.7372773368101241
vn 0.15957602214449548 -0.9762960071199336 0.1462244837166959
vn -0.6755902076156604 0 0.7372773368101241
vn 0.7198009200677425 0.21643961393810235 0.6595760221444961
vn -0.7198009200677425 -0.21643961393810235 -0.6595760221444961
g Sporocarp
f 68/196/49 71/195/49 69/194/49 66/193/49
f 67/200/50 68/199/50 66/198/50 65/197/50
f 72/204/51 67/203/51 65/202/51 70/201/51
f 71/208/52 72/207/52 70/206/52 69/205/52
f 70/212/53 65/211/53 66/210/53 69/209/53
f 71/216/54 68/215/54 67/214/54 72/213/54
o cube
v 0.0895144234873967 0.16182654891478393 -0.1343215019730975
v 0.09573018618695708 0.16182654891478393 -0.2766858735485122
v 0.0895144234873967 0.1262015489147839 -0.1343215019730975
v 0.09573018618695708 0.1262015489147839 -0.2766858735485122
v -0.04663418538845762 0.16182654891478393 -0.2829016362480726
v -0.052849948088018 0.16182654891478393 -0.14053726467265787
v -0.04663418538845762 0.1262015489147839 -0.2829016362480726
v -0.052849948088018 0.1262015489147839 -0.14053726467265787
vt 0.3125 0.625
vt 0.5625 0.625
vt 0.5625 0.5625
vt 0.3125 0.5625
vt 0.25 0.3125
vt 0.25 0.5625
vt 0.3125 0.5625
vt 0.3125 0.3125
vt 0.3125 0.3125
vt 0.5625 0.3125
vt 0.5625 0.25
vt 0.3125 0.25
vt 0.625 0.3125
vt 0.625 0.5625
vt 0.5625 0.5625
vt 0.5625 0.3125
vt 0.3125 0.5625
vt 0.5625 0.5625
vt 0.5625 0.3125
vt 0.3125 0.3125
vt 0.3125 0.9375
vt 0.5625 0.9375
vt 0.5625 0.6875
vt 0.3125 0.6875
vn 0.043619387365336 0 -0.9990482215818578
vn 0.9990482215818578 0 0.043619387365336
vn -0.043619387365336 0 0.9990482215818578
vn -0.9990482215818578 0 -0.043619387365336
vn 0 1 0
vn 0 -1 0
g Sporocarp
f 76/220/55 79/219/55 77/218/55 74/217/55
f 75/224/56 76/223/56 74/222/56 73/221/56
f 80/228/57 75/227/57 73/226/57 78/225/57
f 79/232/58 80/231/58 78/230/58 77/229/58
f 78/236/59 73/235/59 74/234/59 77/233/59
f 79/240/60 76/239/60 75/238/60 80/237/60
o cube
v 0.03394969116564321 -0.10535299823842362 -0.08676588200654392
v 0.03794510641367238 0.003808334906030747 -0.17827593611603107
v 0.03394969116564321 -0.10535299823842362 -0.08676588200654392
v 0.03794510641367238 0.003808334906030747 -0.17827593611603107
v 0.0023540135198187057 0.003808334906030747 -0.17982987679092116
v -0.001641401728210463 -0.10535299823842362 -0.08831982268143401
v 0.0023540135198187057 0.003808334906030747 -0.17982987679092116
v -0.001641401728210463 -0.10535299823842362 -0.08831982268143401
vt 0 1
vt 0.125 1
vt 0.125 1
vt 0 1
vt 0 1
vt 0.5 1
vt 0.5 1
vt 0 1
vt 0 1
vt 0.125 1
vt 0.125 1
vt 0 1
vt 0 1
vt 0.5 1
vt 0.5 1
vt 0 1
vt 0 0.5
vt 0.0625 0.5
vt 0.0625 0.25
vt 0 0.25
vt 0.125 0.6875
vt 0.1875 0.6875
vt 0.1875 0
vt 0.125 0
vn 0.028038001740555568 0.7660444431189779 -0.6421758183121906
vn 0.9990482215818578 0 0.043619387365336
vn -0.028038001740555568 -0.7660444431189779 0.6421758183121906
vn -0.9990482215818578 0 -0.043619387365336
vn -0.0334143893034698 0.6427876096865397 0.7653153385506796
vn 0.0334143893034698 -0.6427876096865397 -0.7653153385506796
g Sporocarp
f 84/244/61 87/243/61 85/242/61 82/241/61
f 83/248/62 84/247/62 82/246/62 81/245/62
f 88/252/63 83/251/63 81/250/63 86/249/63
f 87/256/64 88/255/64 86/254/64 85/253/64
f 86/260/65 81/259/65 82/258/65 85/257/65
f 87/264/66 84/263/66 83/262/66 88/261/66
o cube
v 0.03794543313214516 0.003823523554100733 -0.17828341919933202
v 0.039290770411168865 0.14294570456869132 -0.20909670882165532
v 0.03794543313214516 0.003823523554100733 -0.17828341919933202
v 0.039290770411168865 0.14294570456869132 -0.20909670882165532
v 0.0036996775173151935 0.14294570456869132 -0.21065064949654544
v 0.0023543402382914876 0.003823523554100733 -0.1798373598742221
v 0.0036996775173151935 0.14294570456869132 -0.21065064949654544
v 0.0023543402382914876 0.003823523554100733 -0.1798373598742221
vt 0 1
vt 0.125 1
vt 0.125 1
vt 0 1
vt 0 1
vt 0.5 1
vt 0.5 1
vt 0 1
vt 0 1
vt 0.125 1
vt 0.125 1
vt 0 1
vt 0 1
vt 0.5 1
vt 0.5 1
vt 0 1
vt 0 1
vt 0.0625 1
vt 0.0625 0.5
vt 0 0.5
vt 0.125 0.6875
vt 0.1875 0.6875
vt 0.1875 0
vt 0.125 0
vn 0.009440963361569861 0.9762960071199335 -0.21623361138472497
vn 0.9990482215818579 0 0.04361938736533601
vn -0.009440963361569861 -0.9762960071199335 0.21623361138472497
vn -0.9990482215818579 0 -0.04361938736533601
vn -0.04258543371779521 0.2164396139381023 0.9753667896506383
vn 0.04258543371779521 -0.2164396139381023 -0.9753667896506383
g Sporocarp
f 92/268/67 95/267/67 93/266/67 90/265/67
f 91/272/68 92/271/68 90/270/68 89/269/68
f 96/276/69 91/275/69 89/274/69 94/273/69
f 95/280/70 96/279/70 94/278/70 93/277/70
f 94/284/71 89/283/71 90/282/71 93/281/71
f 95/288/72 92/287/72 91/286/72 96/285/72
o cube
v 0.013038298506939355 0.0905765489147839 -0.15720306441113968
v -0.017804346479240306 0.0905765489147839 -0.2963252454257302
v 0.013038298506939355 0.054951548914783904 -0.15720306441113968
v -0.017804346479240306 0.054951548914783904 -0.2963252454257302
v -0.15692652749383082 0.0905765489147839 -0.2654826004395505
v -0.12608388250765118 0.0905765489147839 -0.12636041942496
v -0.15692652749383082 0.054951548914783904 -0.2654826004395505
v -0.12608388250765118 0.054951548914783904 -0.12636041942496
vt 0.3125 0.625
vt 0.5625 0.625
vt 0.5625 0.5625
vt 0.3125 0.5625
vt 0.25 0.3125
vt 0.25 0.5625
vt 0.3125 0.5625
vt 0.3125 0.3125
vt 0.3125 0.3125
vt 0.5625 0.3125
vt 0.5625 0.25
vt 0.3125 0.25
vt 0.625 0.3125
vt 0.625 0.5625
vt 0.5625 0.5625
vt 0.5625 0.3125
vt 0.3125 0.5625
vt 0.5625 0.5625
vt 0.5625 0.3125
vt 0.3125 0.3125
vt 0.3125 0.9375
vt 0.5625 0.9375
vt 0.5625 0.6875
vt 0.3125 0.6875
vn -0.21643961393810288 0 -0.9762960071199334
vn 0.9762960071199334 0 -0.21643961393810288
vn 0.21643961393810288 0 0.9762960071199334
vn -0.9762960071199334 0 0.21643961393810288
vn 0 1 0
vn 0 -1 0
g Sporocarp
f 100/292/73 103/291/73 101/290/73 98/289/73
f 99/296/74 100/295/74 98/294/74 97/293/74
f 104/300/75 99/299/75 97/298/75 102/297/75
f 103/304/76 104/303/76 102/302/76 101/301/76
f 102/308/77 97/307/77 98/306/77 101/305/77
f 103/312/78 100/311/78 99/310/78 104/309/78
o cube
v -0.028324811324479518 -0.17660299823842357 -0.09688665193936405
v -0.04815008137155647 -0.06744166509396923 -0.18631266612811073
v -0.028324811324479518 -0.17660299823842357 -0.09688665193936405
v -0.04815008137155647 -0.06744166509396923 -0.18631266612811073
v -0.08293062662520409 -0.06744166509396923 -0.1786020048815658
v -0.06310535657812713 -0.17660299823842357 -0.08917599069281913
v -0.08293062662520409 -0.06744166509396923 -0.1786020048815658
v -0.06310535657812713 -0.17660299823842357 -0.08917599069281913
vt 0 1
vt 0.125 1
vt 0.125 1
vt 0 1
vt 0 1
vt 0.5 1
vt 0.5 1
vt 0 1
vt 0 1
vt 0.125 1
vt 0.125 1
vt 0 1
vt 0 1
vt 0.5 1
vt 0.5 1
vt 0 1
vt 0 0.5
vt 0.0625 0.5
vt 0.0625 0.25
vt 0 0.25
vt 0.125 0.6875
vt 0.1875 0.6875
vt 0.1875 0
vt 0.125 0
vn -0.13912470208475056 0.7660444431189779 -0.6275509767631346
vn 0.9762960071199334 0 -0.2164396139381029
vn 0.13912470208475056 -0.7660444431189779 0.6275509767631346
vn -0.9762960071199334 0 0.2164396139381029
vn 0.16580236352810063 0.6427876096865396 0.7478861310934711
vn -0.16580236352810063 -0.6427876096865396 -0.7478861310934711
g Sporocarp
f 108/316/79 111/315/79 109/314/79 106/313/79
f 107/320/80 108/319/80 106/318/80 105/317/80
f 112/324/81 107/323/81 105/322/81 110/321/81
f 111/328/82 112/327/82 110/326/82 109/325/82
f 110/332/83 105/331/83 106/330/83 109/329/83
f 111/336/84 108/335/84 107/334/84 112/333/84
o cube
v -0.04815170255022003 -0.06742647644589923 -0.18631997879249443
v -0.054827272723858705 0.07169570456869137 -0.21643152994151918
v -0.04815170255022003 -0.06742647644589923 -0.18631997879249443
v -0.054827272723858705 0.07169570456869137 -0.21643152994151918
v -0.08960781797750632 0.07169570456869137 -0.20872086869497428
v -0.08293224780386764 -0.06742647644589923 -0.1786093175459495
v -0.08960781797750632 0.07169570456869137 -0.20872086869497428
v -0.08293224780386764 -0.06742647644589923 -0.1786093175459495
vt 0 1
vt 0.125 1
vt 0.125 1
vt 0 1
vt 0 1
vt 0.5 1
vt 0.5 1
vt 0 1
vt 0 1
vt 0.125 1
vt 0.125 1
vt 0 1
vt 0 1
vt 0.5 1
vt 0.5 1
vt 0 1
vt 0 1
vt 0.0625 1
vt 0.0625 0.5
vt 0 0.5
vt 0.125 0.6875
vt 0.1875 0.6875
vt 0.1875 0
vt 0.125 0
vn -0.04684610648167489 0.9762960071199335 -0.21130913087034914
vn 0.9762960071199334 0 -0.21643961393810288
vn 0.04684610648167489 -0.9762960071199335 0.21130913087034914
vn -0.9762960071199334 0 0.21643961393810288
vn 0.21130913087034975 0.2164396139381023 0.9531538935183251
vn -0.21130913087034975 -0.2164396139381023 -0.9531538935183251
g Sporocarp
f 116/340/85 119/339/85 117/338/85 114/337/85
f 115/344/86 116/343/86 114/342/86 113/341/86
f 120/348/87 115/347/87 113/346/87 118/345/87
f 119/352/88 120/351/88 118/350/88 117/349/88
f 118/356/89 113/355/89 114/354/89 117/353/89
f 119/360/90 116/359/90 115/358/90 120/357/90
